Timestamp,1_Yaw,1_Pitch,1_Roll,1_Ax,1_Ay,1_Az,2_Yaw,2_Pitch,2_Roll,2_Ax,2_Ay,2_Az,Audio_A5,Audio_A6,Audio_A7
1742505830.4549263,0.0,0.0,0.0,-11.0,-90.0,-24570.0,0.0,-0.0,0.01,-9.0,-151.0,-32760.0,0.0,0.0,0.0
1742505830.4669254,0.0,0.0,0.0,-16.0,-165.0,24585.0,0.0,-0.0,0.01,-14.0,-225.0,16394.0,99.0,124.0,186.0
1742505830.4750438,0.0,0.0,0.0,-21.0,-239.0,8203.0,0.0,-0.0,0.01,-19.0,-298.0,12.0,17.0,7.0,0.0
1742505830.487543,0.0,0.0,0.0,-26.0,-312.0,-8178.0,0.0,-0.0,0.01,-24.0,-370.0,-16368.0,102.0,71.0,104.0
1742505830.4960458,0.0,0.0,0.0,-31.0,-384.0,-24558.0,0.0,-0.0,0.01,-29.0,-442.0,-32748.0,0.0,0.0,0.0
1742505830.5081537,0.0,0.0,0.0,-36.0,-456.0,24597.0,0.0,-0.0,0.01,-34.0,-513.0,16406.0,0.0,0.0,0.0
1742505830.516154,0.0,0.0,0.0,-41.0,-527.0,8215.0,0.0,-0.0,0.01,-39.0,-583.0,24.0,138.0,166.0,145.0
1742505830.528658,0.0,0.0,0.0,-46.0,-597.0,-8166.0,0.0,-0.0,0.01,-45.0,-652.0,-16356.0,32.0,4.0,42.0
1742505830.536175,0.0,0.0,0.0,-52.0,-665.0,-24546.0,0.0,-0.0,0.01,-51.0,-719.0,-32736.0,46.0,0.0,0.0
1742505830.545183,0.0,0.0,0.0,-58.0,-732.0,24609.0,0.0,-0.0,0.01,-57.0,-786.0,16418.0,0.0,9.0,30.0
1742505830.557183,0.0,0.0,0.0,-64.0,-799.0,8227.0,0.0,-0.0,0.01,-63.0,-852.0,36.0,0.0,0.0,0.0
1742505830.5656853,0.0,0.0,0.0,-70.0,-865.0,-8154.0,0.0,-0.0,0.01,-69.0,-917.0,-16344.0,154.0,151.0,132.0
1742505830.5776842,0.0,0.0,0.0,-76.0,-930.0,-24534.0,0.0,0.0,0.01,-76.0,-982.0,-32724.0,14.0,0.0,0.0
1742505830.5861843,0.0,0.0,0.0,-83.0,-994.0,24621.0,0.0,0.0,0.01,-83.0,-1045.0,16430.0,0.0,0.0,0.0
1742505830.5981832,0.0,0.0,0.0,-90.0,-1057.0,8239.0,0.0,0.0,0.01,-90.0,-1107.0,48.0,35.0,33.0,72.0
1742505830.6066828,0.0,0.0,0.0,-97.0,-1119.0,-8143.0,0.0,0.0,0.01,-97.0,-1168.0,-16333.0,0.0,0.0,0.0
1742505830.6186829,0.0,0.0,0.0,-104.0,-1180.0,-24524.0,0.0,0.0,0.01,-104.0,-1228.0,-32714.0,154.0,78.0,85.0
1742505830.627213,0.0,0.0,0.0,-111.0,-1240.0,24631.0,0.0,0.0,0.01,-111.0,-1287.0,16440.0,0.0,0.0,0.0
1742505830.6392384,0.0,0.0,0.0,-118.0,-1299.0,8249.0,0.0,0.0,0.01,-118.0,-1346.0,58.0,0.0,0.0,0.0
1742505830.6516147,0.0,0.0,0.0,-125.0,-1358.0,-8133.0,0.0,0.0,0.01,-125.0,-1404.0,-16323.0,168.0,116.0,155.0
1742505830.6601133,0.0,0.0,0.0,-132.0,-1416.0,-24514.0,0.0,0.0,0.01,-132.0,-1462.0,-32704.0,34.0,33.0,17.0
1742505830.6721594,0.0,0.0,0.0,-139.0,-1474.0,24641.0,0.0,0.0,0.01,-139.0,-1519.0,16450.0,19.0,0.0,0.0
1742505830.6800885,0.0,0.0,0.0,-146.0,-1531.0,8259.0,0.0,0.0,0.01,-147.0,-1575.0,68.0,37.0,31.0,55.0
1742505830.692088,0.0,0.0,0.0,-154.0,-1587.0,-8123.0,0.0,0.0,0.01,-155.0,-1630.0,-16313.0,0.0,0.0,0.0
1742505830.700588,0.0,0.0,0.0,-163.0,-1642.0,-24504.0,0.0,0.0,0.01,-164.0,-1685.0,-32694.0,144.0,142.0,145.0
1742505830.7127488,0.0,0.0,0.0,-172.0,-1697.0,24651.0,0.0,0.0,0.01,-173.0,-1739.0,16460.0,0.0,0.0,0.0
1742505830.7212427,0.0,0.0,0.0,-181.0,-1751.0,8269.0,0.0,0.0,0.01,-182.0,-1792.0,78.0,0.0,0.0,0.0
1742505830.7332454,0.0,0.0,0.0,-190.0,-1804.0,-8113.0,0.0,0.0,0.01,-191.0,-1844.0,-16303.0,108.0,139.0,143.0
1742505830.749411,0.0,0.0,0.0,-199.0,-1855.0,-24494.0,0.0,0.0,0.0,-200.0,-1894.0,-32684.0,28.0,44.0,78.0
1742505830.7578905,0.0,0.0,0.0,-208.0,-1905.0,24661.0,0.0,0.0,0.0,-210.0,-1944.0,16470.0,18.0,0.0,29.0
1742505830.7700253,0.0,0.0,0.0,-218.0,-1955.0,8279.0,0.0,0.0,0.0,-220.0,-1993.0,88.0,143.0,93.0,105.0
1742505830.7785196,0.0,0.0,0.0,-228.0,-2004.0,-8103.0,0.0,0.0,0.0,-230.0,-2042.0,-16293.0,0.0,0.0,0.0
1742505830.7905362,0.0,0.0,0.0,-238.0,-2053.0,-24484.0,0.0,0.0,0.0,-240.0,-2090.0,-32674.0,0.0,0.0,0.0
1742505830.7991414,0.0,0.0,0.0,-248.0,-2101.0,24671.0,0.0,0.0,0.0,-250.0,-2137.0,16480.0,161.0,153.0,154.0
1742505830.8111417,0.0,0.0,0.0,-258.0,-2148.0,8288.0,0.0,0.0,0.0,-260.0,-2184.0,97.0,30.0,52.0,26.0
1742505830.8196406,0.0,0.0,0.0,-268.0,-2195.0,-8094.0,0.0,0.0,0.0,-270.0,-2230.0,-16284.0,0.0,41.0,19.0
1742505830.8318262,0.0,0.0,0.0,-278.0,-2241.0,-24475.0,0.0,0.0,0.0,-280.0,-2275.0,-32665.0,31.0,53.0,46.0
1742505830.8398604,0.0,0.0,0.0,-288.0,-2285.0,24680.0,0.0,0.0,0.0,-290.0,-2319.0,16489.0,0.0,0.0,7.0
1742505830.8523915,0.0,0.0,0.0,-298.0,-2329.0,8297.0,0.0,0.0,0.0,-300.0,-2362.0,106.0,184.0,183.0,145.0
1742505830.8608916,0.0,0.0,0.0,-308.0,-2372.0,-8085.0,0.0,0.0,0.0,-310.0,-2405.0,-16275.0,0.0,0.0,0.0
1742505830.8733916,0.0,0.0,0.0,-318.0,-2415.0,-24466.0,0.0,0.0,0.0,-321.0,-2447.0,-32656.0,0.0,0.0,0.0
1742505830.8813915,0.0,0.0,0.0,-329.0,-2457.0,24689.0,0.0,0.0,0.0,-332.0,-2488.0,16498.0,136.0,88.0,162.0
1742505830.8973937,0.0,0.0,0.0,-341.0,-2498.0,8306.0,0.0,0.0,0.0,-344.0,-2528.0,115.0,43.0,61.0,105.0
1742505830.9093924,0.0,0.0,0.0,-352.0,-2538.0,-8076.0,0.0,0.0,0.0,-355.0,-2568.0,-16266.0,17.0,21.0,0.0
1742505830.9178913,0.0,0.0,0.0,-363.0,-2578.0,-24457.0,0.0,0.0,0.0,-366.0,-2607.0,-32647.0,128.0,109.0,57.0
1742505830.9298942,0.0,0.0,0.0,-374.0,-2617.0,24698.0,0.0,0.0,0.0,-377.0,-2645.0,16507.0,0.0,0.0,0.0
1742505830.9384277,0.0,0.0,0.0,-385.0,-2655.0,8315.0,0.0,0.0,0.0,-389.0,-2683.0,124.0,0.0,0.0,0.0
1742505830.9505749,0.0,0.0,0.0,-397.0,-2693.0,-8067.0,0.0,0.0,0.0,-401.0,-2720.0,-16257.0,168.0,145.0,188.0
1742505830.9588077,0.0,0.0,0.0,-409.0,-2730.0,-24448.0,0.0,0.0,0.0,-413.0,-2757.0,-32638.0,16.0,32.0,6.0
1742505830.9708076,0.0,0.0,0.0,-421.0,-2767.0,24707.0,0.0,0.0,0.0,-425.0,-2793.0,16516.0,0.0,0.0,0.0
1742505830.979308,0.0,0.0,0.0,-433.0,-2802.0,8324.0,0.0,0.0,0.0,-437.0,-2827.0,133.0,38.0,40.0,89.0
1742505830.991307,0.0,0.0,0.0,-446.0,-2836.0,-8058.0,0.0,0.0,0.0,-450.0,-2861.0,-16248.0,0.0,0.0,0.0
1742505831.003807,0.0,0.0,0.0,-459.0,-2870.0,-24439.0,0.0,0.0,0.0,-464.0,-2894.0,-32629.0,144.0,151.0,105.0
1742505831.0118096,0.0,0.0,0.0,-473.0,-2903.0,24716.0,0.0,0.0,0.0,-478.0,-2927.0,16525.0,0.0,0.0,0.0
1742505831.0280228,0.0,0.0,0.0,-487.0,-2936.0,8333.0,0.0,0.0,0.0,-492.0,-2959.0,142.0,24.0,2.0,24.0
1742505831.0365071,0.0,0.0,0.0,-501.0,-2968.0,-8049.0,0.0,0.0,0.0,-506.0,-2990.0,-16239.0,0.0,0.0,0.0
1742505831.0487242,0.0,0.0,0.0,-515.0,-2999.0,-24430.0,0.0,0.0,0.0,-520.0,-3021.0,-32620.0,62.0,105.0,99.0
1742505831.057224,0.0,0.0,0.0,-529.0,-3030.0,24725.0,0.0,0.0,0.0,-534.0,-3052.0,16534.0,4.0,0.0,50.0
1742505831.069223,0.0,0.0,0.0,-543.0,-3061.0,8342.0,0.0,0.0,0.0,-548.0,-3082.0,151.0,130.0,142.0,100.0
1742505831.0777245,0.0,0.0,0.0,-557.0,-3091.0,-8040.0,0.0,0.0,0.0,-562.0,-3112.0,-16230.0,0.0,0.0,0.0
1742505831.0897233,0.0,0.0,0.0,-571.0,-3121.0,-24421.0,0.0,0.0,0.0,-576.0,-3141.0,-32611.0,0.0,0.0,0.0
1742505831.101722,0.0,0.0,0.0,-585.0,-3150.0,24734.0,0.0,0.0,0.0,-590.0,-3170.0,16543.0,132.0,167.0,145.0
1742505831.1102223,0.0,0.0,0.0,-598.0,-3178.0,8351.0,0.0,0.0,0.0,-603.0,-3198.0,160.0,9.0,0.0,0.0
1742505831.1222672,0.0,0.0,0.0,-611.0,-3207.0,-8031.0,0.0,0.0,0.0,-616.0,-3227.0,-16221.0,0.0,0.0,0.0
1742505831.13075,0.0,0.0,0.0,-623.0,-3242.0,-24412.0,0.0,0.0,0.0,-629.0,-3262.0,-32602.0,33.0,61.0,126.0
1742505831.142783,0.0,0.0,0.0,-636.0,-3290.0,24744.0,0.0,0.0,0.0,-642.0,-3310.0,16553.0,37.0,0.0,48.0
1742505831.151285,0.0,0.0,0.01,-651.0,-3355.0,8362.0,0.0,0.0,0.0,-657.0,-3375.0,171.0,180.0,112.0,110.0
1742505831.1672997,0.0,0.0,0.01,-684.0,-3467.0,-8019.0,0.0,0.0,0.0,-688.0,-3483.0,-16210.0,194.0,179.0,219.0
1742505831.1757836,0.0,0.01,0.02,-733.0,-3610.0,-24400.0,0.0,0.0,0.0,-739.0,-3628.0,-32591.0,0.0,0.0,29.0
1742505831.1877837,-0.0,0.01,0.02,-845.0,-3792.0,24757.0,0.0,0.0,0.0,-854.0,-3813.0,16565.0,0.0,0.0,0.0
1742505831.200284,-0.01,0.02,0.02,-1051.0,-4012.0,8378.0,0.0,0.0,0.0,-1063.0,-4031.0,187.0,86.0,136.0,114.0
1742505831.2082868,-0.01,0.03,0.03,-1344.0,-4241.0,-7997.0,0.0,0.0,0.0,-1356.0,-4255.0,-16187.0,26.0,5.0,0.0
1742505831.220783,-0.01,0.04,0.03,-1720.0,-4468.0,-24367.0,0.0,0.0,0.0,-1731.0,-4480.0,-32558.0,74.0,28.0,30.0
1742505831.2287858,-0.0,0.06,0.02,-2193.0,-4669.0,24802.0,0.0,0.0,0.0,-2204.0,-4681.0,16611.0,0.0,0.0,0.0
1742505831.2413201,-0.0,0.07,0.02,-2773.0,-4837.0,8440.0,0.0,0.0,0.0,-2784.0,-4847.0,249.0,0.0,0.0,28.0
1742505831.2498271,0.0,0.08,0.01,-3470.0,-4945.0,-7913.0,0.0,0.0,0.0,-3481.0,-4954.0,-16103.0,165.0,150.0,197.0
1742505831.2619476,0.0,0.1,0.0,-4294.0,-4980.0,-24253.0,0.0,0.0,0.0,-4305.0,-4987.0,-32443.0,0.0,15.0,1.0
1742505831.269948,0.01,0.12,-0.01,-5255.0,-4927.0,24957.0,0.0,0.0,0.0,-5266.0,-4935.0,16766.0,59.0,0.0,0.0
1742505831.2860389,0.02,0.15,-0.03,-6502.0,-4661.0,8672.0,0.0,0.0,0.0,-6514.0,-4668.0,481.0,48.0,58.0,0.0
1742505831.298539,0.02,0.17,-0.05,-7899.0,-4261.0,-7582.0,0.0,0.0,0.0,-7911.0,-4267.0,-15772.0,65.0,57.0,88.0
1742505831.3070397,0.03,0.19,-0.07,-9442.0,-3731.0,-23800.0,0.0,0.0,0.0,-9454.0,-3736.0,-31990.0,44.0,13.0,15.0
1742505831.3190393,0.03,0.21,-0.08,-11134.0,-3068.0,25557.0,0.0,0.0,0.0,-11146.0,-3074.0,17366.0,166.0,205.0,106.0
1742505831.3310423,0.04,0.23,-0.1,-12979.0,-2277.0,9421.0,0.0,0.0,0.0,-12991.0,-2283.0,1230.0,70.0,10.0,0.0
1742505831.3395507,0.05,0.25,-0.12,-14979.0,-1351.0,-6661.0,0.0,0.0,0.0,-14992.0,-1355.0,-14851.0,0.0,77.0,0.0
1742505831.351549,0.05,0.27,-0.14,-17141.0,-276.0,-22682.0,0.0,0.0,0.0,-17155.0,-278.0,-30872.0,216.0,207.0,112.0
1742505831.3600502,0.06,0.29,-0.15,-19459.0,930.0,26897.0,0.0,0.0,0.0,-19472.0,928.0,18706.0,0.0,0.0,5.0
1742505831.3722079,0.07,0.31,-0.17,-21935.0,2258.0,11008.0,-0.0,0.0,0.0,-21948.0,2257.0,2817.0,67.0,60.0,43.0
1742505831.3883824,0.09,0.35,-0.21,-24735.0,3842.0,-4721.0,-0.0,0.0,-0.0,-24749.0,3845.0,-12911.0,122.0,48.0,50.0
1742505831.396866,0.1,0.37,-0.23,-27695.0,5566.0,-20357.0,-0.0,0.0,-0.0,-27709.0,5570.0,-28547.0,163.0,123.0,175.0
1742505831.4090178,0.11,0.39,-0.25,-30813.0,7421.0,29638.0,-0.0,0.0,-0.0,-30827.0,7424.0,21447.0,14.0,145.0,86.0
1742505831.4176452,0.13,0.41,-0.27,31444.0,9405.0,14199.0,-0.0,0.0,-0.0,31429.0,9407.0,6008.0,120.0,21.0,93.0
1742505831.4296465,0.14,0.43,-0.29,27998.0,11524.0,-1122.0,-0.0,0.0,-0.0,27983.0,11528.0,-9313.0,49.0,144.0,121.0
1742505831.4416745,0.16,0.45,-0.31,24392.0,13781.0,-16322.0,-0.0,0.0,-0.0,24378.0,13786.0,-24513.0,30.0,89.0,69.0
1742505831.450672,0.18,0.48,-0.33,20618.0,16166.0,-31391.0,-0.0,0.0,-0.0,20603.0,16171.0,25954.0,122.0,197.0,218.0
1742505831.466671,0.22,0.53,-0.38,16496.0,18779.0,19363.0,-0.0,0.0,-0.0,16483.0,18787.0,11171.0,250.0,160.0,202.0
1742505831.4786706,0.24,0.55,-0.4,12205.0,21515.0,4739.0,-0.0,0.0,-0.0,12193.0,21523.0,-3452.0,27.0,21.0,27.0
1742505831.4871697,0.27,0.57,-0.43,7744.0,24369.0,-9714.0,-0.0,0.0,-0.0,7730.0,24374.0,-17905.0,13.0,0.0,45.0
1742505831.4992428,0.29,0.6,-0.45,3121.0,27327.0,-24000.0,-0.0,0.0,-0.0,3108.0,27331.0,-32191.0,219.0,207.0,225.0
1742505831.511412,0.32,0.62,-0.48,-1652.0,30393.0,27423.0,-0.0,0.0,-0.0,-1664.0,30396.0,19231.0,72.0,89.0,44.0
1742505831.5199115,0.34,0.64,-0.5,-6568.0,-31976.0,13482.0,-0.0,0.0,-0.0,-6579.0,-31971.0,5290.0,40.0,0.0,0.0
1742505831.5320508,0.37,0.66,-0.53,-11626.0,-28705.0,-274.0,-0.0,0.0,-0.0,-11636.0,-28700.0,-8465.0,65.0,152.0,177.0
1742505831.548117,0.42,0.71,-0.58,-16958.0,-25267.0,-13660.0,-0.01,0.0,-0.0,-16969.0,-25263.0,-21851.0,44.0,22.0,57.0
1742505831.556603,0.45,0.73,-0.61,-22416.0,-21742.0,-26854.0,-0.01,0.0,-0.0,-22427.0,-21739.0,30491.0,23.0,79.0,37.0
1742505831.568752,0.47,0.75,-0.64,-27989.0,-18135.0,25677.0,-0.01,0.0,0.0,-28000.0,-18135.0,17485.0,181.0,132.0,130.0
1742505831.5772505,0.5,0.77,-0.67,31862.0,-14453.0,12863.0,-0.01,0.0,0.0,31852.0,-14457.0,4671.0,0.0,9.0,0.0
1742505831.5892498,0.53,0.78,-0.7,26073.0,-10703.0,239.0,-0.01,0.0,0.0,26064.0,-10710.0,-7952.0,31.0,0.0,0.0
1742505831.6017509,0.55,0.8,-0.74,20188.0,-6880.0,-12184.0,-0.01,0.0,0.0,20180.0,-6889.0,-20375.0,231.0,214.0,187.0
1742505831.6102507,0.58,0.82,-0.77,14217.0,-2983.0,-24413.0,-0.01,0.0,0.0,14211.0,-2992.0,-32604.0,53.0,11.0,35.0
1742505831.622251,0.63,0.84,-0.83,8088.0,1032.0,29268.0,-0.01,0.0,0.0,8083.0,1023.0,21076.0,35.0,46.0,2.0
1742505831.634754,0.66,0.86,-0.87,1880.0,5101.0,17610.0,-0.01,0.0,0.0,1875.0,5094.0,9418.0,70.0,8.0,0.0
1742505831.6469448,0.68,0.87,-0.9,-4394.0,9229.0,6146.0,-0.01,0.0,0.0,-4398.0,9222.0,-2045.0,0.0,11.0,65.0
1742505831.6589458,0.7,0.88,-0.94,-10726.0,13409.0,-5129.0,-0.01,0.0,0.0,-10730.0,13400.0,-13320.0,45.0,0.0,15.0
1742505831.6674454,0.72,0.89,-0.97,-17113.0,17638.0,-16218.0,-0.01,0.0,0.0,-17116.0,17627.0,-24409.0,67.0,110.0,72.0
1742505831.67995,0.75,0.9,-1.01,-23548.0,21913.0,-27119.0,-0.01,0.0,0.0,-23551.0,21900.0,30226.0,0.0,6.0,8.0
1742505831.6919472,0.77,0.91,-1.04,-30030.0,26232.0,27703.0,-0.01,0.0,0.0,-30032.0,26216.0,19511.0,28.0,11.0,22.0
1742505831.6999464,0.79,0.92,-1.08,28984.0,30591.0,17176.0,-0.01,0.0,0.0,28981.0,30573.0,8984.0,194.0,176.0,150.0
1742505831.7119455,0.8,0.93,-1.12,22419.0,-30555.0,6833.0,-0.01,0.0,0.0,22417.0,-30574.0,-1358.0,70.0,54.0,0.0
1742505831.7284968,0.84,0.94,-1.19,15780.0,-26116.0,-3143.0,-0.01,-0.0,0.0,15781.0,-26140.0,-11334.0,87.0,0.0,3.0
1742505831.736973,0.86,0.95,-1.23,9109.0,-21666.0,-12938.0,-0.01,-0.0,0.0,9110.0,-21692.0,-21129.0,0.0,0.0,0.0
1742505831.748985,0.88,0.96,-1.26,2408.0,-17200.0,-22551.0,-0.01,-0.0,0.0,2410.0,-17230.0,-30742.0,100.0,83.0,104.0
1742505831.7574866,0.89,0.96,-1.3,-4312.0,-12714.0,-31983.0,-0.01,-0.0,0.0,-4307.0,-12749.0,25362.0,86.0,46.0,123.0
1742505831.7694864,0.91,0.96,-1.34,-11041.0,-8207.0,24293.0,-0.01,-0.0,0.01,-11035.0,-8249.0,16101.0,105.0,110.0,82.0
1742505831.7814865,0.92,0.97,-1.37,-17775.0,-3681.0,15192.0,-0.02,-0.0,0.01,-17767.0,-3728.0,7000.0,0.0,18.0,73.0
1742505831.789997,0.93,0.97,-1.41,-24507.0,866.0,6247.0,-0.02,-0.0,0.01,-24498.0,810.0,-1944.0,2.0,15.0,44.0
1742505831.8024857,0.94,0.97,-1.47,-31232.0,5451.0,-2400.0,-0.02,-0.0,0.01,-31220.0,5384.0,-10591.0,60.0,0.0,0.0
1742505831.818488,0.94,0.96,-1.5,27606.0,10072.0,-10917.0,-0.02,-0.0,0.01,27620.0,9977.0,-19107.0,149.0,48.0,176.0
1742505831.8269894,0.94,0.95,-1.53,20945.0,14721.0,-19319.0,-0.02,-0.0,0.01,20961.0,14608.0,-27509.0,49.0,0.0,0.0
1742505831.8389916,0.94,0.94,-1.55,14325.0,19410.0,-27616.0,-0.02,-0.0,0.02,14345.0,19276.0,29730.0,2.0,0.0,0.0
1742505831.8474934,0.94,0.94,-1.57,7738.0,24120.0,29715.0,-0.02,-0.0,0.02,7761.0,23967.0,21525.0,140.0,149.0,165.0
1742505831.859762,0.94,2.21,-1.59,1184.0,28851.0,21595.0,-0.03,-0.0,0.02,1210.0,28679.0,13405.0,0.0,19.0,0.0
1742505831.871762,0.93,2.22,-1.6,-5338.0,-31936.0,13551.0,-0.03,-0.0,0.02,-5307.0,-32126.0,5361.0,0.0,0.0,0.0
1742505831.8802605,0.93,2.22,-1.61,-11821.0,-27164.0,5575.0,-0.03,-0.0,0.03,-11788.0,-27370.0,-2613.0,50.0,21.0,73.0
1742505831.892761,0.92,2.23,-1.63,-18256.0,-22353.0,-2302.0,-0.03,-0.0,0.03,-18220.0,-22574.0,-10490.0,0.0,21.0,0.0
1742505831.9052603,0.92,2.24,-1.64,-24665.0,-17530.0,-10140.0,-0.03,-0.0,0.03,-24624.0,-17768.0,-18328.0,0.0,0.0,0.0
1742505831.9172614,0.92,2.24,-1.64,-31051.0,-12702.0,-17953.0,-0.03,-0.01,0.03,-31005.0,-12942.0,-26140.0,158.0,134.0,165.0
1742505831.9292903,0.91,2.24,-1.65,28121.0,-7855.0,-25756.0,-0.03,-0.01,0.03,28169.0,-8103.0,31593.0,0.0,0.0,0.0
1742505831.93779,0.91,2.25,-1.65,21771.0,-2999.0,31977.0,-0.03,-0.01,0.03,21822.0,-3251.0,23789.0,0.0,0.0,0.0
1742505831.9497983,0.91,2.25,-1.64,15442.0,1876.0,24155.0,-0.03,-0.01,0.03,15496.0,1621.0,15967.0,160.0,147.0,160.0
1742505831.9579377,0.9,2.25,-1.64,9130.0,6765.0,16312.0,-0.03,-0.01,0.03,9186.0,6512.0,8124.0,66.0,29.0,28.0
1742505831.9700077,0.9,2.25,-1.63,2834.0,11676.0,8446.0,-0.03,-0.01,0.03,2892.0,11427.0,258.0,0.0,0.0,0.0
1742505831.982919,0.89,2.26,-1.61,-3438.0,16622.0,476.0,-0.03,-0.01,0.03,-3375.0,16377.0,-7711.0,182.0,141.0,155.0
1742505831.9949188,0.89,2.26,-1.6,-9696.0,21585.0,-7565.0,-0.03,-0.01,0.03,-9632.0,21353.0,-15753.0,0.0,0.0,0.0
1742505832.007419,0.88,2.26,-1.58,-15945.0,26573.0,-15684.0,-0.03,-0.01,0.03,-15881.0,26349.0,-23872.0,0.0,0.0,0.0
1742505832.01942,0.88,0.88,-1.57,-22187.0,31578.0,-23888.0,-0.03,-0.01,0.03,-22123.0,31361.0,-32076.0,135.0,117.0,121.0
1742505832.0274246,0.87,0.88,-1.55,-28419.0,-28936.0,-32186.0,-0.03,-0.01,0.03,-28353.0,-29145.0,25162.0,0.0,0.0,0.0
1742505832.0399487,0.87,0.87,-1.53,30900.0,-23892.0,24947.0,-0.03,-0.01,0.03,30965.0,-24098.0,16758.0,0.0,0.0,0.0
1742505832.051948,0.86,0.87,-1.51,24699.0,-18830.0,16429.0,-0.03,-0.01,0.02,24762.0,-19033.0,8239.0,212.0,152.0,186.0
1742505832.0604491,0.85,0.87,-1.49,18525.0,-13738.0,7801.0,-0.03,-0.01,0.02,18588.0,-13936.0,-388.0,9.0,0.0,0.0
1742505832.072604,0.84,0.86,-1.45,12404.0,-8603.0,-1049.0,-0.03,-0.01,0.02,12467.0,-8797.0,-9238.0,0.0,2.0,0.0
1742505832.085105,0.83,0.85,-1.43,6301.0,-3459.0,-10014.0,-0.03,-0.01,0.02,6364.0,-3645.0,-18203.0,87.0,67.0,65.0
1742505832.0971055,0.83,0.85,-1.41,204.0,1684.0,-19083.0,-0.03,-0.01,0.02,266.0,1501.0,-27271.0,27.0,43.0,34.0
1742505832.1057656,0.83,0.85,-1.39,-5898.0,6806.0,-28253.0,-0.03,-0.01,0.02,-5834.0,6629.0,29095.0,0.0,2.0,6.0
1742505832.1182652,0.83,0.85,-1.37,-11999.0,11916.0,28023.0,-0.03,-0.01,0.02,-11935.0,11745.0,19833.0,105.0,116.0,85.0
1742505832.1298044,0.83,0.85,-1.36,-18098.0,17015.0,18678.0,-0.03,-0.01,0.02,-18032.0,16848.0,10488.0,0.0,0.0,0.0
1742505832.1377878,0.83,0.85,-1.34,-24190.0,22106.0,9252.0,-0.03,-0.01,0.02,-24121.0,21938.0,1062.0,0.0,0.0,0.0
1742505832.1502924,0.82,0.85,-1.32,-30275.0,27181.0,-255.0,-0.03,-0.01,0.02,-30203.0,27013.0,-8444.0,165.0,163.0,171.0
1742505832.1627927,0.82,0.85,-1.3,29190.0,32229.0,-9907.0,-0.03,-0.01,0.02,29264.0,32060.0,-18096.0,0.0,0.0,2.0
1742505832.1752937,0.82,0.85,-1.29,23131.0,-28263.0,-19621.0,-0.03,-0.01,0.02,23210.0,-28430.0,-27810.0,0.0,0.0,0.0
1742505832.1872952,0.82,0.84,-1.28,17094.0,-23214.0,-29396.0,-0.03,-0.01,0.02,17175.0,-23381.0,27951.0,0.0,0.0,0.0
1742505832.1993122,0.81,0.84,-1.27,11082.0,-18156.0,26306.0,-0.03,-0.01,0.02,11164.0,-18322.0,18116.0,71.0,74.0,112.0
1742505832.2077937,0.81,0.83,-1.26,5099.0,-13086.0,16407.0,-0.03,-0.01,0.02,5183.0,-13250.0,8217.0,10.0,28.0,0.0
1742505832.2197921,0.8,0.83,-1.24,-854.0,-8005.0,6440.0,-0.03,-0.01,0.02,-768.0,-8167.0,-1749.0,72.0,79.0,73.0
1742505832.2282948,0.8,0.82,-1.23,-6777.0,-2914.0,-3596.0,-0.03,-0.01,0.02,-6691.0,-3072.0,-11785.0,0.0,0.0,0.0
1742505832.2408,0.79,0.82,-1.22,-12671.0,2186.0,-13707.0,-0.03,-0.01,0.02,-12584.0,2031.0,-21896.0,0.0,0.0,0.0
1742505832.2488,0.79,0.81,-1.21,-18535.0,7294.0,-23895.0,-0.03,-0.01,0.02,-18448.0,7143.0,-32084.0,135.0,142.0,144.0
1742505832.2653005,0.78,0.8,-1.18,-24332.0,12418.0,31296.0,-0.03,-0.01,0.02,-24244.0,12272.0,23106.0,146.0,168.0,202.0
1742505832.2773001,0.77,0.79,-1.17,-30092.0,17554.0,20867.0,-0.03,-0.01,0.02,-30003.0,17411.0,12677.0,41.0,5.0,0.0
1742505832.2858002,0.76,0.79,-1.16,29716.0,22690.0,10352.0,-0.03,-0.01,0.02,29806.0,22549.0,2162.0,0.0,0.0,0.0
1742505832.2978005,0.76,0.79,-1.14,24011.0,27816.0,-245.0,-0.03,-0.01,0.02,24102.0,27678.0,-8434.0,64.0,104.0,73.0
1742505832.3103023,0.76,0.78,-1.13,18329.0,-32599.0,-10908.0,-0.03,-0.01,0.02,18421.0,-32732.0,-19098.0,46.0,33.0,9.0
1742505832.3188035,0.75,0.78,-1.12,12673.0,-27475.0,-21636.0,-0.03,-0.01,0.02,12766.0,-27607.0,-29826.0,57.0,7.0,26.0
1742505832.3303244,0.75,0.77,-1.11,7045.0,-22353.0,-32431.0,-0.03,-0.01,0.02,7140.0,-22485.0,24916.0,9.0,38.0,68.0
1742505832.3431895,0.74,0.76,-1.09,1475.0,-17231.0,22191.0,-0.03,-0.01,0.02,1571.0,-17361.0,14001.0,0.0,18.0,0.0
1742505832.3556876,0.74,0.76,-1.08,-4064.0,-12104.0,11222.0,-0.03,-0.01,0.02,-3964.0,-12234.0,3032.0,0.0,0.0,0.0
1742505832.3676891,0.73,0.75,-1.08,-9570.0,-6973.0,201.0,-0.03,-0.01,0.02,-9469.0,-7102.0,-7988.0,171.0,131.0,178.0
1742505832.3761885,0.73,0.75,-1.07,-15045.0,-1839.0,-10872.0,-0.03,-0.01,0.02,-14942.0,-1967.0,-19061.0,0.0,0.0,0.0
1742505832.3881886,0.73,0.74,-1.06,-20490.0,3294.0,-21997.0,-0.03,-0.01,0.02,-20386.0,3166.0,-30186.0,0.0,0.0,0.0
1742505832.400188,0.72,0.74,-1.05,-25908.0,8427.0,32362.0,-0.03,-0.01,0.02,-25803.0,8301.0,24172.0,79.0,77.0,132.0
1742505832.4086885,0.72,0.74,-1.05,-31299.0,13558.0,21128.0,-0.03,-0.01,0.02,-31192.0,13434.0,12938.0,27.0,12.0,34.0
1742505832.4206877,0.72,0.73,-1.04,28873.0,18683.0,9838.0,-0.03,-0.01,0.01,28980.0,18561.0,1648.0,28.0,29.0,10.0
1742505832.4331932,0.71,0.72,-1.02,23555.0,23792.0,-1564.0,-0.03,-0.01,0.01,23664.0,23672.0,-9753.0,129.0,152.0,169.0
1742505832.4452574,0.71,0.72,-1.01,18263.0,28893.0,-13022.0,-0.03,-0.01,0.01,18374.0,28779.0,-21211.0,0.0,0.0,0.0
1742505832.457744,0.7,0.72,-1.0,12998.0,-31547.0,-24536.0,-0.03,-0.01,0.01,13110.0,-31658.0,-32726.0,0.0,0.0,0.0
1742505832.4662452,0.7,0.71,-0.99,7760.0,-26455.0,29430.0,-0.03,-0.01,0.01,7872.0,-26563.0,21239.0,130.0,170.0,152.0
1742505832.4777448,0.7,0.71,-0.99,2549.0,-21367.0,17805.0,-0.03,-0.01,0.01,2662.0,-21473.0,9614.0,0.0,0.0,4.0
1742505832.4863944,0.7,0.7,-0.98,-2630.0,-16281.0,6129.0,-0.03,-0.01,0.01,-2515.0,-16385.0,-2061.0,0.0,0.0,0.0
1742505832.4988937,0.69,0.7,-0.97,-7776.0,-11197.0,-5596.0,-0.03,-0.01,0.01,-7660.0,-11300.0,-13786.0,125.0,162.0,144.0
1742505832.5108943,0.69,0.69,-0.97,-12891.0,-6114.0,-17369.0,-0.03,-0.01,0.01,-12774.0,-6215.0,-25559.0,3.0,0.0,15.0
1742505832.5228937,0.68,0.68,-0.95,-17945.0,-1033.0,-29235.0,-0.03,-0.01,0.01,-17827.0,-1133.0,28111.0,0.0,0.0,10.0
1742505832.5354087,0.68,0.68,-0.95,-22970.0,4044.0,24389.0,-0.03,-0.01,0.01,-22851.0,3944.0,16198.0,116.0,130.0,149.0
1742505832.547925,0.68,0.67,-0.94,-27967.0,9116.0,12433.0,-0.03,-0.01,0.01,-27846.0,9018.0,4242.0,0.0,1.0,0.0
1742505832.5564253,0.67,0.67,-0.94,32598.0,14182.0,432.0,-0.03,-0.01,0.01,32719.0,14084.0,-7758.0,0.0,23.0,14.0
1742505832.5684276,0.67,0.67,-0.93,27649.0,19238.0,-11610.0,-0.03,-0.01,0.01,27771.0,19141.0,-19800.0,156.0,130.0,112.0
1742505832.5769253,0.67,0.66,-0.92,22723.0,24284.0,-23694.0,-0.03,-0.02,0.01,22847.0,24188.0,-31884.0,0.0,0.0,0.0
1742505832.5889242,0.67,0.66,-0.92,17820.0,29320.0,29716.0,-0.03,-0.02,0.01,17945.0,29225.0,21526.0,0.0,0.0,0.0
1742505832.6009245,0.66,0.66,-0.91,12940.0,-31189.0,17548.0,-0.03,-0.02,0.01,13066.0,-31282.0,9358.0,210.0,154.0,178.0
1742505832.6134243,0.66,0.65,-0.9,8108.0,-26176.0,5300.0,-0.03,-0.02,0.01,8235.0,-26268.0,-2889.0,0.0,0.0,0.0
1742505832.6254427,0.66,0.65,-0.89,3302.0,-21169.0,-6986.0,-0.03,-0.02,0.01,3431.0,-21257.0,-15176.0,44.0,0.0,31.0
1742505832.6379278,0.66,0.64,-0.89,-1474.0,-16164.0,-19311.0,-0.03,-0.02,0.01,-1343.0,-16250.0,-27501.0,13.0,0.0,8.0
1742505832.6459644,0.65,0.64,-0.88,-6220.0,-11162.0,-31675.0,-0.03,-0.02,0.01,-6088.0,-11246.0,25671.0,22.0,34.0,34.0
1742505832.6584656,0.65,0.63,-0.88,-10938.0,-6162.0,21458.0,-0.03,-0.02,0.01,-10806.0,-6244.0,13267.0,0.0,0.0,9.0
1742505832.666966,0.65,0.63,-0.87,-15628.0,-1165.0,9016.0,-0.03,-0.02,0.01,-15495.0,-1245.0,825.0,162.0,134.0,122.0
1742505832.6789656,0.64,0.63,-0.87,-20289.0,3826.0,-3464.0,-0.03,-0.02,0.01,-20155.0,3747.0,-11654.0,0.0,0.0,0.0
1742505832.6909654,0.64,0.62,-0.86,-24923.0,8811.0,-15981.0,-0.03,-0.02,0.01,-24789.0,8734.0,-24171.0,0.0,0.0,0.0
1742505832.6994658,0.64,0.62,-0.86,-29531.0,13789.0,-28537.0,-0.03,-0.02,0.01,-29396.0,13713.0,28809.0,118.0,175.0,153.0
1742505832.7119684,0.64,0.61,-0.85,31444.0,18746.0,24369.0,-0.03,-0.02,0.01,31579.0,18671.0,16178.0,18.0,29.0,11.0
1742505832.7279894,0.63,0.61,-0.84,26904.0,23693.0,11702.0,-0.03,-0.02,0.01,27041.0,23620.0,3511.0,21.0,51.0,60.0
1742505832.7364893,0.63,0.6,-0.84,22387.0,28631.0,-998.0,-0.03,-0.02,0.01,22525.0,28559.0,-9188.0,5.0,6.0,0.0
1742505832.748515,0.63,0.6,-0.83,17892.0,-31976.0,-13729.0,-0.03,-0.02,0.01,18031.0,-32046.0,-21919.0,42.0,60.0,101.0
1742505832.7570162,0.63,0.6,-0.83,13419.0,-27052.0,-26491.0,-0.03,-0.02,0.01,13559.0,-27122.0,30855.0,30.0,10.0,0.0
1742505832.7689753,0.63,0.59,-0.83,8968.0,-22135.0,26253.0,-0.03,-0.02,0.01,9109.0,-22204.0,18062.0,67.0,92.0,53.0
1742505832.7809772,0.63,0.59,-0.82,4541.0,-17222.0,13432.0,-0.03,-0.02,0.01,4683.0,-17290.0,5241.0,0.0,0.0,0.0
1742505832.7934766,0.62,0.59,-0.82,156.0,-12318.0,559.0,-0.03,-0.02,0.01,299.0,-12385.0,-7631.0,0.0,0.0,4.0
1742505832.8019753,0.62,0.58,-0.81,-4204.0,-7419.0,-12339.0,-0.03,-0.02,0.01,-4060.0,-7485.0,-20529.0,58.0,93.0,34.0
1742505832.8141406,0.62,0.58,-0.81,-8541.0,-2525.0,-25264.0,-0.03,-0.02,0.01,-8395.0,-2587.0,32082.0,127.0,166.0,139.0
1742505832.8261418,0.62,0.58,-0.8,-12854.0,2364.0,27317.0,-0.03,-0.02,0.01,-12707.0,2302.0,19126.0,0.0,33.0,44.0
1742505832.8346426,0.61,0.57,-0.8,-17144.0,7244.0,14330.0,-0.03,-0.02,0.01,-16996.0,7184.0,6139.0,4.0,0.0,0.0
1742505832.846689,0.61,0.57,-0.8,-21412.0,12115.0,1313.0,-0.03,-0.02,0.01,-21263.0,12057.0,-6877.0,58.0,94.0,62.0
1742505832.8591886,0.61,0.57,-0.79,-25658.0,16977.0,-11732.0,-0.03,-0.02,0.01,-25509.0,16921.0,-19922.0,18.0,17.0,0.0
1742505832.8676894,0.61,0.56,-0.79,-29884.0,21830.0,-24807.0,-0.03,-0.02,0.01,-29734.0,21776.0,32539.0,78.0,56.0,67.0
1742505832.8796885,0.61,0.56,-0.78,31449.0,26674.0,27623.0,-0.03,-0.02,0.01,31598.0,26621.0,19432.0,0.0,0.0,5.0
1742505832.8916876,0.61,0.55,-0.78,27284.0,31501.0,14462.0,-0.03,-0.02,0.01,27434.0,31449.0,6271.0,36.0,27.0,0.0
1742505832.9041882,0.6,0.55,-0.77,23142.0,-29215.0,1275.0,-0.03,-0.02,0.01,23293.0,-29265.0,-6915.0,12.0,0.0,0.0
1742505832.9166884,0.6,0.55,-0.77,19021.0,-24398.0,-11933.0,-0.03,-0.02,0.01,19173.0,-24446.0,-20123.0,139.0,167.0,172.0
1742505832.9247134,0.6,0.55,-0.77,14922.0,-19584.0,-25163.0,-0.03,-0.02,0.01,15075.0,-19632.0,32183.0,7.0,7.0,0.0
1742505832.9367125,0.6,0.54,-0.76,10843.0,-14776.0,27120.0,-0.03,-0.02,0.01,10997.0,-14823.0,18929.0,0.0,0.0,0.0
1742505832.9492173,0.6,0.54,-0.76,6785.0,-9972.0,13846.0,-0.03,-0.02,0.01,6940.0,-10019.0,5655.0,82.0,120.0,137.0
1742505832.9577174,0.6,0.54,-0.76,2745.0,-5174.0,550.0,-0.03,-0.02,0.01,2901.0,-5220.0,-7639.0,38.0,8.0,28.0
1742505832.9697175,0.6,0.54,-0.76,-1275.0,-382.0,-12763.0,-0.03,-0.02,0.01,-1117.0,-427.0,-20952.0,83.0,108.0,71.0
1742505832.981723,0.59,0.53,-0.75,-5261.0,4392.0,-26118.0,-0.03,-0.02,0.01,-5102.0,4347.0,31229.0,127.0,171.0,174.0
1742505832.99422,0.59,0.53,-0.75,-9229.0,9158.0,26040.0,-0.03,-0.02,0.01,-9070.0,9114.0,17850.0,27.0,12.0,26.0
1742505833.0062244,0.59,0.53,-0.74,-13182.0,13914.0,12639.0,-0.03,-0.02,0.0,-13021.0,13873.0,4449.0,0.0,0.0,0.0
1742505833.0153162,0.59,0.52,-0.74,-17115.0,18663.0,-783.0,-0.03,-0.02,0.0,-16953.0,18623.0,-8972.0,165.0,186.0,165.0
1742505833.0268407,0.59,0.52,-0.74,-21030.0,23404.0,-14226.0,-0.03,-0.02,0.0,-20868.0,23366.0,-22415.0,42.0,3.0,27.0
1742505833.0353205,0.59,0.52,-0.74,-24927.0,28140.0,-27690.0,-0.03,-0.02,0.0,-24764.0,28103.0,29657.0,0.0,0.0,0.0
1742505833.0474908,0.59,0.52,-0.73,-28805.0,-32666.0,24360.0,-0.03,-0.02,0.0,-28641.0,-32700.0,16170.0,85.0,110.0,117.0
1742505833.0594916,0.59,0.51,-0.73,-32663.0,-27939.0,10853.0,-0.03,-0.02,0.0,-32499.0,-27972.0,2662.0,0.0,13.0,23.0
1742505833.0724907,0.58,0.51,-0.73,29051.0,-23223.0,-2692.0,-0.03,-0.02,0.0,29215.0,-23255.0,-10882.0,0.0,0.0,0.0
1742505833.084492,0.58,0.51,-0.72,25247.0,-18512.0,-16255.0,-0.03,-0.02,0.0,25411.0,-18543.0,-24445.0,157.0,160.0,132.0
1742505833.0964918,0.58,0.5,-0.72,21461.0,-13806.0,-29837.0,-0.03,-0.02,0.0,21626.0,-13835.0,27510.0,0.0,0.0,0.0
1742505833.1049902,0.58,0.5,-0.72,17692.0,-9105.0,22100.0,-0.03,-0.02,0.0,17858.0,-9134.0,13910.0,0.0,0.0,0.0
1742505833.1172712,0.58,0.5,-0.72,13940.0,-4412.0,8482.0,-0.03,-0.02,0.0,14107.0,-4440.0,292.0,179.0,162.0,134.0
1742505833.125312,0.58,0.5,-0.71,10203.0,273.0,-5153.0,-0.03,-0.02,0.0,10370.0,244.0,-13342.0,1.0,3.0,0.0
1742505833.1374092,0.58,0.49,-0.71,6480.0,4949.0,-18804.0,-0.03,-0.02,0.0,6648.0,4921.0,-26993.0,0.0,0.0,0.0
1742505833.1495628,0.58,0.49,-0.71,2772.0,9617.0,-32472.0,-0.03,-0.02,0.0,2941.0,9590.0,24875.0,52.0,103.0,92.0
1742505833.158048,0.57,0.49,-0.71,-921.0,14278.0,19379.0,-0.03,-0.02,0.0,-750.0,14251.0,11189.0,29.0,30.0,37.0
1742505833.170048,0.57,0.49,-0.7,-4598.0,18933.0,5678.0,-0.03,-0.02,0.0,-4426.0,18907.0,-2511.0,88.0,59.0,50.0
1742505833.182548,0.57,0.49,-0.7,-8246.0,23577.0,-8051.0,-0.03,-0.02,0.0,-8073.0,23552.0,-16240.0,138.0,152.0,153.0
1742505833.191088,0.57,0.48,-0.7,-11878.0,28216.0,-21796.0,-0.03,-0.02,0.0,-11705.0,28192.0,-29985.0,10.0,31.0,0.0
1742505833.2071366,0.57,0.48,-0.7,-15494.0,-32685.0,29981.0,-0.03,-0.02,0.0,-15320.0,-32706.0,21791.0,0.0,0.0,0.0
1742505833.2156365,0.57,0.48,-0.69,-19093.0,-28051.0,16204.0,-0.03,-0.02,0.0,-18918.0,-28071.0,8014.0,141.0,144.0,150.0
1742505833.227639,0.57,0.48,-0.69,-22676.0,-23422.0,2412.0,-0.03,-0.02,0.0,-22501.0,-23440.0,-5777.0,15.0,0.0,0.0
1742505833.2361383,0.57,0.47,-0.69,-26242.0,-18797.0,-11393.0,-0.03,-0.02,0.0,-26066.0,-18814.0,-19582.0,0.0,0.0,0.0
1742505833.2481425,0.57,0.47,-0.69,-29793.0,-14178.0,-25214.0,-0.03,-0.02,0.0,-29617.0,-14194.0,32133.0,118.0,165.0,121.0
1742505833.260645,0.56,0.47,-0.68,32220.0,-9573.0,26468.0,-0.03,-0.02,0.0,32396.0,-9588.0,18278.0,0.0,2.0,0.0
1742505833.2726445,0.56,0.47,-0.68,28710.0,-4976.0,12598.0,-0.03,-0.02,0.0,28886.0,-4990.0,4408.0,0.0,0.0,0.0
1742505833.281145,0.56,0.46,-0.68,25214.0,-384.0,-1285.0,-0.03,-0.02,0.0,25390.0,-397.0,-9474.0,156.0,167.0,123.0
1742505833.29716,0.56,0.46,-0.68,21730.0,4200.0,-15181.0,-0.03,-0.02,0.0,21907.0,4188.0,-23370.0,0.0,0.0,0.0
1742505833.3056438,0.56,0.46,-0.68,18260.0,8779.0,-29090.0,-0.03,-0.02,0.0,18438.0,8767.0,28257.0,0.0,0.0,0.0
1742505833.3176434,0.56,0.46,-0.67,14803.0,13352.0,22524.0,-0.03,-0.02,0.0,14982.0,13341.0,14334.0,124.0,151.0,142.0
1742505833.3261685,0.56,0.46,-0.67,11359.0,17922.0,8589.0,-0.03,-0.02,0.0,11538.0,17911.0,399.0,0.0,26.0,0.0
1742505833.3381693,0.56,0.46,-0.67,7928.0,22487.0,-5356.0,-0.03,-0.02,0.0,8108.0,22477.0,-13545.0,0.0,0.0,0.0
1742505833.3507497,0.56,0.45,-0.67,4509.0,27048.0,-19312.0,-0.03,-0.02,0.0,4689.0,27038.0,-27501.0,113.0,157.0,143.0
1742505833.3627503,0.56,0.45,-0.67,1113.0,31600.0,32247.0,-0.03,-0.02,0.0,1294.0,31591.0,24057.0,0.0,0.0,0.0
1742505833.3713894,0.56,0.45,-0.67,-2269.0,-29388.0,18257.0,-0.03,-0.02,0.0,-2087.0,-29395.0,10067.0,0.0,0.0,0.0
1742505833.3835196,0.56,0.45,-0.66,-5639.0,-24842.0,4255.0,-0.03,-0.02,0.0,-5456.0,-24849.0,-3934.0,162.0,172.0,154.0
1742505833.3955195,0.56,0.45,-0.66,-8997.0,-20303.0,-9756.0,-0.03,-0.02,0.0,-8814.0,-20308.0,-17945.0,0.0,0.0,0.0
1742505833.407535,0.55,0.45,-0.66,-12343.0,-15768.0,-23778.0,-0.03,-0.02,0.0,-12159.0,-15771.0,-31967.0,0.0,0.0,0.0
1742505833.4161634,0.55,0.44,-0.66,-15678.0,-11238.0,27723.0,-0.03,-0.02,0.0,-15494.0,-11240.0,19533.0,133.0,130.0,130.0
1742505833.428166,0.55,0.44,-0.66,-19002.0,-6713.0,13675.0,-0.03,-0.02,0.0,-18817.0,-6714.0,5485.0,9.0,15.0,0.0
1742505833.4366663,0.55,0.44,-0.66,-22314.0,-2194.0,-383.0,-0.03,-0.02,0.0,-22129.0,-2194.0,-8572.0,0.0,0.0,0.0
1742505833.4486732,0.55,0.44,-0.65,-25615.0,2320.0,-14452.0,-0.03,-0.02,-0.0,-25429.0,2320.0,-22641.0,190.0,143.0,133.0
1742505833.4611719,0.55,0.44,-0.65,-28890.0,6824.0,-28542.0,-0.03,-0.02,-0.0,-28703.0,6824.0,28805.0,0.0,0.0,0.0
1742505833.4735754,0.55,0.43,-0.65,-32154.0,11324.0,22894.0,-0.03,-0.02,-0.0,-31967.0,11325.0,14704.0,0.0,0.0,0.0
1742505833.4870794,0.55,0.43,-0.65,30129.0,15821.0,8782.0,-0.03,-0.02,-0.0,30316.0,15822.0,592.0,120.0,51.0,95.0
1742505833.4950757,0.55,0.43,-0.65,26885.0,20314.0,-5337.0,-0.03,-0.02,-0.0,27072.0,20315.0,-13526.0,0.0,0.0,0.0
1742505833.5065806,0.55,0.43,-0.65,23651.0,24803.0,-19464.0,-0.03,-0.02,-0.0,23839.0,24805.0,-27653.0,0.0,0.0,11.0
1742505833.5185745,0.55,0.43,-0.65,20427.0,29288.0,31936.0,-0.03,-0.02,-0.0,20616.0,29290.0,23746.0,169.0,126.0,147.0
1742505833.527076,0.55,0.43,-0.64,17213.0,-31768.0,17791.0,-0.03,-0.02,-0.0,17402.0,-31764.0,9601.0,0.0,0.0,0.0
1742505833.5385756,0.55,0.43,-0.64,14006.0,-27289.0,3637.0,-0.03,-0.02,-0.0,14196.0,-27285.0,-4552.0,0.0,0.0,0.0
1742505833.5510836,0.55,0.43,-0.64,10812.0,-22821.0,-10529.0,-0.03,-0.02,-0.0,11002.0,-22816.0,-18718.0,104.0,97.0,96.0
1742505833.5640845,0.55,0.42,-0.64,7626.0,-18357.0,-24704.0,-0.03,-0.02,-0.0,7817.0,-18351.0,32643.0,0.0,0.0,0.0
1742505833.5755827,0.55,0.42,-0.64,4451.0,-13896.0,26647.0,-0.03,-0.02,-0.0,4643.0,-13888.0,18457.0,21.0,9.0,36.0
1742505833.5840833,0.55,0.42,-0.64,1286.0,-9438.0,12453.0,-0.03,-0.02,-0.0,1478.0,-9429.0,4264.0,93.0,65.0,37.0
1742505833.5960822,0.54,0.42,-0.64,-1868.0,-4983.0,-1748.0,-0.03,-0.02,-0.0,-1675.0,-4973.0,-9936.0,0.0,6.0,16.0
1742505833.6045835,0.54,0.42,-0.64,-5012.0,-531.0,-15956.0,-0.03,-0.02,-0.0,-4818.0,-520.0,-24144.0,0.0,0.0,12.0
1742505833.6170843,0.54,0.42,-0.63,-8144.0,3917.0,-30172.0,-0.03,-0.02,-0.0,-7950.0,3928.0,27176.0,128.0,169.0,141.0
1742505833.6292422,0.54,0.42,-0.63,-11267.0,8361.0,21139.0,-0.03,-0.02,-0.0,-11073.0,8373.0,12950.0,0.0,0.0,12.0
1742505833.6377437,0.54,0.42,-0.63,-14380.0,12802.0,6905.0,-0.03,-0.02,-0.0,-14185.0,12814.0,-1283.0,0.0,0.0,5.0
1742505833.6532707,0.54,0.41,-0.63,-17474.0,17234.0,-7343.0,-0.03,-0.02,-0.0,-17279.0,17247.0,-15531.0,125.0,106.0,79.0
1742505833.6618454,0.54,0.41,-0.63,-20559.0,21663.0,-21600.0,-0.03,-0.02,-0.0,-20363.0,21677.0,-29788.0,0.0,0.0,0.0
1742505833.6743457,0.54,0.41,-0.63,-23636.0,26088.0,29671.0,-0.03,-0.02,-0.0,-23439.0,26103.0,21482.0,50.0,15.0,0.0
1742505833.6864462,0.54,0.41,-0.63,-26704.0,30510.0,15397.0,-0.03,-0.02,-0.0,-26507.0,30525.0,7208.0,75.0,40.0,30.0
1742505833.6950228,0.54,0.41,-0.63,-29765.0,-30608.0,1116.0,-0.03,-0.02,-0.0,-29568.0,-30591.0,-7072.0,0.0,0.0,17.0
1742505833.7071693,0.54,0.41,-0.63,32717.0,-26191.0,-13169.0,-0.03,-0.02,-0.0,-32622.0,-26174.0,-21357.0,0.0,22.0,17.0
1742505833.7193124,0.54,0.41,-0.62,29670.0,-21777.0,-27461.0,-0.03,-0.02,-0.0,29867.0,-21760.0,29887.0,126.0,115.0,82.0
1742505833.7313485,0.54,0.41,-0.62,26636.0,-17370.0,23771.0,-0.03,-0.02,-0.0,26834.0,-17352.0,15582.0,108.0,137.0,89.0
1742505833.7435129,0.54,0.4,-0.62,23611.0,-12965.0,9459.0,-0.03,-0.02,-0.0,23809.0,-12946.0,1270.0,41.0,16.0,35.0
1742505833.7560136,0.54,0.4,-0.62,20593.0,-8562.0,-4858.0,-0.03,-0.02,-0.0,20792.0,-8542.0,-13046.0,0.0,0.0,0.0
1742505833.764517,0.54,0.4,-0.62,17584.0,-4161.0,-19179.0,-0.03,-0.02,-0.0,17783.0,-4140.0,-27367.0,157.0,160.0,168.0
1742505833.776334,0.54,0.4,-0.62,14582.0,237.0,32029.0,-0.03,-0.02,-0.0,14782.0,257.0,23840.0,0.0,0.0,0.0
1742505833.7850044,0.54,0.4,-0.62,11587.0,4629.0,17693.0,-0.03,-0.02,-0.0,11787.0,4650.0,9504.0,0.0,0.0,0.0
1742505833.7970042,0.54,0.4,-0.62,8600.0,9018.0,3350.0,-0.03,-0.02,-0.0,8800.0,9040.0,-4838.0,39.0,45.0,71.0
1742505833.8090043,0.54,0.4,-0.62,5620.0,13404.0,-10997.0,-0.03,-0.02,-0.0,5820.0,13426.0,-19185.0,2.0,17.0,49.0
1742505833.8175726,0.54,0.4,-0.62,2648.0,17786.0,-25352.0,-0.03,-0.02,-0.0,2849.0,17809.0,31996.0,84.0,94.0,65.0
1742505833.8298802,0.54,0.4,-0.61,-308.0,22162.0,25816.0,-0.03,-0.02,-0.0,-106.0,22185.0,17627.0,109.0,94.0,132.0
1742505833.8420877,0.54,0.39,-0.61,-3256.0,26535.0,11441.0,-0.03,-0.02,-0.0,-3054.0,26559.0,3252.0,0.0,31.0,28.0
1742505833.8546,0.54,0.39,-0.61,-6198.0,30906.0,-2938.0,-0.03,-0.02,-0.0,-5995.0,30931.0,-11126.0,0.0,0.0,0.0
1742505833.8665872,0.53,0.39,-0.61,-9132.0,-30262.0,-17321.0,-0.03,-0.02,-0.0,-8928.0,-30236.0,-25509.0,157.0,140.0,148.0
1742505833.8749187,0.53,0.39,-0.61,-12059.0,-25894.0,-31710.0,-0.03,-0.02,-0.0,-11855.0,-25867.0,25638.0,0.0,0.0,28.0
1742505833.886876,0.53,0.39,-0.61,-14981.0,-21528.0,19431.0,-0.03,-0.02,-0.0,-14776.0,-21501.0,11242.0,0.0,0.0,0.0
1742505833.8995433,0.53,0.39,-0.61,-17896.0,-17165.0,5031.0,-0.03,-0.02,-0.0,-17691.0,-17138.0,-3157.0,67.0,56.0,110.0
1742505833.9075425,0.53,0.39,-0.61,-20806.0,-12804.0,-9371.0,-0.03,-0.02,-0.0,-20601.0,-12776.0,-17559.0,8.0,14.0,17.0
1742505833.9199827,0.53,0.39,-0.61,-23707.0,-8448.0,-23782.0,-0.03,-0.03,-0.0,-23501.0,-8420.0,-31970.0,0.0,0.0,0.0
1742505833.9320085,0.53,0.39,-0.61,-26602.0,-4096.0,27338.0,-0.03,-0.03,-0.0,-26396.0,-4068.0,19149.0,126.0,144.0,126.0
1742505833.9447002,0.53,0.39,-0.61,-29492.0,253.0,12916.0,-0.03,-0.03,-0.0,-29285.0,281.0,4727.0,0.0,0.0,0.0
1742505833.9566998,0.53,0.39,-0.61,-32377.0,4599.0,-1509.0,-0.03,-0.03,-0.0,-32170.0,4628.0,-9697.0,0.0,0.0,12.0
1742505833.9651997,0.53,0.39,-0.6,30280.0,8943.0,-15938.0,-0.03,-0.03,-0.0,30486.0,8973.0,-24126.0,124.0,148.0,195.0
1742505833.9773238,0.53,0.39,-0.6,27404.0,13285.0,-30372.0,-0.03,-0.03,-0.0,27611.0,13315.0,26976.0,26.0,45.0,0.0
1742505833.985491,0.53,0.38,-0.6,24535.0,17625.0,20725.0,-0.03,-0.03,-0.0,24742.0,17656.0,12536.0,0.0,0.0,0.0
1742505833.99749,0.53,0.38,-0.6,21671.0,21963.0,6280.0,-0.03,-0.03,-0.0,21878.0,21995.0,-1908.0,115.0,86.0,114.0
1742505834.0099905,0.53,0.38,-0.6,18818.0,26298.0,-8171.0,-0.03,-0.03,-0.0,19026.0,26330.0,-16359.0,0.0,11.0,0.0
1742505834.022491,0.53,0.38,-0.6,15971.0,30631.0,-22626.0,-0.03,-0.03,-0.0,16179.0,30663.0,-30814.0,0.0,0.0,0.0
1742505834.0304978,0.53,0.38,-0.6,13128.0,-30574.0,28452.0,-0.03,-0.03,-0.0,13336.0,-30540.0,20263.0,174.0,158.0,162.0
1742505834.0467124,0.53,0.38,-0.6,10290.0,-26243.0,13988.0,-0.03,-0.03,-0.0,10498.0,-26209.0,5799.0,0.0,0.0,0.0
1742505834.0552127,0.53,0.38,-0.6,7457.0,-21915.0,-479.0,-0.03,-0.03,-0.0,7666.0,-21880.0,-8667.0,0.0,0.0,0.0
1742505834.0672133,0.53,0.38,-0.6,4630.0,-17589.0,-14950.0,-0.03,-0.03,-0.0,4839.0,-17554.0,-23138.0,156.0,179.0,147.0
1742505834.0760648,0.53,0.38,-0.6,1807.0,-13265.0,-29424.0,-0.03,-0.03,-0.0,2016.0,-13230.0,27924.0,0.0,0.0,25.0
1742505834.0876982,0.53,0.38,-0.6,-1011.0,-8942.0,21634.0,-0.03,-0.03,-0.0,-800.0,-8906.0,13445.0,0.0,0.0,0.0
1742505834.1001737,0.53,0.38,-0.6,-3819.0,-4622.0,7149.0,-0.03,-0.03,-0.0,-3608.0,-4586.0,-1039.0,106.0,196.0,167.0
1742505834.1120315,0.53,0.38,-0.6,-6624.0,-304.0,-7338.0,-0.03,-0.03,-0.0,-6413.0,-268.0,-15526.0,0.0,0.0,1.0
1742505834.1205323,0.53,0.38,-0.6,-9423.0,4010.0,-21829.0,-0.03,-0.03,-0.0,-9211.0,4046.0,-30017.0,0.0,0.0,0.0
1742505834.1330335,0.53,0.38,-0.6,-12217.0,8323.0,29213.0,-0.03,-0.03,-0.0,-12005.0,8359.0,21024.0,116.0,158.0,150.0
1742505834.1451192,0.53,0.38,-0.6,-15007.0,12634.0,14713.0,-0.03,-0.03,-0.0,-14795.0,12671.0,6524.0,0.0,0.0,0.0
1742505834.1537914,0.53,0.37,-0.59,-17792.0,16944.0,210.0,-0.03,-0.03,-0.0,-17579.0,16982.0,-7978.0,0.0,0.0,0.0
1742505834.165898,0.53,0.37,-0.59,-20572.0,21252.0,-14295.0,-0.03,-0.03,-0.0,-20359.0,21291.0,-22483.0,148.0,146.0,152.0
1742505834.1778958,0.53,0.37,-0.59,-23346.0,25559.0,-28804.0,-0.03,-0.03,-0.0,-23133.0,25598.0,28544.0,2.0,14.0,32.0
1742505834.1863396,0.53,0.37,-0.59,-26116.0,29864.0,22218.0,-0.03,-0.03,-0.0,-25903.0,29904.0,14029.0,0.0,0.0,0.0
1742505834.2024791,0.53,0.37,-0.59,-28877.0,-31372.0,7695.0,-0.03,-0.03,-0.0,-28663.0,-31331.0,-493.0,199.0,158.0,179.0
1742505834.2104948,0.53,0.37,-0.59,-31632.0,-27072.0,-6829.0,-0.03,-0.03,-0.01,-31418.0,-27030.0,-15017.0,0.0,0.0,0.0
1742505834.222843,0.53,0.37,-0.59,31152.0,-22774.0,-21357.0,-0.03,-0.03,-0.01,31365.0,-22732.0,-29545.0,0.0,0.0,0.0
1742505834.2353485,0.53,0.37,-0.59,28403.0,-18478.0,29647.0,-0.03,-0.03,-0.01,28617.0,-18435.0,21458.0,105.0,111.0,115.0
1742505834.2438526,0.53,0.37,-0.59,25659.0,-14182.0,15111.0,-0.03,-0.03,-0.01,25873.0,-14139.0,6922.0,0.0,1.0,0.0
1742505834.2558517,0.53,0.37,-0.59,22918.0,-9888.0,572.0,-0.03,-0.03,-0.01,23133.0,-9845.0,-7616.0,0.0,0.0,0.0
1742505834.267853,0.53,0.37,-0.59,20181.0,-5595.0,-13967.0,-0.03,-0.03,-0.01,20396.0,-5552.0,-22155.0,113.0,159.0,137.0
1742505834.2766502,0.53,0.37,-0.59,17448.0,-1305.0,-28510.0,-0.03,-0.03,-0.01,17663.0,-1261.0,28838.0,18.0,21.0,0.0
1742505834.2886493,0.53,0.37,-0.59,14721.0,2982.0,22478.0,-0.03,-0.03,-0.01,14937.0,3025.0,14289.0,0.0,13.0,0.0
1742505834.3006492,0.53,0.37,-0.59,11998.0,7266.0,7926.0,-0.03,-0.03,-0.01,12214.0,7310.0,-262.0,148.0,184.0,196.0
1742505834.3092902,0.53,0.37,-0.59,9279.0,11549.0,-6627.0,-0.03,-0.03,-0.01,9495.0,11593.0,-14815.0,0.0,0.0,0.0
1742505834.3212917,0.53,0.37,-0.59,6563.0,15830.0,-21183.0,-0.03,-0.03,-0.01,6779.0,15875.0,-29371.0,0.0,0.0,0.0
1742505834.3338146,0.53,0.37,-0.59,3849.0,20110.0,29795.0,-0.03,-0.03,-0.01,4066.0,20156.0,21606.0,128.0,83.0,152.0
1742505834.3458304,0.53,0.37,-0.59,1140.0,24390.0,15233.0,-0.03,-0.03,-0.01,1357.0,24436.0,7044.0,0.0,0.0,0.0
1742505834.3540614,0.53,0.36,-0.59,-1565.0,28668.0,667.0,-0.03,-0.03,-0.01,-1347.0,28715.0,-7521.0,0.0,0.0,0.0
1742505834.3664548,0.53,0.36,-0.59,-4265.0,-32591.0,-13899.0,-0.03,-0.03,-0.01,-4047.0,-32543.0,-22087.0,155.0,149.0,203.0
1742505834.3784537,0.53,0.36,-0.59,-6961.0,-28313.0,-28469.0,-0.03,-0.03,-0.01,-6742.0,-28264.0,28879.0,0.0,46.0,11.0
1742505834.3909547,0.53,0.36,-0.58,-9649.0,-24038.0,22491.0,-0.03,-0.03,-0.01,-9430.0,-23989.0,14302.0,0.0,8.0,14.0
1742505834.3994548,0.53,0.36,-0.58,-12333.0,-19764.0,7912.0,-0.03,-0.03,-0.01,-12114.0,-19715.0,-276.0,153.0,103.0,124.0
1742505834.4114544,0.53,0.36,-0.58,-15014.0,-15492.0,-6668.0,-0.03,-0.03,-0.01,-14795.0,-15443.0,-14856.0,0.0,0.0,0.0
1742505834.4239533,0.53,0.36,-0.58,-17692.0,-11221.0,-21251.0,-0.03,-0.03,-0.01,-17472.0,-11171.0,-29439.0,15.0,48.0,0.0
1742505834.4362469,0.53,0.36,-0.58,-20366.0,-6951.0,29700.0,-0.03,-0.03,-0.01,-20146.0,-6901.0,21511.0,90.0,42.0,89.0
1742505834.4442508,0.53,0.36,-0.58,-23037.0,-2683.0,15111.0,-0.03,-0.03,-0.01,-22817.0,-2633.0,6922.0,0.0,0.0,0.0
1742505834.4562511,0.53,0.36,-0.58,-25706.0,1582.0,520.0,-0.03,-0.03,-0.01,-25485.0,1631.0,-7668.0,0.0,0.0,0.0
1742505834.468267,0.53,0.36,-0.58,-28371.0,5845.0,-14071.0,-0.03,-0.03,-0.01,-28150.0,5895.0,-22259.0,155.0,168.0,158.0
1742505834.480936,0.53,0.36,-0.58,-31032.0,10106.0,-28666.0,-0.03,-0.03,-0.01,-30811.0,10156.0,28682.0,6.0,20.0,46.0
1742505834.4894314,0.53,0.36,-0.58,31845.0,14366.0,22272.0,-0.03,-0.03,-0.01,32065.0,14416.0,14083.0,0.0,0.0,11.0
1742505834.501431,0.53,0.36,-0.58,29187.0,18625.0,7671.0,-0.03,-0.03,-0.01,29407.0,18676.0,-517.0,136.0,92.0,101.0
1742505834.513931,0.53,0.36,-0.58,26533.0,22883.0,-6930.0,-0.03,-0.03,-0.01,26754.0,22934.0,-15118.0,89.0,77.0,122.0
1742505834.5259335,0.53,0.36,-0.58,23882.0,27140.0,-21533.0,-0.03,-0.03,-0.01,24103.0,27192.0,-29721.0,32.0,29.0,20.0
1742505834.5343359,0.53,0.36,-0.58,21234.0,31396.0,29397.0,-0.03,-0.03,-0.01,21455.0,31448.0,21208.0,44.0,35.0,45.0
1742505834.5468826,0.53,0.36,-0.58,18589.0,-29884.0,14788.0,-0.03,-0.03,-0.01,18810.0,-29830.0,6599.0,0.0,0.0,8.0
1742505834.5549822,0.53,0.36,-0.58,15946.0,-25627.0,175.0,-0.03,-0.03,-0.01,16167.0,-25573.0,-8013.0,0.0,0.0,0.0
1742505834.5711727,0.53,0.36,-0.58,13309.0,-21373.0,-14440.0,-0.03,-0.03,-0.01,13531.0,-21318.0,-22628.0,0.0,0.0,0.0
1742505834.579672,0.53,0.36,-0.58,10675.0,-17120.0,-29057.0,-0.03,-0.03,-0.01,10897.0,-17065.0,28291.0,72.0,71.0,101.0
1742505834.5920718,0.53,0.36,-0.58,8043.0,-12868.0,21859.0,-0.03,-0.03,-0.01,8265.0,-12813.0,13670.0,36.0,0.0,0.0
1742505834.6035717,0.53,0.36,-0.58,5412.0,-8618.0,7238.0,-0.03,-0.03,-0.01,5635.0,-8562.0,-950.0,0.0,0.0,0.0
1742505834.6160722,0.52,0.36,-0.58,2782.0,-4367.0,-7382.0,-0.03,-0.03,-0.01,3005.0,-4311.0,-15570.0,105.0,87.0,101.0
1742505834.624072,0.52,0.36,-0.58,154.0,-117.0,-22004.0,-0.03,-0.03,-0.01,377.0,-61.0,-30192.0,46.0,28.0,23.0
1742505834.6367002,0.52,0.36,-0.58,-2471.0,4130.0,28909.0,-0.03,-0.03,-0.01,-2247.0,4185.0,20720.0,40.0,65.0,27.0
1742505834.6448052,0.52,0.35,-0.58,-5093.0,8376.0,14283.0,-0.03,-0.03,-0.01,-4868.0,8431.0,6094.0,0.0,0.0,0.0
1742505834.6573045,0.52,0.35,-0.58,-7712.0,12621.0,-344.0,-0.03,-0.03,-0.01,-7487.0,12677.0,-8532.0,0.0,0.0,0.0
1742505834.6654606,0.52,0.35,-0.58,-10329.0,16866.0,-14971.0,-0.03,-0.03,-0.01,-10104.0,16922.0,-23159.0,127.0,145.0,157.0
1742505834.6815984,0.52,0.35,-0.58,-12943.0,21109.0,-29602.0,-0.03,-0.03,-0.01,-12718.0,21165.0,27746.0,20.0,54.0,53.0
1742505834.6895983,0.52,0.35,-0.58,-15555.0,25350.0,21301.0,-0.03,-0.03,-0.01,-15330.0,25406.0,13112.0,23.0,30.0,0.0
1742505834.7022731,0.52,0.35,-0.58,-18164.0,29591.0,6665.0,-0.03,-0.03,-0.01,-17938.0,29648.0,-1523.0,120.0,116.0,86.0
1742505834.7147732,0.52,0.35,-0.58,-20771.0,-31704.0,-7970.0,-0.03,-0.03,-0.01,-20545.0,-31645.0,-16158.0,138.0,111.0,168.0
1742505834.7267747,0.52,0.35,-0.58,-23376.0,-27461.0,-22607.0,-0.03,-0.03,-0.01,-23150.0,-27402.0,-30795.0,36.0,0.0,9.0
1742505834.735275,0.52,0.35,-0.58,-25979.0,-23219.0,28291.0,-0.03,-0.03,-0.01,-25753.0,-23160.0,20102.0,13.0,0.0,2.0
1742505834.7512944,0.52,0.35,-0.57,-28577.0,-18978.0,13649.0,-0.03,-0.03,-0.01,-28351.0,-18918.0,5460.0,127.0,149.0,134.0
1742505834.7597792,0.52,0.35,-0.57,-31174.0,-14737.0,-994.0,-0.03,-0.03,-0.01,-30948.0,-14677.0,-9182.0,0.0,0.0,0.0
1742505834.771779,0.53,0.35,-0.57,31767.0,-10497.0,-15637.0,-0.03,-0.03,-0.01,31992.0,-10437.0,-23825.0,0.0,0.0,0.0
1742505834.7802804,0.53,0.35,-0.57,29172.0,-6257.0,-30282.0,-0.03,-0.03,-0.01,29397.0,-6196.0,27066.0,142.0,128.0,149.0
1742505834.7927792,0.53,0.35,-0.57,26578.0,-2017.0,20607.0,-0.03,-0.03,-0.01,26804.0,-1956.0,12418.0,0.0,0.0,0.0
1742505834.804408,0.53,0.35,-0.57,23987.0,2221.0,5958.0,-0.03,-0.03,-0.01,24213.0,2281.0,-2230.0,0.0,0.0,0.0
1742505834.8165672,0.53,0.35,-0.57,21397.0,6457.0,-8690.0,-0.03,-0.03,-0.01,21623.0,6517.0,-16878.0,133.0,192.0,172.0
1742505834.8250713,0.53,0.35,-0.57,18809.0,10693.0,-23339.0,-0.03,-0.03,-0.01,19035.0,10753.0,-31527.0,23.0,7.0,28.0
1742505834.8375747,0.53,0.35,-0.57,16224.0,14927.0,27546.0,-0.03,-0.03,-0.01,16450.0,14987.0,19357.0,0.0,0.0,0.0
1742505834.8498697,0.53,0.35,-0.57,13641.0,19160.0,12891.0,-0.03,-0.03,-0.01,13867.0,19220.0,4702.0,167.0,118.0,193.0
1742505834.862133,0.53,0.35,-0.57,11060.0,23391.0,-1765.0,-0.03,-0.03,-0.01,11287.0,23452.0,-9953.0,31.0,0.0,0.0
1742505834.8706362,0.53,0.35,-0.57,8481.0,27623.0,-16420.0,-0.03,-0.03,-0.01,8708.0,27684.0,-24608.0,0.0,0.0,0.0
1742505834.8830147,0.52,0.35,-0.57,5903.0,31855.0,-31077.0,-0.03,-0.03,-0.01,6131.0,31917.0,26271.0,142.0,138.0,99.0
1742505834.8948572,0.52,0.35,-0.57,3329.0,-29450.0,19800.0,-0.03,-0.03,-0.01,3557.0,-29387.0,11611.0,0.0,0.0,0.0
1742505834.9028566,0.52,0.35,-0.57,757.0,-25218.0,5138.0,-0.03,-0.03,-0.01,985.0,-25154.0,-3050.0,0.0,0.0,4.0
1742505834.9153554,0.52,0.35,-0.57,-1812.0,-20985.0,-9523.0,-0.03,-0.03,-0.01,-1583.0,-20921.0,-17711.0,127.0,163.0,134.0
1742505834.9273615,0.52,0.35,-0.57,-4379.0,-16754.0,-24185.0,-0.03,-0.03,-0.01,-4150.0,-16690.0,-32373.0,34.0,44.0,0.0
1742505834.93986,0.52,0.35,-0.57,-6942.0,-12525.0,26685.0,-0.03,-0.03,-0.01,-6713.0,-12460.0,18496.0,0.0,0.0,0.0
1742505834.9518647,0.52,0.35,-0.57,-9503.0,-8295.0,12017.0,-0.03,-0.03,-0.01,-9274.0,-8230.0,3828.0,189.0,142.0,146.0
1742505834.9603643,0.52,0.35,-0.57,-12063.0,-4067.0,-2652.0,-0.03,-0.03,-0.01,-11834.0,-4002.0,-10840.0,0.0,31.0,0.0
1742505834.9723644,0.52,0.35,-0.57,-14622.0,160.0,-17321.0,-0.03,-0.03,-0.01,-14392.0,224.0,-25509.0,0.0,0.0,0.0
1742505834.9850178,0.52,0.35,-0.57,-17179.0,4384.0,-31991.0,-0.03,-0.03,-0.01,-16949.0,4449.0,25357.0,181.0,179.0,117.0
1742505834.9933975,0.52,0.35,-0.57,-19734.0,8609.0,18873.0,-0.03,-0.03,-0.01,-19503.0,8674.0,10684.0,0.0,0.0,0.0
1742505835.005344,0.52,0.35,-0.57,-22288.0,12834.0,4199.0,-0.03,-0.03,-0.01,-22057.0,12899.0,-3989.0,0.0,0.0,0.0
1742505835.017343,0.52,0.35,-0.57,-24841.0,17058.0,-10473.0,-0.03,-0.03,-0.01,-24610.0,17123.0,-18661.0,144.0,121.0,138.0
1742505835.0298448,0.52,0.35,-0.57,-27393.0,21281.0,-25147.0,-0.03,-0.03,-0.01,-27162.0,21346.0,32201.0,18.0,0.0,29.0
1742505835.0383446,0.52,0.35,-0.57,-29945.0,25504.0,25714.0,-0.03,-0.03,-0.01,-29714.0,25570.0,17525.0,0.0,0.0,0.0
1742505835.0503488,0.52,0.35,-0.57,-32497.0,29727.0,11038.0,-0.03,-0.03,-0.01,-32265.0,29793.0,2849.0,151.0,142.0,114.0
1742505835.062849,0.52,0.35,-0.57,30489.0,-31587.0,-3637.0,-0.03,-0.03,-0.01,30720.0,-31520.0,-11825.0,74.0,90.0,132.0
1742505835.07485,0.52,0.35,-0.57,27938.0,-27363.0,-18313.0,-0.03,-0.03,-0.01,28169.0,-27295.0,-26501.0,39.0,20.0,0.0
1742505835.0868645,0.52,0.35,-0.57,25388.0,-23140.0,32546.0,-0.03,-0.03,-0.01,25619.0,-23072.0,24357.0,76.0,109.0,10.0
1742505835.09535,0.52,0.35,-0.57,22840.0,-18917.0,17866.0,-0.03,-0.03,-0.01,23071.0,-18849.0,9677.0,10.0,6.0,14.0
1742505835.107849,0.52,0.35,-0.57,20295.0,-14696.0,3183.0,-0.03,-0.03,-0.01,20526.0,-14627.0,-5005.0,1.0,24.0,23.0
1742505835.119819,0.52,0.35,-0.57,17752.0,-10474.0,-11498.0,-0.03,-0.03,-0.01,17983.0,-10405.0,-19686.0,2.0,0.0,0.0
1742505835.1320155,0.52,0.35,-0.57,15210.0,-6253.0,-26181.0,-0.03,-0.03,-0.01,15441.0,-6184.0,31167.0,58.0,72.0,103.0
1742505835.1404998,0.52,0.35,-0.57,12669.0,-2033.0,24671.0,-0.03,-0.03,-0.01,12901.0,-1964.0,16482.0,2.0,36.0,0.0
1742505835.1530046,0.52,0.34,-0.57,10131.0,2186.0,9984.0,-0.03,-0.03,-0.01,10363.0,2255.0,1795.0,0.0,0.0,0.0
1742505835.1649938,0.52,0.34,-0.57,7594.0,6405.0,-4702.0,-0.03,-0.03,-0.01,7826.0,6474.0,-12890.0,101.0,145.0,157.0
1742505835.1734939,0.52,0.34,-0.57,5058.0,10622.0,-19388.0,-0.03,-0.03,-0.01,5290.0,10691.0,-27576.0,0.0,40.0,11.0
1742505835.185494,0.52,0.34,-0.57,2524.0,14839.0,31460.0,-0.03,-0.03,-0.01,2756.0,14908.0,23271.0,91.0,30.0,27.0
1742505835.197994,0.52,0.34,-0.57,-8.0,19055.0,16770.0,-0.03,-0.03,-0.01,224.0,19124.0,8581.0,163.0,171.0,136.0
1742505835.2099748,0.52,0.34,-0.57,-2540.0,23270.0,2078.0,-0.03,-0.03,-0.01,-2307.0,23339.0,-6110.0,0.0,32.0,18.0
1742505835.2186058,0.52,0.34,-0.57,-5069.0,27485.0,-12612.0,-0.03,-0.03,-0.01,-4836.0,27554.0,-20800.0,0.0,0.0,0.0
1742505835.2306294,0.52,0.34,-0.57,-7598.0,31699.0,-27303.0,-0.03,-0.03,-0.01,-7365.0,31768.0,30045.0,76.0,68.0,126.0
1742505835.2431648,0.52,0.34,-0.57,-10126.0,-29623.0,23541.0,-0.03,-0.03,-0.01,-9892.0,-29553.0,15352.0,0.0,0.0,4.0
1742505835.2556665,0.52,0.34,-0.57,-12652.0,-25408.0,8847.0,-0.03,-0.03,-0.01,-12418.0,-25337.0,658.0,0.0,0.0,0.0
1742505835.2641656,0.52,0.34,-0.57,-15176.0,-21191.0,-5846.0,-0.03,-0.03,-0.01,-14942.0,-21120.0,-14034.0,78.0,123.0,160.0
1742505835.2756667,0.52,0.34,-0.57,-17700.0,-16975.0,-20540.0,-0.03,-0.03,-0.01,-17466.0,-16904.0,-28728.0,0.0,18.0,0.0
1742505835.288165,0.52,0.34,-0.57,-20221.0,-12760.0,30301.0,-0.03,-0.03,-0.01,-19987.0,-12689.0,22112.0,0.0,5.0,0.0
1742505835.3001654,0.53,0.34,-0.57,-22741.0,-8545.0,15604.0,-0.03,-0.03,-0.01,-22507.0,-8473.0,7415.0,153.0,168.0,159.0
1742505835.3086658,0.53,0.34,-0.57,-25260.0,-4330.0,906.0,-0.03,-0.03,-0.01,-25026.0,-4258.0,-7282.0,0.0,0.0,0.0
1742505835.3206675,0.53,0.34,-0.57,-27778.0,-115.0,-13790.0,-0.03,-0.03,-0.01,-27544.0,-43.0,-21978.0,0.0,0.0,0.0
1742505835.3291676,0.53,0.34,-0.57,-30295.0,4098.0,-28488.0,-0.03,-0.03,-0.01,-30061.0,4169.0,28860.0,64.0,95.0,140.0
1742505835.3451734,0.53,0.34,-0.57,32726.0,8310.0,22349.0,-0.03,-0.03,-0.01,-32577.0,8381.0,14160.0,0.0,0.0,0.0
1742505835.353673,0.53,0.34,-0.57,30210.0,12522.0,7649.0,-0.03,-0.03,-0.01,30444.0,12594.0,-539.0,0.0,0.0,0.0
1742505835.3657622,0.53,0.34,-0.57,27694.0,16734.0,-7050.0,-0.03,-0.03,-0.01,27928.0,16806.0,-15238.0,112.0,167.0,139.0
1742505835.3742628,0.53,0.34,-0.57,25179.0,20946.0,-21749.0,-0.03,-0.03,-0.01,25413.0,21018.0,-29937.0,63.0,0.0,0.0
1742505835.3902624,0.53,0.34,-0.57,22665.0,25157.0,29087.0,-0.03,-0.03,-0.01,22899.0,25229.0,20898.0,0.0,0.0,0.0
1742505835.3987615,0.53,0.34,-0.57,20151.0,29369.0,14385.0,-0.03,-0.03,-0.01,20385.0,29441.0,6196.0,161.0,160.0,106.0
1742505835.410762,0.53,0.34,-0.57,17639.0,-31956.0,-317.0,-0.03,-0.03,-0.01,17873.0,-31883.0,-8505.0,26.0,6.0,12.0
1742505835.4192615,0.53,0.34,-0.57,15127.0,-27743.0,-15019.0,-0.03,-0.03,-0.01,15362.0,-27670.0,-23207.0,0.0,0.0,0.0
1742505835.4354181,0.53,0.34,-0.57,12617.0,-23530.0,-29721.0,-0.03,-0.03,-0.01,12852.0,-23456.0,27627.0,117.0,142.0,139.0
1742505835.4434433,0.53,0.34,-0.57,10108.0,-19316.0,21111.0,-0.03,-0.03,-0.01,10343.0,-19242.0,12922.0,0.0,0.0,0.0
1742505835.4554422,0.53,0.34,-0.57,7600.0,-15103.0,6406.0,-0.03,-0.03,-0.01,7835.0,-15029.0,-1782.0,0.0,0.0,0.0
1742505835.4641128,0.53,0.34,-0.57,5092.0,-10890.0,-8298.0,-0.03,-0.03,-0.01,5327.0,-10816.0,-16486.0,169.0,190.0,163.0
1742505835.4802558,0.53,0.34,-0.57,2586.0,-6678.0,-23003.0,-0.03,-0.03,-0.01,2821.0,-6603.0,-31191.0,0.0,0.0,0.0
1742505835.48827,0.53,0.34,-0.57,81.0,-2466.0,27827.0,-0.03,-0.03,-0.01,316.0,-2391.0,19638.0,0.0,0.0,0.0
1742505835.5009277,0.53,0.34,-0.57,-2422.0,1745.0,13118.0,-0.03,-0.03,-0.01,-2186.0,1819.0,4929.0,171.0,144.0,146.0
1742505835.5089278,0.53,0.34,-0.57,-4923.0,5955.0,-1590.0,-0.03,-0.03,-0.01,-4687.0,6029.0,-9778.0,37.0,0.0,0.0
1742505835.5209856,0.53,0.34,-0.57,-7424.0,10164.0,-16297.0,-0.03,-0.03,-0.01,-7188.0,10238.0,-24485.0,0.0,0.0,0.0
1742505835.533488,0.53,0.34,-0.57,-9924.0,14373.0,-31005.0,-0.03,-0.03,-0.01,-9688.0,14447.0,26343.0,161.0,182.0,141.0
1742505835.5455227,0.53,0.34,-0.57,-12423.0,18581.0,19821.0,-0.03,-0.03,-0.01,-12187.0,18655.0,11632.0,5.0,0.0,0.0
1742505835.554022,0.53,0.34,-0.57,-14922.0,22789.0,5110.0,-0.03,-0.03,-0.01,-14686.0,22863.0,-3078.0,0.0,0.0,0.0
1742505835.5665221,0.53,0.34,-0.56,-17421.0,26997.0,-9599.0,-0.03,-0.03,-0.01,-17185.0,27071.0,-17787.0,120.0,88.0,82.0
1742505835.5785346,0.53,0.34,-0.56,-19920.0,31204.0,-24309.0,-0.03,-0.03,-0.01,-19684.0,31278.0,-32497.0,0.0,0.0,0.0
1742505835.591022,0.53,0.34,-0.56,-22419.0,-30125.0,26517.0,-0.03,-0.03,-0.01,-22183.0,-30050.0,18328.0,0.0,0.0,0.0
1742505835.5995226,0.53,0.34,-0.56,-24917.0,-25916.0,11805.0,-0.03,-0.03,-0.01,-24681.0,-25841.0,3616.0,153.0,164.0,146.0
1742505835.615524,0.53,0.34,-0.56,-27415.0,-21708.0,-2907.0,-0.03,-0.03,-0.01,-27179.0,-21632.0,-11095.0,35.0,53.0,111.0
1742505835.6240225,0.53,0.34,-0.56,-29913.0,-17499.0,-17618.0,-0.03,-0.03,-0.01,-29677.0,-17423.0,-25806.0,43.0,23.0,4.0
1742505835.636024,0.53,0.34,-0.56,-32409.0,-13291.0,-32329.0,-0.03,-0.03,-0.01,-32173.0,-13215.0,25019.0,98.0,31.0,22.0
1742505835.648528,0.53,0.34,-0.56,30632.0,-9083.0,18493.0,-0.03,-0.03,-0.01,30868.0,-9007.0,10304.0,120.0,137.0,125.0
1742505835.6565278,0.53,0.34,-0.56,28136.0,-4876.0,3777.0,-0.03,-0.03,-0.01,28372.0,-4800.0,-4411.0,0.0,6.0,0.0
1742505835.668704,0.53,0.34,-0.56,25641.0,-669.0,-10937.0,-0.03,-0.03,-0.01,25877.0,-593.0,-19125.0,26.0,7.0,0.0
1742505835.6812046,0.53,0.34,-0.56,23147.0,3536.0,-25651.0,-0.03,-0.03,-0.01,23383.0,3611.0,31697.0,0.0,0.0,60.0
1742505835.6892035,0.53,0.34,-0.56,20654.0,7740.0,25169.0,-0.03,-0.03,-0.01,20890.0,7816.0,16980.0,0.0,10.0,0.0
1742505835.7017033,0.53,0.34,-0.56,18162.0,11945.0,10451.0,-0.03,-0.03,-0.01,18398.0,12021.0,2262.0,0.0,0.0,0.0
1742505835.7137153,0.53,0.34,-0.56,15670.0,16149.0,-4266.0,-0.03,-0.03,-0.01,15906.0,16225.0,-12454.0,40.0,98.0,111.0
1742505835.7262034,0.53,0.34,-0.56,13179.0,20353.0,-18982.0,-0.03,-0.03,-0.01,13415.0,20429.0,-27170.0,3.0,8.0,19.0
1742505835.7342324,0.53,0.34,-0.56,10689.0,24557.0,31837.0,-0.03,-0.03,-0.01,10925.0,24633.0,23648.0,107.0,16.0,0.0
1742505835.7472131,0.53,0.34,-0.56,8199.0,28761.0,17118.0,-0.03,-0.03,-0.01,8435.0,28838.0,8929.0,98.0,141.0,122.0
1742505835.759133,0.53,0.34,-0.56,5710.0,-32571.0,2398.0,-0.03,-0.03,-0.01,5947.0,-32493.0,-5790.0,13.0,27.0,24.0
1742505835.7711344,0.53,0.34,-0.56,3222.0,-28365.0,-12320.0,-0.03,-0.03,-0.01,3459.0,-28287.0,-20508.0,0.0,0.0,0.0
1742505835.7791972,0.53,0.34,-0.56,735.0,-24159.0,-27038.0,-0.03,-0.03,-0.01,972.0,-24081.0,30310.0,59.0,73.0,84.0
1742505835.7923903,0.53,0.34,-0.56,-1751.0,-19954.0,23778.0,-0.03,-0.03,-0.01,-1513.0,-19876.0,15589.0,23.0,31.0,0.0
1742505835.8042896,0.53,0.34,-0.56,-4235.0,-15749.0,9057.0,-0.03,-0.03,-0.01,-3997.0,-15671.0,868.0,0.0,0.0,0.0
1742505835.8162882,0.53,0.34,-0.56,-6719.0,-11545.0,-5663.0,-0.03,-0.03,-0.01,-6481.0,-11466.0,-13851.0,110.0,73.0,123.0
1742505835.824417,0.53,0.34,-0.56,-9202.0,-7339.0,-20382.0,-0.03,-0.03,-0.01,-8964.0,-7260.0,-28570.0,13.0,7.0,0.0
1742505835.8364403,0.53,0.34,-0.56,-11684.0,-3134.0,30433.0,-0.03,-0.03,-0.01,-11446.0,-3055.0,22244.0,0.0,0.0,0.0
1742505835.8490999,0.53,0.34,-0.56,-14166.0,1069.0,15709.0,-0.03,-0.03,-0.01,-13928.0,1147.0,7520.0,117.0,143.0,141.0
1742505835.8575983,0.53,0.34,-0.56,-16647.0,5272.0,985.0,-0.03,-0.03,-0.01,-16409.0,5350.0,-7203.0,30.0,0.0,35.0
1742505835.8695993,0.53,0.34,-0.56,-19127.0,9474.0,-13737.0,-0.03,-0.03,-0.01,-18889.0,9552.0,-21925.0,22.0,0.0,0.0
1742505835.881598,0.53,0.34,-0.56,-21607.0,13676.0,-28460.0,-0.03,-0.03,-0.01,-21369.0,13755.0,28888.0,16.0,76.0,97.0
1742505835.8941004,0.53,0.34,-0.56,-24086.0,17879.0,22352.0,-0.03,-0.03,-0.01,-23848.0,17958.0,14164.0,27.0,11.0,0.0
1742505835.9027822,0.53,0.34,-0.56,-26565.0,22081.0,7628.0,-0.03,-0.03,-0.01,-26326.0,22160.0,-559.0,0.0,0.0,0.0
1742505835.9147825,0.53,0.34,-0.56,-29042.0,26283.0,-7094.0,-0.03,-0.03,-0.01,-28803.0,26362.0,-15281.0,126.0,127.0,102.0
1742505835.9269893,0.53,0.34,-0.56,-31519.0,30485.0,-21817.0,-0.03,-0.03,-0.01,-31280.0,30564.0,-30004.0,0.0,0.0,0.0
1742505835.9389915,0.53,0.34,-0.56,31540.0,-30849.0,28996.0,-0.03,-0.03,-0.01,31778.0,-30769.0,20808.0,0.0,0.0,0.0
1742505835.9476542,0.53,0.34,-0.56,29061.0,-26646.0,14271.0,-0.03,-0.03,-0.01,29299.0,-26566.0,6083.0,133.0,166.0,162.0
1742505835.9596534,0.53,0.34,-0.56,26583.0,-22442.0,-453.0,-0.03,-0.03,-0.01,26821.0,-22362.0,-8640.0,0.0,0.0,14.0
1742505835.9718482,0.53,0.34,-0.56,24105.0,-18238.0,-15177.0,-0.03,-0.03,-0.01,24344.0,-18158.0,-23364.0,0.0,0.0,0.0
1742505835.9839609,0.53,0.34,-0.56,21628.0,-14034.0,-29901.0,-0.03,-0.03,-0.01,21867.0,-13954.0,27448.0,165.0,191.0,151.0
1742505835.9924457,0.53,0.34,-0.56,19150.0,-9831.0,20911.0,-0.03,-0.03,-0.01,19389.0,-9751.0,12723.0,0.0,0.0,0.0
1742505836.0045588,0.53,0.34,-0.56,16670.0,-5627.0,6186.0,-0.03,-0.03,-0.01,16909.0,-5547.0,-2001.0,0.0,0.0,0.0
1742505836.01706,0.53,0.34,-0.56,14191.0,-1424.0,-8537.0,-0.03,-0.03,-0.01,14430.0,-1344.0,-16724.0,138.0,103.0,74.0
1742505836.0291703,0.53,0.34,-0.56,11712.0,2778.0,-23261.0,-0.03,-0.03,-0.01,11950.0,2857.0,-31448.0,5.0,0.0,0.0
1742505836.0376709,0.53,0.34,-0.56,9233.0,6978.0,27551.0,-0.03,-0.03,-0.01,9471.0,7058.0,19363.0,0.0,1.0,0.0
1742505836.0496817,0.53,0.34,-0.56,6754.0,11179.0,12825.0,-0.03,-0.03,-0.01,6992.0,11259.0,4637.0,193.0,154.0,169.0
1742505836.0581815,0.53,0.34,-0.56,4275.0,15380.0,-1901.0,-0.03,-0.03,-0.01,4513.0,15459.0,-10088.0,8.0,33.0,0.0
1742505836.0703542,0.53,0.34,-0.56,1797.0,19581.0,-16626.0,-0.03,-0.03,-0.01,2035.0,19660.0,-24813.0,0.0,0.0,0.0
1742505836.0823553,0.53,0.34,-0.56,-679.0,23781.0,-31351.0,-0.03,-0.03,-0.01,-440.0,23861.0,25998.0,176.0,145.0,157.0
1742505836.0946167,0.53,0.34,-0.56,-3154.0,27982.0,19458.0,-0.03,-0.03,-0.01,-2915.0,28062.0,11270.0,0.0,0.0,0.0
1742505836.1031165,0.53,0.34,-0.56,-5628.0,32183.0,4731.0,-0.03,-0.03,-0.01,-5389.0,32263.0,-3456.0,0.0,0.0,0.0
1742505836.1191306,0.53,0.34,-0.56,-8102.0,-29152.0,-9994.0,-0.03,-0.03,-0.01,-7862.0,-29071.0,-18181.0,106.0,109.0,81.0
1742505836.1273284,0.53,0.34,-0.56,-10575.0,-24950.0,-24720.0,-0.03,-0.03,-0.01,-10335.0,-24869.0,32629.0,0.0,0.0,0.0
1742505836.1398313,0.53,0.34,-0.56,-13047.0,-20748.0,26089.0,-0.03,-0.03,-0.01,-12807.0,-20667.0,17901.0,0.0,0.0,0.0
1742505836.1483858,0.53,0.34,-0.56,-15520.0,-16546.0,11361.0,-0.03,-0.03,-0.01,-15281.0,-16465.0,3173.0,165.0,180.0,167.0
1742505836.160383,0.53,0.34,-0.56,-17993.0,-12344.0,-3367.0,-0.03,-0.03,-0.01,-17753.0,-12262.0,-11554.0,0.0,0.0,0.0
1742505836.1723828,0.53,0.34,-0.56,-20465.0,-8141.0,-18094.0,-0.03,-0.03,-0.01,-20225.0,-8059.0,-26281.0,0.0,0.0,18.0
1742505836.184884,0.53,0.34,-0.56,-22937.0,-3937.0,32716.0,-0.03,-0.03,-0.01,-22697.0,-3855.0,24528.0,127.0,148.0,100.0
1742505836.1930351,0.53,0.34,-0.56,-25408.0,266.0,17988.0,-0.03,-0.03,-0.01,-25168.0,347.0,9800.0,0.0,0.0,0.0
1742505836.2056932,0.53,0.34,-0.56,-27879.0,4468.0,3259.0,-0.03,-0.03,-0.01,-27639.0,4549.0,-4928.0,31.0,33.0,16.0
1742505836.2182922,0.53,0.34,-0.56,-30350.0,8669.0,-11467.0,-0.03,-0.03,-0.01,-30110.0,8750.0,-19654.0,106.0,123.0,45.0
1742505836.2299762,0.53,0.34,-0.56,32716.0,12870.0,-26194.0,-0.03,-0.03,-0.01,-32581.0,12951.0,31155.0,0.0,0.0,0.0
1742505836.237977,0.53,0.34,-0.56,30244.0,17071.0,24614.0,-0.03,-0.03,-0.01,30483.0,17152.0,16426.0,0.0,0.0,0.0
1742505836.2504854,0.53,0.34,-0.56,27772.0,21273.0,9885.0,-0.03,-0.03,-0.01,28011.0,21354.0,1697.0,128.0,131.0,135.0
1742505836.2629876,0.53,0.34,-0.56,25300.0,25474.0,-4842.0,-0.03,-0.03,-0.01,25540.0,25556.0,-13029.0,34.0,35.0,81.0
1742505836.275245,0.53,0.34,-0.56,22829.0,29677.0,-19568.0,-0.03,-0.03,-0.01,23069.0,29759.0,-27755.0,0.0,0.0,29.0
1742505836.283067,0.53,0.34,-0.56,20358.0,-31656.0,31241.0,-0.03,-0.03,-0.01,20598.0,-31573.0,23053.0,78.0,105.0,86.0
1742505836.2999923,0.53,0.34,-0.56,17887.0,-27450.0,16513.0,-0.03,-0.03,-0.01,18127.0,-27367.0,8325.0,123.0,144.0,119.0
1742505836.3079805,0.53,0.34,-0.56,15417.0,-23245.0,1785.0,-0.03,-0.03,-0.01,15657.0,-23162.0,-6402.0,28.0,32.0,0.0
1742505836.3202367,0.53,0.34,-0.56,12947.0,-19040.0,-12941.0,-0.03,-0.03,-0.01,13187.0,-18957.0,-21128.0,0.0,0.0,0.0
1742505836.3282793,0.53,0.34,-0.56,10477.0,-14835.0,-27668.0,-0.03,-0.03,-0.01,10717.0,-14752.0,29681.0,56.0,103.0,73.0
1742505836.3443305,0.53,0.34,-0.56,8008.0,-10630.0,23140.0,-0.03,-0.03,-0.01,8248.0,-10547.0,14952.0,28.0,0.0,0.0
1742505836.352817,0.53,0.34,-0.56,5539.0,-6426.0,8411.0,-0.03,-0.03,-0.01,5779.0,-6342.0,223.0,0.0,0.0,0.0
1742505836.3648293,0.53,0.34,-0.56,3070.0,-2221.0,-6317.0,-0.03,-0.03,-0.01,3310.0,-2137.0,-14504.0,76.0,84.0,128.0
1742505836.3733156,0.53,0.34,-0.56,601.0,1983.0,-21045.0,-0.03,-0.03,-0.01,841.0,2066.0,-29232.0,0.0,0.0,9.0
1742505836.385874,0.53,0.34,-0.56,-1866.0,6186.0,29763.0,-0.03,-0.03,-0.01,-1625.0,6269.0,21575.0,0.0,0.0,0.0
1742505836.3980849,0.53,0.34,-0.56,-4332.0,10389.0,15032.0,-0.03,-0.03,-0.01,-4091.0,10472.0,6844.0,91.0,103.0,131.0
1742505836.4064023,0.53,0.34,-0.56,-6797.0,14591.0,300.0,-0.03,-0.03,-0.01,-6556.0,14674.0,-7887.0,0.0,0.0,0.0
1742505836.4184015,0.53,0.34,-0.56,-9262.0,18793.0,-14430.0,-0.03,-0.03,-0.01,-9021.0,18876.0,-22617.0,81.0,83.0,11.0
1742505836.4304254,0.53,0.34,-0.56,-11726.0,22995.0,-29160.0,-0.03,-0.03,-0.01,-11485.0,23078.0,28189.0,15.0,7.0,28.0
1742505836.4389262,0.53,0.34,-0.56,-14190.0,27196.0,21644.0,-0.03,-0.03,-0.01,-13949.0,27279.0,13456.0,19.0,33.0,5.0
1742505836.451464,0.53,0.34,-0.56,-16653.0,31397.0,6912.0,-0.03,-0.03,-0.01,-16412.0,31480.0,-1275.0,0.0,0.0,0.0
1742505836.46376,0.53,0.34,-0.56,-19117.0,-29938.0,-7819.0,-0.03,-0.03,-0.01,-18876.0,-29854.0,-16006.0,90.0,116.0,107.0
1742505836.4758837,0.53,0.34,-0.56,-21581.0,-25736.0,-22550.0,-0.03,-0.03,-0.01,-21340.0,-25652.0,-30737.0,10.0,0.0,0.0
1742505836.4878843,0.53,0.34,-0.56,-24045.0,-21534.0,28255.0,-0.03,-0.03,-0.01,-23803.0,-21450.0,20067.0,0.0,0.0,0.0
1742505836.4968832,0.53,0.34,-0.56,-26507.0,-17332.0,13522.0,-0.03,-0.03,-0.01,-26265.0,-17248.0,5334.0,150.0,157.0,145.0
1742505836.5083933,0.53,0.34,-0.56,-28969.0,-13130.0,-1210.0,-0.03,-0.03,-0.01,-28727.0,-13046.0,-9397.0,0.0,0.0,21.0
1742505836.520884,0.53,0.34,-0.56,-31431.0,-8928.0,-15941.0,-0.03,-0.03,-0.01,-31189.0,-8844.0,-24128.0,0.0,0.0,0.0
1742505836.5289667,0.53,0.34,-0.56,31643.0,-4726.0,-30672.0,-0.03,-0.03,-0.01,31884.0,-4641.0,26677.0,53.0,83.0,99.0
1742505836.5416052,0.53,0.34,-0.56,29179.0,-523.0,20132.0,-0.03,-0.03,-0.01,29420.0,-438.0,11944.0,0.0,16.0,0.0
1742505836.5532005,0.53,0.34,-0.56,26714.0,3679.0,5399.0,-0.03,-0.03,-0.01,26955.0,3763.0,-2788.0,0.0,0.0,0.0
1742505836.5653138,0.53,0.34,-0.56,24249.0,7880.0,-9332.0,-0.03,-0.03,-0.01,24490.0,7964.0,-17519.0,85.0,103.0,136.0
1742505836.5780523,0.53,0.34,-0.56,21785.0,12080.0,-24064.0,-0.03,-0.03,-0.01,22026.0,12164.0,-32251.0,0.0,10.0,0.0
1742505836.5865526,0.53,0.34,-0.56,19321.0,16280.0,26740.0,-0.03,-0.03,-0.01,19562.0,16364.0,18552.0,0.0,0.0,0.0
1742505836.5986245,0.53,0.34,-0.56,16858.0,20480.0,12006.0,-0.03,-0.03,-0.01,17099.0,20564.0,3818.0,147.0,150.0,128.0
1742505836.6106272,0.53,0.34,-0.56,14395.0,24680.0,-2727.0,-0.03,-0.03,-0.01,14636.0,24764.0,-10914.0,0.0,26.0,19.0
1742505836.619125,0.53,0.34,-0.56,11933.0,28880.0,-17460.0,-0.03,-0.03,-0.01,12174.0,28964.0,-25647.0,0.0,0.0,0.0
1742505836.6311665,0.53,0.34,-0.56,9471.0,-32456.0,-32193.0,-0.03,-0.03,-0.01,9712.0,-32371.0,25156.0,131.0,178.0,171.0
1742505836.6429017,0.53,0.34,-0.56,7009.0,-28254.0,18609.0,-0.03,-0.03,-0.01,7250.0,-28169.0,10421.0,0.0,0.0,12.0
1742505836.6559107,0.53,0.34,-0.56,4546.0,-24053.0,3874.0,-0.03,-0.03,-0.01,4788.0,-23968.0,-4313.0,0.0,17.0,21.0
1742505836.6681871,0.53,0.34,-0.56,2085.0,-19851.0,-10860.0,-0.03,-0.03,-0.01,2326.0,-19766.0,-19047.0,157.0,129.0,107.0
1742505836.6762989,0.53,0.34,-0.56,-376.0,-15649.0,-25594.0,-0.03,-0.03,-0.01,-133.0,-15564.0,31755.0,0.0,0.0,0.0
1742505836.688799,0.53,0.34,-0.56,-2835.0,-11447.0,25207.0,-0.03,-0.03,-0.01,-2592.0,-11362.0,17019.0,0.0,0.0,0.0
1742505836.697299,0.53,0.34,-0.56,-5294.0,-7245.0,10471.0,-0.03,-0.03,-0.01,-5051.0,-7160.0,2283.0,111.0,102.0,152.0
1742505836.7092981,0.53,0.34,-0.56,-7753.0,-3044.0,-4263.0,-0.03,-0.03,-0.01,-7510.0,-2959.0,-12450.0,31.0,39.0,11.0
1742505836.7219176,0.53,0.34,-0.56,-10211.0,1156.0,-18996.0,-0.03,-0.03,-0.01,-9968.0,1240.0,-27183.0,0.0,5.0,1.0
1742505836.7335145,0.53,0.34,-0.56,-12670.0,5354.0,31806.0,-0.03,-0.03,-0.01,-12427.0,5438.0,23618.0,170.0,160.0,168.0
1742505836.7420137,0.53,0.34,-0.56,-15129.0,9552.0,17070.0,-0.03,-0.03,-0.01,-14886.0,9637.0,8882.0,6.0,0.0,25.0
1742505836.75819,0.53,0.34,-0.56,-17587.0,13751.0,2334.0,-0.03,-0.03,-0.01,-17344.0,13836.0,-5853.0,14.0,23.0,25.0
1742505836.7666893,0.53,0.34,-0.56,-20045.0,17950.0,-12400.0,-0.03,-0.03,-0.01,-19802.0,18035.0,-20587.0,109.0,118.0,99.0
1742505836.778695,0.53,0.34,-0.56,-22503.0,22149.0,-27134.0,-0.03,-0.03,-0.01,-22259.0,22234.0,30215.0,0.0,0.0,0.0
1742505836.7872891,0.53,0.34,-0.56,-24960.0,26349.0,23666.0,-0.03,-0.03,-0.01,-24716.0,26434.0,15478.0,1.0,0.0,0.0
1742505836.799289,0.53,0.34,-0.56,-27417.0,30549.0,8929.0,-0.03,-0.03,-0.01,-27173.0,30634.0,741.0,145.0,154.0,105.0
1742505836.8117886,0.53,0.34,-0.56,-29874.0,-30787.0,-5807.0,-0.03,-0.03,-0.01,-29630.0,-30700.0,-13994.0,24.0,29.0,50.0
1742505836.8238134,0.53,0.34,-0.56,-32331.0,-26584.0,-20542.0,-0.03,-0.03,-0.01,-32087.0,-26497.0,-28729.0,0.0,0.0,20.0
1742505836.8361568,0.53,0.34,-0.56,30748.0,-22382.0,30260.0,-0.03,-0.03,-0.01,30991.0,-22295.0,22072.0,0.0,0.0,0.0
1742505836.848161,0.53,0.34,-0.56,28288.0,-18180.0,15524.0,-0.03,-0.03,-0.01,28531.0,-18093.0,7336.0,75.0,94.0,102.0
1742505836.856661,0.53,0.34,-0.56,25828.0,-13978.0,788.0,-0.03,-0.03,-0.01,26071.0,-13891.0,-7399.0,0.0,0.0,11.0
1742505836.8686604,0.53,0.34,-0.56,23367.0,-9776.0,-13946.0,-0.03,-0.03,-0.01,23610.0,-9689.0,-22133.0,99.0,76.0,4.0
1742505836.877161,0.53,0.34,-0.56,20905.0,-5575.0,-28680.0,-0.03,-0.03,-0.01,21148.0,-5488.0,28669.0,1.0,0.0,21.0
1742505836.8891606,0.53,0.34,-0.56,18442.0,-1373.0,22122.0,-0.03,-0.03,-0.01,18685.0,-1286.0,13934.0,0.0,0.0,0.0
1742505836.9016619,0.53,0.34,-0.56,15979.0,2828.0,7387.0,-0.03,-0.03,-0.01,16222.0,2914.0,-800.0,35.0,0.0,5.0
1742505836.913832,0.53,0.34,-0.56,13516.0,7028.0,-7346.0,-0.03,-0.03,-0.01,13759.0,7114.0,-15533.0,13.0,13.0,62.0
1742505836.92231,0.53,0.34,-0.56,11053.0,11228.0,-22080.0,-0.03,-0.03,-0.01,11296.0,11314.0,-30267.0,0.0,0.0,0.0
1742505836.9348123,0.53,0.34,-0.56,8590.0,15428.0,28722.0,-0.03,-0.03,-0.01,8834.0,15514.0,20535.0,5.0,0.0,0.0
1742505836.946844,0.53,0.34,-0.56,6129.0,19628.0,13987.0,-0.03,-0.03,-0.01,6373.0,19714.0,5800.0,68.0,102.0,101.0
1742505836.9588425,0.53,0.34,-0.56,3668.0,23828.0,-747.0,-0.03,-0.03,-0.01,3912.0,23914.0,-8933.0,0.0,32.0,0.0
1742505836.9673426,0.53,0.34,-0.56,1208.0,28028.0,-15480.0,-0.03,-0.03,-0.01,1452.0,28114.0,-23667.0,112.0,76.0,72.0
1742505836.9793427,0.53,0.34,-0.56,-1252.0,32228.0,-30214.0,-0.03,-0.03,-0.01,-1007.0,32314.0,27135.0,0.0,0.0,0.0
1742505836.9878473,0.53,0.34,-0.56,-3710.0,-29108.0,20587.0,-0.03,-0.03,-0.01,-3465.0,-29021.0,12400.0,13.0,0.0,0.0
1742505837.0004723,0.53,0.34,-0.56,-6168.0,-24906.0,5852.0,-0.03,-0.03,-0.01,-5923.0,-24819.0,-2334.0,43.0,0.0,6.0
1742505837.01256,0.53,0.34,-0.56,-8625.0,-20704.0,-8881.0,-0.03,-0.03,-0.01,-8380.0,-20617.0,-17068.0,0.0,0.0,41.0
1742505837.0240588,0.53,0.34,-0.56,-11083.0,-16502.0,-23615.0,-0.03,-0.03,-0.01,-10838.0,-16415.0,-31802.0,41.0,12.0,0.0
1742505837.0365624,0.53,0.34,-0.56,-13541.0,-12300.0,27187.0,-0.03,-0.03,-0.01,-13296.0,-12213.0,19000.0,0.0,0.0,0.0
1742505837.0451243,0.53,0.34,-0.56,-15998.0,-8098.0,12452.0,-0.03,-0.03,-0.01,-15753.0,-8011.0,4265.0,73.0,59.0,107.0
1742505837.0572417,0.53,0.34,-0.56,-18456.0,-3896.0,-2282.0,-0.03,-0.03,-0.01,-18211.0,-3809.0,-10468.0,73.0,28.0,53.0
1742505837.0692575,0.53,0.34,-0.56,-20914.0,305.0,-17015.0,-0.03,-0.03,-0.01,-20669.0,391.0,-25202.0,112.0,55.0,59.0
1742505837.077773,0.53,0.34,-0.56,-23371.0,4505.0,-31749.0,-0.03,-0.03,-0.01,-23126.0,4591.0,25600.0,0.0,0.0,4.0
1742505837.0899146,0.53,0.34,-0.56,-25828.0,8705.0,19052.0,-0.03,-0.03,-0.01,-25583.0,8792.0,10865.0,0.0,0.0,0.0
1742505837.1024144,0.53,0.34,-0.56,-28284.0,12906.0,4317.0,-0.03,-0.03,-0.01,-28039.0,12993.0,-3869.0,20.0,40.0,0.0
1742505837.114526,0.53,0.34,-0.56,-30741.0,17107.0,-10417.0,-0.03,-0.03,-0.01,-30496.0,17194.0,-18603.0,1.0,24.0,63.0
1742505837.1270258,0.53,0.34,-0.56,32339.0,21308.0,-25151.0,-0.03,-0.03,-0.01,32583.0,21395.0,32199.0,22.0,7.0,10.0
1742505837.13503,0.53,0.34,-0.56,29881.0,25509.0,25651.0,-0.03,-0.03,-0.01,30125.0,25596.0,17464.0,0.0,0.0,0.0
1742505837.1475375,0.53,0.34,-0.56,27424.0,29710.0,10916.0,-0.03,-0.03,-0.01,27668.0,29797.0,2729.0,107.0,120.0,114.0
1742505837.1596813,0.53,0.34,-0.56,24966.0,-31625.0,-3819.0,-0.03,-0.03,-0.01,25210.0,-31538.0,-12005.0,34.0,0.0,21.0
1742505837.1676974,0.53,0.34,-0.56,22509.0,-27422.0,-18553.0,-0.03,-0.03,-0.01,22753.0,-27335.0,-26740.0,62.0,5.0,0.0
1742505837.179822,0.53,0.34,-0.56,20052.0,-23219.0,32249.0,-0.03,-0.03,-0.01,20296.0,-23131.0,24062.0,32.0,38.0,74.0
1742505837.1923223,0.53,0.34,-0.56,17595.0,-19015.0,17513.0,-0.03,-0.03,-0.01,17840.0,-18927.0,9326.0,3.0,0.0,18.0
1742505837.2008226,0.53,0.34,-0.56,15139.0,-14811.0,2777.0,-0.03,-0.03,-0.01,15384.0,-14723.0,-5409.0,0.0,0.0,0.0
1742505837.2173247,0.53,0.34,-0.56,12688.0,-10606.0,-11958.0,-0.03,-0.03,-0.01,12933.0,-10518.0,-20144.0,149.0,117.0,131.0
1742505837.2253227,0.53,0.33,-0.56,10245.0,-6398.0,-26694.0,-0.03,-0.03,-0.01,10490.0,-6311.0,30656.0,0.0,21.0,0.0
1742505837.237856,0.53,0.33,-0.56,7813.0,-2186.0,24104.0,-0.03,-0.03,-0.01,8058.0,-2099.0,15917.0,0.0,104.0,158.0
1742505837.2459016,0.53,0.33,-0.56,5400.0,2032.0,9361.0,-0.03,-0.03,-0.01,5645.0,2117.0,1174.0,282.0,224.0,243.0
1742505837.2579007,0.53,0.33,-0.56,3026.0,6262.0,-5388.0,-0.03,-0.03,-0.01,3273.0,6344.0,-13574.0,77.0,59.0,28.0
1742505837.269981,0.53,0.32,-0.56,704.0,10499.0,-20149.0,-0.03,-0.03,-0.01,951.0,10576.0,-28336.0,17.0,0.0,15.0
1742505837.2824798,0.52,0.31,-0.56,-1561.0,14749.0,30615.0,-0.03,-0.03,-0.01,-1312.0,14816.0,22427.0,153.0,217.0,166.0
1742505837.2909796,0.52,0.3,-0.57,-3754.0,19006.0,15825.0,-0.03,-0.03,-0.01,-3503.0,19069.0,7637.0,0.0,0.0,0.0
1742505837.3071756,0.5,0.28,-0.57,-5783.0,23293.0,998.0,-0.03,-0.03,-0.01,-5529.0,23349.0,-7189.0,24.0,22.0,25.0
1742505837.315785,0.5,0.27,-0.56,-7736.0,27554.0,-13863.0,-0.03,-0.03,-0.01,-7484.0,27599.0,-22050.0,137.0,187.0,237.0
1742505837.3273013,0.5,0.26,-0.56,-9616.0,31767.0,-28771.0,-0.03,-0.03,-0.0,-9363.0,31806.0,28578.0,53.0,80.0,37.0
1742505837.3361526,0.5,0.25,-0.54,-11421.0,-29628.0,21793.0,-0.03,-0.03,-0.0,-11168.0,-29591.0,13605.0,0.0,3.0,0.0
1742505837.348158,0.5,0.24,-0.53,-13154.0,-25581.0,6743.0,-0.03,-0.03,-0.0,-12904.0,-25546.0,-1444.0,180.0,164.0,203.0
1742505837.3603954,0.5,0.23,-0.52,-14809.0,-21621.0,-8377.0,-0.03,-0.03,-0.0,-14559.0,-21584.0,-16564.0,105.0,45.0,92.0
1742505837.372394,0.5,0.23,-0.5,-16388.0,-17768.0,-23578.0,-0.03,-0.03,-0.0,-16141.0,-17727.0,-31765.0,0.0,0.0,30.0
1742505837.384895,0.5,0.21,-0.46,-17827.0,-14190.0,26577.0,-0.03,-0.03,-0.0,-17579.0,-14150.0,18389.0,128.0,0.0,43.0
1742505837.3973942,0.5,0.2,-0.43,-19200.0,-10788.0,11096.0,-0.03,-0.03,-0.0,-18952.0,-10749.0,2908.0,0.0,72.0,113.0
1742505837.4053948,0.5,0.19,-0.41,-20511.0,-7556.0,-4473.0,-0.03,-0.03,-0.0,-20262.0,-7518.0,-12660.0,196.0,134.0,116.0
1742505837.4177804,0.51,0.18,-0.39,-21749.0,-4486.0,-20123.0,-0.03,-0.03,-0.0,-21502.0,-4447.0,-28310.0,222.0,156.0,158.0
1742505837.4296076,0.51,0.17,-0.36,-22919.0,-1612.0,29673.0,-0.03,-0.03,-0.01,-22676.0,-1568.0,21484.0,0.0,1.0,18.0
1742505837.4379485,0.51,0.16,-0.33,-24013.0,1063.0,13842.0,-0.03,-0.03,-0.01,-23773.0,1117.0,5654.0,93.0,5.0,18.0
1742505837.4503787,0.51,0.15,-0.3,-25022.0,3542.0,-2070.0,-0.04,-0.03,-0.01,-24785.0,3621.0,-10258.0,82.0,71.0,63.0
1742505837.462514,0.51,0.14,-0.28,-25947.0,5846.0,-18055.0,-0.04,-0.03,-0.01,-25712.0,5939.0,-26242.0,0.0,16.0,133.0
1742505837.4751084,0.51,0.12,-0.23,-26688.0,7758.0,31367.0,-0.04,-0.03,-0.01,-26449.0,7859.0,23179.0,95.0,78.0,191.0
1742505837.4872859,0.51,0.11,-0.2,-27339.0,9456.0,15194.0,-0.04,-0.03,-0.01,-27100.0,9556.0,7006.0,92.0,46.0,12.0
1742505837.495786,0.51,0.1,-0.17,-27918.0,10923.0,-1029.0,-0.04,-0.03,-0.01,-27675.0,11022.0,-9216.0,95.0,165.0,225.0
1742505837.5077848,0.5,0.09,-0.14,-28421.0,12172.0,-17292.0,-0.04,-0.03,-0.01,-28177.0,12271.0,-25479.0,224.0,103.0,121.0
1742505837.5201554,0.5,0.08,-0.12,-28815.0,13210.0,31945.0,-0.04,-0.03,-0.01,-28568.0,13310.0,23757.0,158.0,127.0,39.0
1742505837.5322413,0.5,0.06,-0.09,-29075.0,14036.0,15613.0,-0.04,-0.03,-0.01,-28825.0,14141.0,7425.0,279.0,226.0,251.0
1742505837.5407727,0.49,0.04,-0.06,-29191.0,14670.0,-741.0,-0.04,-0.03,-0.01,-28942.0,14782.0,-8928.0,73.0,115.0,45.0
1742505837.5567756,0.47,0.01,-0.02,-29037.0,14932.0,-17117.0,-0.04,-0.03,-0.01,-28788.0,15051.0,-25303.0,17.0,0.0,7.0
1742505837.5652754,0.46,-0.01,0.0,-28729.0,15027.0,32042.0,-0.04,-0.03,-0.02,-28481.0,15152.0,23855.0,143.0,176.0,161.0
1742505837.5777745,0.45,-0.03,0.03,-28263.0,14944.0,15669.0,-0.04,-0.03,-0.02,-28016.0,15078.0,7482.0,0.0,13.0,15.0
1742505837.5857744,0.44,-0.05,0.05,-27644.0,14700.0,-692.0,-0.04,-0.03,-0.02,-27398.0,14841.0,-8878.0,4.0,72.0,4.0
1742505837.5982745,0.44,-0.06,0.07,-26873.0,14279.0,-17033.0,-0.04,-0.03,-0.02,-26629.0,14428.0,-25219.0,152.0,168.0,134.0
1742505837.6102753,0.43,-0.08,0.09,-25946.0,13681.0,32189.0,-0.04,-0.03,-0.02,-25703.0,13851.0,24003.0,0.0,24.0,42.0
1742505837.6222746,0.42,-0.1,0.11,-24867.0,12929.0,15906.0,-0.03,-0.03,-0.02,-24624.0,13109.0,7720.0,78.0,81.0,0.0
1742505837.6348207,0.41,-0.14,0.16,-23508.0,11811.0,-290.0,-0.03,-0.03,-0.02,-23267.0,11999.0,-8475.0,0.0,61.0,105.0
1742505837.6468644,0.4,-0.15,0.19,-22013.0,10505.0,-16430.0,-0.03,-0.03,-0.02,-21772.0,10704.0,-24615.0,97.0,152.0,97.0
1742505837.6554947,0.39,-0.17,0.21,-20370.0,9029.0,-32510.0,-0.03,-0.03,-0.03,-20130.0,9238.0,24842.0,53.0,17.0,42.0
1742505837.6674933,0.39,-0.19,0.23,-18584.0,7371.0,17017.0,-0.03,-0.03,-0.03,-18344.0,7589.0,8832.0,54.0,0.0,140.0
1742505837.679509,0.38,-0.21,0.26,-16657.0,5540.0,1082.0,-0.03,-0.03,-0.03,-16420.0,5766.0,-7103.0,0.0,0.0,24.0
1742505837.6878166,0.38,-0.22,0.28,-14599.0,3535.0,-14772.0,-0.03,-0.03,-0.03,-14365.0,3769.0,-22957.0,14.0,60.0,38.0
1742505837.7003207,0.37,-0.24,0.31,-12405.0,1355.0,-30535.0,-0.03,-0.03,-0.03,-12173.0,1608.0,26817.0,104.0,0.0,0.0
1742505837.7164257,0.37,-0.27,0.36,-9950.0,-1171.0,19439.0,-0.02,-0.03,-0.03,-9719.0,-907.0,11254.0,279.0,320.0,288.0
1742505837.7249255,0.36,-0.29,0.39,-7368.0,-3865.0,3986.0,-0.02,-0.03,-0.03,-7138.0,-3589.0,-4197.0,87.0,63.0,88.0
1742505837.737115,0.36,-0.31,0.41,-4655.0,-6707.0,-11352.0,-0.02,-0.03,-0.04,-4427.0,-6419.0,-19535.0,33.0,84.0,0.0
1742505837.745629,0.36,-0.32,0.44,-1812.0,-9702.0,-26569.0,-0.02,-0.03,-0.04,-1586.0,-9401.0,30784.0,205.0,253.0,289.0
1742505837.7578325,0.36,-0.34,0.46,1155.0,-12840.0,23873.0,-0.02,-0.03,-0.04,1377.0,-12529.0,15690.0,132.0,164.0,231.0
1742505837.7697515,0.35,-0.36,0.49,4244.0,-16125.0,8911.0,-0.01,-0.03,-0.04,4462.0,-15804.0,728.0,237.0,169.0,137.0
1742505837.778253,0.35,-0.37,0.51,7451.0,-19557.0,-5911.0,-0.01,-0.03,-0.04,7666.0,-19227.0,-14093.0,129.0,103.0,109.0
1742505837.7907488,0.35,-0.39,0.54,10776.0,-23133.0,-20586.0,-0.01,-0.03,-0.04,10987.0,-22785.0,-28767.0,153.0,140.0,47.0
1742505837.8067784,0.35,-0.42,0.6,14330.0,-26998.0,30592.0,-0.0,-0.03,-0.04,14538.0,-26643.0,22411.0,91.0,229.0,118.0
1742505837.8152785,0.35,-0.44,0.63,17994.0,-31008.0,16403.0,-0.0,-0.03,-0.04,18199.0,-30647.0,8222.0,250.0,292.0,278.0
1742505837.8273878,0.35,-0.45,0.66,21760.0,30378.0,2385.0,-0.0,-0.02,-0.04,21960.0,30739.0,-5795.0,90.0,153.0,104.0
1742505837.8394125,0.35,-0.46,0.69,25607.0,26080.0,-11459.0,-0.0,-0.02,-0.04,25802.0,26439.0,-19639.0,46.0,24.0,15.0
1742505837.847898,0.34,-0.47,0.72,29522.0,21625.0,-25124.0,-0.0,-0.02,-0.04,29716.0,21983.0,32232.0,202.0,171.0,224.0
1742505837.8603988,0.34,-0.48,0.75,-32038.0,17022.0,26924.0,-0.0,-0.02,-0.04,-31846.0,17376.0,18741.0,26.0,28.0,96.0
1742505837.876078,0.34,-0.49,0.81,-27958.0,12143.0,13780.0,0.0,-0.02,-0.04,-27768.0,12497.0,5597.0,86.0,100.0,80.0
1742505837.8845592,0.34,-0.5,0.84,-23847.0,7143.0,795.0,0.0,-0.02,-0.04,-23660.0,7494.0,-7387.0,63.0,49.0,75.0
1742505837.896559,0.34,-0.5,0.87,-19698.0,2035.0,-12034.0,0.0,-0.02,-0.04,-19513.0,2383.0,-20216.0,117.0,54.0,105.0
1742505837.905561,0.34,-0.51,0.89,-15514.0,-3170.0,-24717.0,0.0,-0.02,-0.04,-15330.0,-2821.0,32637.0,25.0,79.0,43.0
1742505837.9177215,0.34,-0.51,0.91,-11304.0,-8453.0,28260.0,0.0,-0.02,-0.04,-11122.0,-8109.0,20077.0,144.0,96.0,5.0
1742505837.9297206,0.34,-0.52,0.93,-7068.0,-13808.0,15813.0,0.0,-0.02,-0.04,-6888.0,-13466.0,7630.0,159.0,194.0,182.0
1742505837.9416184,0.34,-0.52,0.94,-2811.0,-19222.0,3467.0,0.0,-0.02,-0.04,-2634.0,-18887.0,-4715.0,153.0,178.0,164.0
1742505837.9541357,0.34,-0.53,0.97,1480.0,-24737.0,-8707.0,0.0,-0.02,-0.04,1655.0,-24406.0,-16889.0,56.0,85.0,83.0
1742505837.9663007,0.34,-0.53,0.98,5777.0,-30295.0,-20815.0,0.0,-0.02,-0.04,5953.0,-29965.0,-28997.0,262.0,230.0,220.0
1742505837.974788,0.34,-0.53,0.99,10083.0,29654.0,32664.0,0.0,-0.02,-0.04,10258.0,29980.0,24481.0,80.0,28.0,35.0
1742505837.9874332,0.34,-0.53,1.0,14398.0,24036.0,20657.0,0.0,-0.02,-0.04,14571.0,24360.0,12474.0,0.0,0.0,0.0
1742505837.9954343,0.34,-0.53,1.01,18715.0,18389.0,8695.0,0.0,-0.02,-0.04,18886.0,18709.0,512.0,130.0,149.0,151.0
1742505838.0080886,0.34,-0.53,1.01,23031.0,12718.0,-3233.0,0.0,-0.02,-0.04,23201.0,13036.0,-11417.0,0.0,0.0,8.0
1742505838.0196068,0.34,-0.53,1.02,27348.0,7028.0,-15133.0,0.0,-0.02,-0.04,27516.0,7345.0,-23317.0,9.0,0.0,0.0
1742505838.0320892,0.34,-0.53,1.02,31665.0,1324.0,-27007.0,0.0,-0.02,-0.04,31830.0,1634.0,30345.0,132.0,164.0,152.0
1742505838.0445895,0.34,-0.53,1.03,-29552.0,-4400.0,26682.0,0.0,-0.02,-0.04,-29387.0,-4092.0,18497.0,0.0,0.0,0.0
1742505838.0566914,0.34,-0.53,1.03,-25230.0,-10126.0,14837.0,0.0,-0.02,-0.04,-25066.0,-9821.0,6652.0,0.0,0.0,0.0
1742505838.0652044,0.34,-0.53,1.03,-20905.0,-15856.0,2995.0,0.0,-0.02,-0.04,-20743.0,-15553.0,-5189.0,132.0,157.0,120.0
1742505838.0772822,0.33,-0.53,1.03,-16582.0,-21588.0,-8843.0,0.0,-0.02,-0.04,-16421.0,-21287.0,-17027.0,0.0,0.0,0.0
1742505838.0852833,0.33,-0.53,1.03,-12259.0,-27317.0,-20689.0,0.0,-0.02,-0.04,-12099.0,-27017.0,-28873.0,0.0,0.0,0.0
1742505838.0977821,0.33,-0.53,1.02,-7941.0,32494.0,-32546.0,0.0,-0.02,-0.04,-7782.0,-32744.0,24806.0,150.0,148.0,150.0
1742505838.1100795,0.33,-0.53,1.02,-3629.0,26769.0,21122.0,0.0,-0.02,-0.04,-3474.0,27063.0,12937.0,0.0,0.0,0.0
1742505838.122073,0.32,-0.53,1.01,651.0,21052.0,9201.0,0.0,-0.02,-0.04,803.0,21342.0,1016.0,0.0,0.0,11.0
1742505838.134565,0.32,-0.53,1.01,4915.0,15352.0,-2767.0,0.0,-0.02,-0.04,5066.0,15640.0,-10951.0,68.0,67.0,45.0
1742505838.1430655,0.31,-0.53,1.0,9174.0,9680.0,-14787.0,0.0,-0.02,-0.03,9323.0,9964.0,-22971.0,0.0,0.0,0.0
1742505838.1550703,0.31,-0.53,0.99,13433.0,4043.0,-26863.0,0.0,-0.02,-0.03,13580.0,4321.0,30488.0,0.0,0.0,0.0
1742505838.1670706,0.31,-0.53,0.98,17691.0,-1558.0,26534.0,0.0,-0.02,-0.03,17835.0,-1283.0,18347.0,137.0,127.0,123.0
1742505838.175574,0.3,-0.53,0.97,21941.0,-7116.0,14321.0,0.0,-0.02,-0.03,22084.0,-6843.0,6134.0,0.0,0.0,0.0
1742505838.1875715,0.3,-0.52,0.96,26186.0,-12634.0,2044.0,0.0,-0.02,-0.03,26329.0,-12359.0,-6142.0,0.0,0.0,0.0
1742505838.1996598,0.3,-0.52,0.95,30425.0,-18117.0,-10284.0,0.0,-0.02,-0.03,30569.0,-17840.0,-18470.0,114.0,160.0,138.0
1742505838.212161,0.29,-0.52,0.94,-30880.0,-23570.0,-22659.0,0.0,-0.02,-0.03,-30736.0,-23296.0,-30845.0,0.0,0.0,0.0
1742505838.2246583,0.29,-0.52,0.92,-26664.0,-28964.0,30403.0,0.0,-0.02,-0.03,-26523.0,-28691.0,22216.0,8.0,1.0,7.0
1742505838.2331648,0.29,-0.52,0.91,-22450.0,31216.0,17877.0,0.0,-0.02,-0.03,-22311.0,31488.0,9690.0,47.0,13.0,3.0
1742505838.2451644,0.29,-0.52,0.91,-18250.0,25887.0,5303.0,0.0,-0.02,-0.03,-18110.0,26159.0,-2883.0,0.0,14.0,22.0
1742505838.2571707,0.29,-0.51,0.9,-14077.0,20580.0,-7322.0,0.0,-0.02,-0.03,-13939.0,20849.0,-15508.0,0.0,7.0,0.0
1742505838.2656705,0.29,-0.51,0.89,-9925.0,15302.0,-20005.0,0.0,-0.02,-0.03,-9789.0,15570.0,-28191.0,124.0,111.0,71.0
1742505838.2776713,0.28,-0.51,0.88,-5796.0,10053.0,-32743.0,0.0,-0.02,-0.03,-5659.0,10319.0,24607.0,0.0,0.0,0.0
1742505838.286173,0.28,-0.51,0.87,-1686.0,4829.0,20005.0,0.0,-0.02,-0.03,-1550.0,5093.0,11818.0,0.0,0.0,0.0
1742505838.2980323,0.27,-0.5,0.86,2407.0,-362.0,7162.0,0.0,-0.02,-0.03,2541.0,-101.0,-1024.0,163.0,121.0,114.0
1742505838.3106914,0.27,-0.5,0.86,6483.0,-5526.0,-5727.0,0.0,-0.02,-0.03,6615.0,-5269.0,-13913.0,0.0,0.0,0.0
1742505838.3231726,0.27,-0.5,0.84,10539.0,-10639.0,-18693.0,0.0,-0.02,-0.03,10669.0,-10384.0,-26879.0,0.0,8.0,1.0
1742505838.3353229,0.27,-0.5,0.84,14584.0,-15732.0,-31691.0,0.0,-0.02,-0.03,14713.0,-15479.0,25659.0,53.0,26.0,0.0
1742505838.3438232,0.26,-0.5,0.83,18614.0,-20805.0,20810.0,0.0,-0.02,-0.03,18742.0,-20552.0,12623.0,0.0,8.0,5.0
1742505838.3557868,0.26,-0.49,0.83,22627.0,-25860.0,7742.0,0.0,-0.02,-0.03,22753.0,-25608.0,-444.0,8.0,0.0,0.0
1742505838.367746,0.26,-0.49,0.82,26621.0,-30899.0,-5356.0,0.0,-0.02,-0.03,26746.0,-30648.0,-13542.0,143.0,114.0,81.0
1742505838.3762474,0.26,-0.49,0.82,30595.0,29617.0,-18490.0,0.0,-0.02,-0.03,30718.0,29865.0,-26676.0,0.0,0.0,0.0
1742505838.3887506,0.25,-0.49,0.81,-30991.0,24615.0,-31665.0,0.0,-0.01,-0.03,-30868.0,24862.0,25685.0,0.0,0.0,0.0
1742505838.4007506,0.25,-0.48,0.8,-27061.0,19639.0,20651.0,0.0,-0.01,-0.03,-26941.0,19882.0,12464.0,40.0,26.0,21.0
1742505838.4132516,0.24,-0.48,0.79,-23172.0,14717.0,7343.0,0.0,-0.01,-0.03,-23053.0,14958.0,-843.0,141.0,135.0,150.0
1742505838.425258,0.24,-0.48,0.78,-19304.0,9825.0,-6010.0,0.0,-0.01,-0.03,-19186.0,10064.0,-14196.0,0.0,15.0,0.0
1742505838.4337533,0.24,-0.47,0.77,-15455.0,4963.0,-19408.0,0.0,-0.01,-0.03,-15338.0,5201.0,-27594.0,0.0,0.0,0.0
1742505838.4452534,0.23,-0.47,0.77,-11625.0,130.0,32688.0,0.0,-0.01,-0.03,-11508.0,367.0,24501.0,41.0,46.0,66.0
1742505838.4577727,0.23,-0.47,0.76,-7813.0,-4676.0,19208.0,0.0,-0.01,-0.03,-7696.0,-4439.0,11021.0,0.0,0.0,17.0
1742505838.4662578,0.23,-0.47,0.76,-4019.0,-9457.0,5692.0,0.0,-0.01,-0.03,-3903.0,-9221.0,-2494.0,103.0,105.0,93.0
1742505838.4788923,0.23,-0.46,0.75,-245.0,-14216.0,-7857.0,0.0,-0.01,-0.03,-130.0,-13981.0,-16043.0,0.0,0.0,0.0
1742505838.4873922,0.23,-0.46,0.75,3509.0,-18956.0,-21435.0,0.0,-0.01,-0.03,3622.0,-18722.0,-29621.0,0.0,0.0,0.0
1742505838.4993913,0.22,-0.46,0.74,7244.0,-23679.0,30493.0,0.0,-0.01,-0.03,7354.0,-23449.0,22304.0,95.0,39.0,52.0
1742505838.5153916,0.22,-0.45,0.73,10940.0,-28364.0,16818.0,0.0,-0.01,-0.03,11048.0,-28136.0,8629.0,118.0,117.0,138.0
1742505838.5233912,0.22,-0.45,0.72,14616.0,32511.0,3110.0,0.0,-0.01,-0.03,14723.0,32736.0,-5078.0,0.0,36.0,0.0
1742505838.5355086,0.21,-0.45,0.72,18274.0,27873.0,-10631.0,0.0,-0.01,-0.03,18380.0,28097.0,-18819.0,0.0,0.0,0.0
1742505838.544484,0.21,-0.45,0.71,21915.0,23263.0,-24408.0,0.0,-0.01,-0.03,22020.0,23485.0,-32596.0,35.0,63.0,97.0
1742505838.5564892,0.21,-0.44,0.71,25538.0,18683.0,27314.0,0.0,-0.01,-0.03,25642.0,18903.0,19125.0,3.0,0.0,0.0
1742505838.5684912,0.21,-0.44,0.7,29145.0,14133.0,13461.0,0.0,-0.01,-0.03,29248.0,14352.0,5272.0,86.0,91.0,36.0
1742505838.576988,0.21,-0.44,0.69,32733.0,9612.0,-427.0,0.0,-0.01,-0.03,-32701.0,9830.0,-8615.0,0.0,0.0,0.0
1742505838.588989,0.2,-0.44,0.69,-29235.0,5118.0,-14349.0,0.0,-0.01,-0.03,-29134.0,5334.0,-22537.0,0.0,3.0,0.0
1742505838.6014886,0.2,-0.43,0.68,-25713.0,670.0,-28337.0,0.0,-0.01,-0.03,-25612.0,886.0,29011.0,0.0,0.0,0.0
1742505838.6135585,0.2,-0.43,0.67,-22213.0,-3755.0,23179.0,0.0,-0.01,-0.03,-22113.0,-3539.0,14990.0,152.0,150.0,156.0
1742505838.6260586,0.2,-0.42,0.67,-18737.0,-8158.0,9128.0,0.0,-0.01,-0.03,-18638.0,-7943.0,939.0,5.0,0.0,16.0
1742505838.634061,0.19,-0.42,0.66,-15282.0,-12539.0,-4953.0,0.0,-0.01,-0.03,-15184.0,-12325.0,-13141.0,0.0,0.0,0.0
1742505838.646567,0.19,-0.42,0.66,-11846.0,-16896.0,-19061.0,0.0,-0.01,-0.03,-11749.0,-16684.0,-27249.0,37.0,59.0,81.0
1742505838.655228,0.19,-0.42,0.65,-8428.0,-21231.0,32339.0,0.0,-0.01,-0.03,-8332.0,-21021.0,24150.0,0.0,30.0,18.0
1742505838.666726,0.19,-0.42,0.65,-5025.0,-25541.0,18172.0,0.0,-0.01,-0.03,-4930.0,-25333.0,9983.0,106.0,67.0,50.0
1742505838.6792274,0.19,-0.41,0.64,-1636.0,-29825.0,3977.0,0.0,-0.01,-0.03,-1543.0,-29619.0,-4211.0,0.0,0.0,0.0
1742505838.6912274,0.18,-0.41,0.64,1737.0,31455.0,-10245.0,0.0,-0.01,-0.02,1827.0,31658.0,-18433.0,18.0,0.0,0.0
1742505838.7042282,0.18,-0.41,0.63,5081.0,27247.0,-24520.0,0.0,-0.01,-0.02,5171.0,27449.0,-32708.0,0.0,0.0,0.0
1742505838.7162259,0.18,-0.41,0.62,8409.0,23064.0,26714.0,0.0,-0.01,-0.02,8498.0,23265.0,18525.0,146.0,124.0,163.0
1742505838.724229,0.18,-0.4,0.62,11717.0,18906.0,12382.0,0.0,-0.01,-0.02,11805.0,19106.0,4193.0,10.0,0.0,0.0
1742505838.736229,0.18,-0.4,0.61,15003.0,14772.0,-1979.0,0.0,-0.01,-0.02,15090.0,14971.0,-10167.0,0.0,0.0,0.0
1742505838.744729,0.17,-0.4,0.61,18264.0,10659.0,-16367.0,0.0,-0.01,-0.02,18350.0,10857.0,-24555.0,76.0,84.0,66.0
1742505838.7567375,0.17,-0.39,0.6,21500.0,6568.0,-30783.0,0.0,-0.01,-0.02,21585.0,6766.0,26565.0,2.0,0.0,27.0
1742505838.7693725,0.17,-0.39,0.6,24712.0,2502.0,20308.0,0.0,-0.01,-0.02,24797.0,2699.0,12119.0,25.0,64.0,18.0
1742505838.7813728,0.17,-0.39,0.59,27903.0,-1538.0,5834.0,0.0,-0.01,-0.02,27987.0,-1343.0,-2354.0,154.0,131.0,122.0
1742505838.7938726,0.16,-0.38,0.58,31057.0,-5525.0,-8693.0,0.0,-0.01,-0.02,31140.0,-5332.0,-16881.0,0.0,0.0,0.0
1742505838.8023717,0.16,-0.38,0.58,-31342.0,-9487.0,-23244.0,0.0,-0.01,-0.02,-31259.0,-9295.0,-31432.0,0.0,0.0,0.0
1742505838.8143725,0.16,-0.38,0.57,-28218.0,-13423.0,27716.0,0.0,-0.01,-0.02,-28136.0,-13233.0,19527.0,132.0,137.0,135.0
1742505838.826388,0.16,-0.38,0.57,-25108.0,-17336.0,13116.0,0.0,-0.01,-0.02,-25027.0,-17147.0,4927.0,0.0,27.0,10.0
1742505838.8350205,0.16,-0.38,0.57,-22013.0,-21226.0,-1506.0,0.0,-0.01,-0.02,-21933.0,-21038.0,-9694.0,0.0,0.0,0.0
1742505838.8470473,0.16,-0.37,0.56,-18936.0,-25093.0,-16148.0,0.0,-0.01,-0.02,-18857.0,-24906.0,-24336.0,147.0,138.0,111.0
1742505838.8595605,0.16,-0.37,0.56,-15878.0,-28939.0,-30813.0,0.0,-0.01,-0.02,-15800.0,-28753.0,26535.0,24.0,15.0,0.0
1742505838.8715603,0.15,-0.37,0.55,-12840.0,-32763.0,20034.0,0.0,-0.01,-0.02,-12764.0,-32578.0,11845.0,0.0,0.0,0.0
1742505838.884062,0.15,-0.36,0.54,-9845.0,28994.0,5297.0,0.0,-0.01,-0.02,-9769.0,29177.0,-2891.0,137.0,79.0,77.0
1742505838.8922944,0.15,-0.36,0.54,-6871.0,25239.0,-9463.0,0.0,-0.01,-0.02,-6796.0,25421.0,-17651.0,0.0,0.0,0.0
1742505838.904311,0.15,-0.36,0.54,-3918.0,21509.0,-24247.0,0.0,-0.01,-0.02,-3844.0,21689.0,-32435.0,0.0,0.0,0.0
1742505838.9164248,0.15,-0.36,0.53,-986.0,17805.0,26480.0,0.0,-0.01,-0.02,-912.0,17984.0,18291.0,178.0,140.0,134.0
1742505838.9250042,0.14,-0.35,0.53,1928.0,14127.0,11645.0,0.0,-0.01,-0.02,2000.0,14305.0,3456.0,0.0,0.0,0.0
1742505838.9370065,0.14,-0.35,0.52,4824.0,10475.0,-3211.0,0.0,-0.01,-0.02,4896.0,10652.0,-11399.0,0.0,0.0,0.0
1742505838.945507,0.14,-0.35,0.52,7705.0,6848.0,-18087.0,0.0,-0.01,-0.02,7776.0,7024.0,-26275.0,124.0,129.0,151.0
1742505838.9611824,0.14,-0.35,0.51,10570.0,3244.0,32553.0,0.0,-0.01,-0.02,10639.0,3418.0,24364.0,0.0,0.0,0.0
1742505838.9741657,0.14,-0.34,0.51,13402.0,-317.0,17618.0,0.0,-0.01,-0.02,13471.0,-143.0,9429.0,0.0,3.0,12.0
1742505838.982667,0.14,-0.34,0.5,16218.0,-3858.0,2665.0,0.0,-0.01,-0.02,16286.0,-3685.0,-5523.0,101.0,125.0,51.0
1742505838.994667,0.14,-0.34,0.5,19017.0,-7379.0,-12304.0,0.0,-0.01,-0.02,19084.0,-7207.0,-20492.0,0.0,0.0,0.0
1742505839.0026667,0.14,-0.34,0.5,21798.0,-10879.0,-27292.0,0.0,-0.01,-0.02,21864.0,-10708.0,30055.0,0.0,0.0,0.0
1742505839.0148377,0.13,-0.34,0.49,24563.0,-14357.0,23236.0,0.0,-0.01,-0.02,24628.0,-14187.0,15046.0,138.0,164.0,98.0
1742505839.0273383,0.13,-0.33,0.49,27308.0,-17811.0,8207.0,0.0,-0.01,-0.02,27372.0,-17642.0,17.0,3.0,0.0,2.0
1742505839.035841,0.13,-0.33,0.48,30034.0,-21240.0,-6843.0,0.0,-0.01,-0.02,30098.0,-21072.0,-15033.0,0.0,0.0,0.0
1742505839.0478656,0.13,-0.33,0.48,32743.0,-24643.0,-21913.0,0.0,-0.01,-0.02,-32730.0,-24476.0,-30103.0,141.0,140.0,192.0
1742505839.0600402,0.13,-0.33,0.47,-30101.0,-28021.0,28533.0,0.0,-0.01,-0.02,-30038.0,-27856.0,20342.0,0.0,0.0,0.0
1742505839.0725393,0.13,-0.32,0.47,-27443.0,-31352.0,13403.0,0.0,-0.01,-0.02,-27381.0,-31188.0,5212.0,19.0,10.0,0.0
1742505839.0846307,0.13,-0.32,0.46,-24803.0,30875.0,-1743.0,0.0,-0.01,-0.02,-24741.0,31038.0,-9933.0,77.0,17.0,40.0
1742505839.093223,0.12,-0.32,0.46,-22180.0,27584.0,-16906.0,0.0,-0.01,-0.02,-22119.0,27746.0,-25096.0,0.0,6.0,0.0
1742505839.105223,0.12,-0.32,0.46,-19575.0,24312.0,-32084.0,0.0,-0.01,-0.02,-19515.0,24473.0,25262.0,0.0,27.0,20.0
1742505839.1176686,0.12,-0.31,0.45,-16986.0,21059.0,18257.0,0.0,-0.01,-0.02,-16926.0,21219.0,10066.0,134.0,148.0,120.0
1742505839.1257534,0.12,-0.31,0.45,-14414.0,17826.0,3046.0,0.0,-0.01,-0.02,-14355.0,17985.0,-5144.0,0.0,0.0,0.0
1742505839.141919,0.12,-0.31,0.45,-11860.0,14613.0,-12180.0,0.0,-0.01,-0.02,-11803.0,14770.0,-20370.0,52.0,20.0,0.0
1742505839.1541073,0.12,-0.31,0.44,-9340.0,11443.0,-27439.0,0.0,-0.01,-0.02,-9284.0,11599.0,29907.0,0.0,0.0,0.0
1742505839.1625926,0.12,-0.3,0.44,-6838.0,8296.0,22820.0,0.0,-0.01,-0.02,-6783.0,8451.0,14629.0,132.0,177.0,123.0
1742505839.1750913,0.12,-0.3,0.43,-4354.0,5172.0,7526.0,0.0,-0.01,-0.02,-4299.0,5326.0,-664.0,34.0,4.0,32.0
1742505839.1831,0.11,-0.3,0.43,-1886.0,2070.0,-7783.0,0.0,-0.01,-0.02,-1831.0,2223.0,-15973.0,44.0,2.0,0.0
1742505839.1954043,0.11,-0.3,0.43,566.0,-1009.0,-23107.0,0.0,-0.01,-0.02,619.0,-856.0,-31297.0,4.0,0.0,0.0
1742505839.2034042,0.11,-0.29,0.42,2999.0,-4065.0,27089.0,0.0,-0.01,-0.02,3052.0,-3913.0,18898.0,9.0,0.0,0.0
1742505839.2159054,0.11,-0.29,0.42,5415.0,-7100.0,11732.0,0.0,-0.01,-0.02,5467.0,-6948.0,3541.0,172.0,120.0,98.0
1742505839.2279205,0.11,-0.29,0.42,7813.0,-10116.0,-3638.0,0.0,-0.01,-0.02,7865.0,-9965.0,-11828.0,0.0,0.0,0.0
1742505839.2364316,0.11,-0.29,0.41,10195.0,-13113.0,-19021.0,0.0,-0.01,-0.02,10246.0,-12963.0,-27211.0,0.0,0.0,0.0
1742505839.2484436,0.11,-0.29,0.41,12561.0,-16091.0,31118.0,0.0,-0.01,-0.02,12611.0,-15942.0,22927.0,131.0,82.0,89.0
1742505839.264797,0.11,-0.28,0.4,14898.0,-19028.0,15692.0,0.0,-0.01,-0.02,14947.0,-18880.0,7501.0,136.0,107.0,165.0
1742505839.273279,0.11,-0.28,0.4,17221.0,-21945.0,253.0,0.0,-0.01,-0.02,17270.0,-21798.0,-7937.0,17.0,5.0,33.0
1742505839.285279,0.11,-0.28,0.4,19531.0,-24841.0,-15197.0,0.0,-0.01,-0.02,19579.0,-24695.0,-23387.0,66.0,42.0,10.0
1742505839.293779,0.11,-0.28,0.39,21828.0,-27715.0,-30661.0,0.0,-0.01,-0.02,21876.0,-27570.0,26685.0,30.0,52.0,30.0
1742505839.305779,0.1,-0.28,0.39,24112.0,-30569.0,19397.0,0.0,-0.01,-0.02,24159.0,-30425.0,11206.0,16.0,0.0,0.0
1742505839.318279,0.1,-0.27,0.39,26380.0,32133.0,3905.0,0.0,-0.01,-0.02,26426.0,32275.0,-4285.0,151.0,108.0,98.0
1742505839.3305163,0.1,-0.27,0.38,28632.0,29317.0,-11598.0,0.0,-0.01,-0.02,28678.0,29458.0,-19788.0,115.0,147.0,113.0
1742505839.3425376,0.1,-0.27,0.38,30851.0,26541.0,-27127.0,0.0,-0.01,-0.02,30896.0,26682.0,30219.0,0.0,0.0,0.0
1742505839.3547106,0.1,-0.27,0.38,-32483.0,23783.0,22866.0,0.0,-0.01,-0.02,-32437.0,23923.0,14675.0,0.0,0.0,0.0
1742505839.3631873,0.1,-0.26,0.37,-30295.0,21044.0,7310.0,0.0,-0.01,-0.02,-30250.0,21183.0,-880.0,138.0,151.0,154.0
1742505839.3752983,0.1,-0.26,0.37,-28124.0,18324.0,-8256.0,0.0,-0.01,-0.02,-28079.0,18463.0,-16446.0,7.0,0.0,36.0
1742505839.3837984,0.1,-0.26,0.37,-25967.0,15624.0,-23833.0,0.0,-0.01,-0.02,-25923.0,15762.0,-32023.0,0.0,0.0,0.0
1742505839.3962977,0.1,-0.26,0.36,-23825.0,12944.0,26114.0,0.0,-0.01,-0.02,-23781.0,13081.0,17923.0,107.0,158.0,114.0
1742505839.4082975,0.1,-0.26,0.36,-21695.0,10283.0,10512.0,0.0,-0.01,-0.02,-21652.0,10419.0,2321.0,1.0,22.0,0.0
1742505839.4203212,0.1,-0.26,0.36,-19580.0,7641.0,-5101.0,0.0,-0.01,-0.02,-19538.0,7776.0,-13291.0,0.0,0.0,0.0
1742505839.4328222,0.1,-0.25,0.35,-17491.0,5038.0,-20735.0,0.0,-0.0,-0.02,-17450.0,5172.0,-28925.0,156.0,121.0,64.0
1742505839.444837,0.09,-0.25,0.35,-15417.0,2453.0,29157.0,0.0,-0.0,-0.02,-15376.0,2586.0,20966.0,0.0,0.0,0.0
1742505839.4533346,0.09,-0.25,0.35,-13357.0,-114.0,13500.0,0.0,-0.0,-0.02,-13317.0,18.0,5309.0,0.0,0.0,0.0
1742505839.4655147,0.09,-0.25,0.34,-11313.0,-2663.0,-2166.0,0.0,-0.0,-0.02,-11273.0,-2530.0,-10356.0,146.0,209.0,142.0
1742505839.4740143,0.09,-0.25,0.34,-9284.0,-5192.0,-17843.0,0.0,-0.0,-0.02,-9245.0,-5060.0,-26033.0,0.0,20.0,0.0
1742505839.486195,0.09,-0.24,0.34,-7271.0,-7704.0,32006.0,0.0,-0.0,-0.02,-7232.0,-7572.0,23815.0,0.0,0.0,0.0
1742505839.4982116,0.09,-0.24,0.34,-5272.0,-10197.0,16306.0,0.0,-0.0,-0.02,-5233.0,-10066.0,8115.0,108.0,120.0,154.0
1742505839.506694,0.09,-0.24,0.33,-3288.0,-12672.0,596.0,0.0,-0.0,-0.02,-3250.0,-12542.0,-7594.0,26.0,47.0,54.0
1742505839.518694,0.09,-0.24,0.33,-1319.0,-15128.0,-15122.0,0.0,-0.0,-0.02,-1282.0,-14999.0,-23312.0,0.0,0.0,0.0
1742505839.531195,0.09,-0.23,0.33,623.0,-17546.0,-30860.0,0.0,-0.0,-0.02,659.0,-17418.0,26486.0,90.0,101.0,56.0
1742505839.5436993,0.09,-0.23,0.32,2551.0,-19947.0,18928.0,0.0,-0.0,-0.02,2586.0,-19819.0,10737.0,2.0,0.0,0.0
1742505839.5554144,0.09,-0.23,0.32,4467.0,-22329.0,3169.0,0.0,-0.0,-0.02,4502.0,-22202.0,-5021.0,0.0,0.0,0.0
1742505839.5638802,0.09,-0.23,0.32,6371.0,-24696.0,-12596.0,0.0,-0.0,-0.02,6405.0,-24570.0,-20786.0,129.0,143.0,125.0
1742505839.5766525,0.09,-0.23,0.32,8261.0,-27046.0,-28369.0,0.0,-0.0,-0.02,8295.0,-26920.0,28977.0,2.0,0.0,0.0
1742505839.5847406,0.09,-0.23,0.31,10139.0,-29379.0,21384.0,0.0,-0.0,-0.02,10172.0,-29254.0,13193.0,0.0,0.0,0.0
1742505839.5967412,0.09,-0.23,0.31,12005.0,-31696.0,5592.0,0.0,-0.0,-0.02,12038.0,-31571.0,-2598.0,130.0,162.0,111.0
1742505839.6091962,0.09,-0.22,0.31,13858.0,31540.0,-10207.0,0.0,-0.0,-0.01,13890.0,31662.0,-18397.0,0.0,19.0,0.0
1742505839.621199,0.08,-0.22,0.3,15684.0,29271.0,-26023.0,0.0,-0.0,-0.01,15716.0,29393.0,31323.0,43.0,29.0,17.0
1742505839.6337001,0.08,-0.22,0.3,17498.0,27021.0,23688.0,0.0,-0.0,-0.01,17529.0,27142.0,15497.0,105.0,72.0,70.0
1742505839.6457148,0.08,-0.22,0.3,19300.0,24788.0,7853.0,0.0,-0.0,-0.01,19331.0,24908.0,-337.0,0.0,0.0,2.0
1742505839.6542072,0.08,-0.22,0.3,21091.0,22571.0,-7988.0,0.0,-0.0,-0.01,21122.0,22691.0,-16178.0,0.0,0.0,0.0
1742505839.666524,0.08,-0.22,0.29,22872.0,20371.0,-23837.0,0.0,-0.0,-0.01,22902.0,20490.0,-32027.0,159.0,141.0,150.0
1742505839.6750238,0.08,-0.21,0.29,24642.0,18187.0,25844.0,0.0,-0.0,-0.01,24672.0,18306.0,17653.0,0.0,38.0,14.0
1742505839.6865234,0.08,-0.21,0.29,26401.0,16019.0,9979.0,0.0,-0.0,-0.01,26430.0,16137.0,1788.0,0.0,0.0,0.0
1742505839.6991887,0.08,-0.21,0.29,28147.0,13866.0,-5893.0,0.0,-0.0,-0.01,28175.0,13983.0,-14083.0,112.0,109.0,92.0
1742505839.7116885,0.08,-0.21,0.28,29867.0,11743.0,-21778.0,0.0,-0.0,-0.01,29895.0,11859.0,-29968.0,99.0,130.0,126.0
1742505839.7237995,0.08,-0.21,0.28,31575.0,9634.0,27866.0,0.0,-0.0,-0.01,31602.0,9750.0,19675.0,26.0,15.0,2.0
1742505839.736302,0.08,-0.2,0.28,-32267.0,7540.0,11964.0,0.0,-0.0,-0.01,-32239.0,7655.0,3773.0,44.0,18.0,0.0
1742505839.7443018,0.08,-0.2,0.28,-30583.0,5461.0,-3943.0,0.0,-0.0,-0.01,-30556.0,5576.0,-12133.0,41.0,33.0,43.0
1742505839.756808,0.08,-0.2,0.27,-28912.0,3399.0,-19857.0,0.0,-0.0,-0.01,-28885.0,3513.0,-28047.0,0.0,0.0,0.0
1742505839.7648056,0.08,-0.2,0.27,-27253.0,1352.0,29759.0,0.0,-0.0,-0.01,-27226.0,1466.0,21568.0,136.0,124.0,81.0
1742505839.7768638,0.08,-0.2,0.27,-25605.0,-678.0,13830.0,0.0,-0.0,-0.01,-25578.0,-564.0,5639.0,7.0,0.0,0.0
1742505839.7893634,0.08,-0.2,0.27,-23968.0,-2692.0,-2105.0,0.0,-0.0,-0.01,-23942.0,-2579.0,-10295.0,10.0,0.0,0.0
1742505839.8016195,0.08,-0.19,0.26,-22356.0,-4675.0,-18052.0,0.0,-0.0,-0.01,-22330.0,-4562.0,-26242.0,0.0,0.0,0.0
1742505839.8141193,0.08,-0.19,0.26,-20755.0,-6644.0,31531.0,0.0,-0.0,-0.01,-20730.0,-6532.0,23340.0,100.0,127.0,185.0
1742505839.8221197,0.07,-0.19,0.26,-19166.0,-8600.0,15570.0,0.0,-0.0,-0.01,-19141.0,-8488.0,7379.0,41.0,16.0,5.0
1742505839.8343027,0.07,-0.19,0.26,-17588.0,-10541.0,-396.0,0.0,-0.0,-0.01,-17564.0,-10429.0,-8586.0,6.0,22.0,0.0
1742505839.8468034,0.07,-0.19,0.26,-16022.0,-12468.0,-16367.0,0.0,-0.0,-0.01,-15998.0,-12357.0,-24557.0,51.0,85.0,101.0
1742505839.8545473,0.07,-0.19,0.25,-14467.0,-14381.0,-32345.0,0.0,-0.0,-0.01,-14443.0,-14271.0,25001.0,6.0,50.0,29.0
1742505839.8666675,0.07,-0.19,0.25,-12923.0,-16280.0,17206.0,0.0,-0.0,-0.01,-12900.0,-16170.0,9015.0,117.0,60.0,63.0
1742505839.8796678,0.07,-0.19,0.25,-11390.0,-18163.0,1214.0,0.0,-0.0,-0.01,-11368.0,-18054.0,-6976.0,128.0,156.0,175.0
1742505839.89164,0.07,-0.18,0.25,-9879.0,-20016.0,-14788.0,0.0,-0.0,-0.01,-9857.0,-19907.0,-22978.0,0.0,0.0,0.0
1742505839.9037561,0.07,-0.18,0.24,-8378.0,-21855.0,-30795.0,0.0,-0.0,-0.01,-8356.0,-21747.0,26551.0,0.0,8.0,0.0
1742505839.9158857,0.07,-0.18,0.24,-6888.0,-23679.0,18727.0,0.0,-0.0,-0.01,-6866.0,-23571.0,10536.0,218.0,113.0,143.0
1742505839.9243689,0.07,-0.18,0.24,-5408.0,-25490.0,2707.0,0.0,-0.0,-0.01,-5387.0,-25383.0,-5483.0,0.0,23.0,0.0
1742505839.93622,0.07,-0.18,0.24,-3940.0,-27288.0,-13317.0,0.0,-0.0,-0.01,-3919.0,-27181.0,-21507.0,0.0,0.0,0.0
1742505839.9447224,0.07,-0.18,0.24,-2483.0,-29073.0,-29346.0,0.0,-0.0,-0.01,-2462.0,-28966.0,28000.0,133.0,120.0,145.0
1742505839.9608767,0.07,-0.17,0.23,-1036.0,-30843.0,20155.0,0.0,-0.0,-0.01,-1016.0,-30737.0,11964.0,0.0,16.0,0.0
1742505839.973375,0.07,-0.17,0.23,389.0,-32587.0,4109.0,0.0,-0.0,-0.01,408.0,-32482.0,-4081.0,26.0,14.0,0.0
1742505839.981875,0.07,-0.17,0.23,1804.0,31218.0,-11941.0,0.0,-0.0,-0.01,1822.0,31322.0,-20131.0,112.0,152.0,81.0
1742505839.9938755,0.07,-0.17,0.23,3209.0,29499.0,-27995.0,0.0,-0.0,-0.01,3227.0,29602.0,29351.0,0.0,0.0,0.0
1742505840.0023758,0.07,-0.17,0.23,4606.0,27793.0,21482.0,0.0,-0.0,-0.01,4624.0,27896.0,13291.0,0.0,0.0,0.0
1742505840.014372,0.07,-0.17,0.22,5994.0,26101.0,5416.0,0.0,-0.0,-0.01,6011.0,26203.0,-2774.0,151.0,193.0,154.0
1742505840.0268722,0.07,-0.17,0.22,7373.0,24421.0,-10652.0,0.0,-0.0,-0.01,7390.0,24523.0,-18842.0,5.0,16.0,9.0
1742505840.0348747,0.07,-0.17,0.22,8745.0,22754.0,-26724.0,0.0,-0.0,-0.01,8762.0,22856.0,30622.0,0.0,0.0,0.0
1742505840.047375,0.07,-0.17,0.22,10108.0,21100.0,22735.0,0.0,-0.0,-0.01,10124.0,21201.0,14544.0,178.0,154.0,167.0
1742505840.0597322,0.07,-0.16,0.22,11460.0,19457.0,6652.0,0.0,-0.0,-0.01,11476.0,19557.0,-1538.0,0.0,0.0,1.0
1742505840.0717316,0.07,-0.16,0.21,12793.0,17839.0,-9438.0,0.0,-0.0,-0.01,12808.0,17939.0,-17628.0,64.0,18.0,0.0
1742505840.0833223,0.07,-0.16,0.21,14114.0,16233.0,-25532.0,0.0,-0.0,-0.01,14129.0,16332.0,31814.0,86.0,95.0,38.0
1742505840.0925338,0.07,-0.16,0.21,15426.0,14640.0,23905.0,0.0,-0.0,-0.01,15441.0,14739.0,15714.0,0.0,0.0,15.0
1742505840.1045337,0.07,-0.16,0.21,16729.0,13059.0,7800.0,0.0,-0.0,-0.01,16743.0,13157.0,-390.0,0.0,16.0,0.0
1742505840.1166794,0.07,-0.16,0.21,18022.0,11491.0,-8307.0,0.0,-0.0,-0.01,18036.0,11589.0,-16497.0,170.0,168.0,156.0
1742505840.1250885,0.07,-0.16,0.21,19306.0,9935.0,-24418.0,0.0,-0.0,-0.01,19320.0,10032.0,-32608.0,0.0,7.0,0.0
1742505840.1371007,0.07,-0.15,0.2,20582.0,8390.0,25003.0,0.0,-0.0,-0.01,20595.0,8487.0,16812.0,0.0,0.0,0.0
1742505840.1496422,0.07,-0.15,0.2,21848.0,6858.0,8882.0,0.0,-0.0,-0.01,21860.0,6954.0,691.0,136.0,128.0,116.0
1742505840.1623926,0.06,-0.15,0.2,23094.0,5349.0,-7246.0,0.0,-0.0,-0.01,23106.0,5445.0,-15436.0,100.0,111.0,103.0
1742505840.1739862,0.06,-0.15,0.2,24331.0,3854.0,-23377.0,0.0,-0.0,-0.01,24343.0,3950.0,-31567.0,4.0,7.0,26.0
1742505840.1825728,0.06,-0.15,0.2,25557.0,2375.0,26024.0,0.0,-0.0,-0.01,25569.0,2470.0,17833.0,70.0,71.0,29.0
1742505840.1945734,0.06,-0.15,0.19,26774.0,915.0,9881.0,0.0,-0.0,-0.01,26785.0,1010.0,1690.0,0.0,0.0,28.0
1742505840.2032516,0.06,-0.15,0.19,27980.0,-514.0,-6269.0,0.0,-0.0,-0.01,27991.0,-419.0,-14459.0,0.0,25.0,0.0
1742505840.215293,0.06,-0.15,0.18,29180.0,-1902.0,-22426.0,0.0,-0.0,-0.01,29190.0,-1809.0,-30616.0,177.0,183.0,155.0
1742505840.2272937,0.06,-0.14,0.18,30372.0,-3247.0,26944.0,0.0,-0.0,-0.01,30381.0,-3157.0,18753.0,0.0,0.0,0.0
1742505840.2394645,0.06,-0.14,0.17,31556.0,-4541.0,10765.0,0.0,-0.0,-0.01,31567.0,-4448.0,2574.0,0.0,31.0,52.0
1742505840.2516267,0.06,-0.14,0.16,32723.0,-5738.0,-5432.0,0.0,-0.0,-0.01,32735.0,-5641.0,-13622.0,0.0,6.0,0.0
1742505840.2648702,0.05,-0.14,0.16,-31657.0,-6895.0,-21635.0,0.0,-0.0,-0.01,-31645.0,-6798.0,-29825.0,142.0,182.0,156.0
1742505840.2725298,0.05,-0.14,0.15,-30512.0,-8009.0,27690.0,0.0,-0.0,-0.01,-30501.0,-7915.0,19499.0,13.0,66.0,49.0
1742505840.2850304,0.05,-0.14,0.14,-29382.0,-9070.0,11466.0,0.0,-0.0,-0.01,-29373.0,-8978.0,3275.0,56.0,0.0,47.0
1742505840.297031,0.05,-0.14,0.13,-28262.0,-10069.0,-4766.0,0.0,-0.0,-0.01,-28255.0,-9977.0,-12956.0,0.0,64.0,116.0
1742505840.3060317,0.05,-0.14,0.12,-27145.0,-10988.0,-21008.0,0.0,-0.0,-0.01,-27137.0,-10898.0,-29198.0,0.0,53.0,79.0
1742505840.3175297,0.04,-0.14,0.11,-26026.0,-11822.0,28275.0,0.0,-0.0,-0.01,-26018.0,-11732.0,20084.0,166.0,131.0,193.0
1742505840.3301806,0.04,-0.14,0.1,-24906.0,-12556.0,12010.0,0.0,-0.0,-0.01,-24897.0,-12467.0,3819.0,179.0,297.0,242.0
1742505840.3423607,0.03,-0.14,0.08,-23789.0,-13091.0,-4273.0,0.0,-0.0,-0.01,-23781.0,-13001.0,-12463.0,8.0,137.0,20.0
1742505840.3544002,0.03,-0.14,0.06,-22675.0,-13522.0,-20562.0,0.0,-0.0,-0.01,-22667.0,-13433.0,-28752.0,30.0,98.0,52.0
1742505840.3665197,0.03,-0.14,0.05,-21564.0,-13860.0,28679.0,0.0,-0.0,-0.01,-21556.0,-13771.0,20488.0,278.0,195.0,180.0
1742505840.3749025,0.03,-0.13,0.04,-20460.0,-14109.0,12377.0,0.0,-0.0,-0.01,-20454.0,-14021.0,4186.0,0.0,100.0,72.0
1742505840.3874004,0.02,-0.13,0.03,-19362.0,-14258.0,-3928.0,0.0,-0.0,-0.01,-19356.0,-14170.0,-12118.0,22.0,102.0,70.0
1742505840.3994005,0.02,-0.13,0.02,-18269.0,-14321.0,-20235.0,0.0,-0.0,-0.01,-18262.0,-14232.0,-28425.0,240.0,117.0,246.0
1742505840.4119017,0.02,-0.13,-0.0,-17183.0,-14200.0,28992.0,0.0,-0.0,-0.01,-17176.0,-14112.0,20801.0,243.0,143.0,268.0
1742505840.4239006,0.02,-0.13,-0.02,-16102.0,-13989.0,12681.0,0.0,-0.0,-0.01,-16096.0,-13902.0,4490.0,126.0,91.0,74.0
1742505840.4359028,0.01,-0.13,-0.03,-15028.0,-13692.0,-3629.0,0.0,-0.0,-0.01,-15024.0,-13607.0,-11819.0,85.0,126.0,112.0
1742505840.4449055,0.01,-0.13,-0.04,-13960.0,-13306.0,-19935.0,0.0,-0.0,-0.01,-13956.0,-13221.0,-28125.0,207.0,156.0,124.0
1742505840.4569077,0.01,-0.13,-0.05,-12896.0,-12842.0,29298.0,0.0,-0.0,-0.01,-12892.0,-12756.0,21107.0,0.0,8.0,42.0
1742505840.4729083,0.01,-0.13,-0.06,-11843.0,-12236.0,12999.0,0.0,-0.0,-0.01,-11839.0,-12151.0,4808.0,65.0,38.0,39.0
1742505840.4814098,0.0,-0.13,-0.07,-10801.0,-11567.0,-3296.0,0.0,-0.0,-0.01,-10797.0,-11483.0,-11486.0,184.0,100.0,157.0
1742505840.4934084,0.0,-0.13,-0.08,-9775.0,-10860.0,-19589.0,0.0,-0.0,-0.01,-9771.0,-10774.0,-27779.0,15.0,4.0,38.0
1742505840.5059085,0.0,-0.12,-0.08,-8765.0,-10118.0,29654.0,0.0,-0.0,-0.01,-8761.0,-10031.0,21463.0,39.0,55.0,0.0
1742505840.514411,0.0,-0.12,-0.08,-7769.0,-9353.0,13360.0,0.0,-0.0,-0.01,-7765.0,-9267.0,5169.0,195.0,246.0,126.0
1742505840.5264094,0.01,-0.12,-0.08,-6793.0,-8578.0,-2935.0,0.0,-0.0,-0.01,-6790.0,-8494.0,-11125.0,154.0,68.0,99.0
1742505840.535163,0.01,-0.12,-0.09,-5838.0,-7784.0,-19230.0,0.0,-0.0,-0.01,-5836.0,-7702.0,-27420.0,19.0,37.0,14.0
1742505840.550419,0.01,-0.11,-0.09,-4908.0,-6985.0,30009.0,0.0,-0.0,-0.01,-4907.0,-6902.0,21818.0,202.0,195.0,150.0
1742505840.563072,-0.01,-0.1,-0.09,-4075.0,-6165.0,13701.0,0.0,0.0,-0.01,-4076.0,-6079.0,5510.0,42.0,79.0,92.0
1742505840.57191,-0.01,-0.1,-0.09,-3261.0,-5339.0,-2607.0,0.0,-0.0,-0.01,-3258.0,-5255.0,-10797.0,0.0,10.0,19.0
1742505840.583576,-0.01,-0.1,-0.1,-2436.0,-4446.0,-18907.0,0.0,-0.0,-0.01,-2429.0,-4373.0,-27097.0,85.0,80.0,62.0
1742505840.592059,-0.01,-0.1,-0.1,-1619.0,-3519.0,30333.0,0.0,-0.0,-0.01,-1612.0,-3443.0,22142.0,0.0,0.0,0.0
1742505840.6040576,-0.02,-0.1,-0.11,-798.0,-2546.0,14040.0,0.0,-0.0,-0.01,-793.0,-2466.0,5849.0,0.0,0.0,0.0
1742505840.6166468,-0.02,-0.1,-0.11,29.0,-1531.0,-2246.0,0.0,-0.0,-0.01,33.0,-1456.0,-10436.0,116.0,126.0,141.0
1742505840.6247277,-0.02,-0.1,-0.12,853.0,-491.0,-18529.0,0.0,-0.0,-0.01,856.0,-418.0,-26719.0,15.0,14.0,0.0
1742505840.6332283,-0.03,-0.1,-0.12,1678.0,567.0,30727.0,0.0,-0.0,-0.01,1680.0,642.0,22536.0,0.0,0.0,0.0
1742505840.6452303,-0.03,-0.1,-0.12,2502.0,1651.0,14449.0,0.0,-0.0,-0.01,2505.0,1726.0,6258.0,71.0,64.0,103.0
1742505840.6577797,-0.03,-0.1,-0.13,3340.0,2746.0,-1826.0,0.0,-0.0,-0.01,3343.0,2819.0,-10016.0,18.0,34.0,0.0
1742505840.670278,-0.03,-0.1,-0.12,4189.0,3834.0,-18100.0,0.0,-0.0,-0.01,4193.0,3910.0,-26290.0,0.0,0.0,0.0
1742505840.681799,-0.03,-0.1,-0.12,5031.0,4902.0,31158.0,0.0,-0.0,-0.01,5035.0,4979.0,22967.0,133.0,114.0,105.0
1742505840.6902761,-0.03,-0.1,-0.12,5866.0,5952.0,14876.0,0.0,-0.0,-0.01,5868.0,6027.0,6685.0,0.0,0.0,0.0
1742505840.7022808,-0.03,-0.1,-0.12,6674.0,7000.0,-1408.0,0.0,0.0,-0.01,6673.0,7073.0,-9598.0,0.0,0.0,0.0
1742505840.7147446,-0.03,-0.1,-0.12,7472.0,8042.0,-17692.0,0.0,0.0,-0.01,7469.0,8113.0,-25882.0,150.0,138.0,130.0
1742505840.7232456,-0.03,-0.1,-0.12,8259.0,9085.0,31559.0,0.0,0.0,-0.01,8258.0,9154.0,23368.0,0.0,0.0,6.0
1742505840.735232,-0.03,-0.1,-0.12,9037.0,10140.0,15274.0,0.0,-0.0,-0.01,9038.0,10207.0,7083.0,0.0,0.0,0.0
1742505840.7438495,-0.03,-0.09,-0.12,9802.0,11214.0,-1010.0,0.0,-0.0,-0.01,9804.0,11284.0,-9200.0,15.0,46.0,50.0
1742505840.7559083,-0.03,-0.09,-0.13,10552.0,12303.0,-17293.0,0.0,-0.0,-0.01,10555.0,12374.0,-25483.0,3.0,0.0,0.0
1742505840.768,-0.03,-0.09,-0.13,11283.0,13394.0,31959.0,0.0,-0.0,-0.01,11284.0,13462.0,23768.0,0.0,0.0,0.0
1742505840.7805164,-0.04,-0.09,-0.13,11991.0,14487.0,15671.0,0.0,-0.0,-0.01,11993.0,14557.0,7480.0,137.0,146.0,132.0
1742505840.7925184,-0.04,-0.08,-0.13,12684.0,15576.0,-618.0,0.0,-0.0,-0.01,12685.0,15645.0,-8808.0,0.0,0.0,0.0
1742505840.8010163,-0.04,-0.08,-0.13,13364.0,16672.0,-16906.0,0.0,0.0,-0.01,13363.0,16738.0,-25096.0,0.0,0.0,0.0
1742505840.813182,-0.04,-0.08,-0.13,14034.0,17768.0,32342.0,-0.0,-0.0,-0.01,14036.0,17834.0,24151.0,135.0,141.0,116.0
1742505840.8251956,-0.04,-0.08,-0.13,14699.0,18862.0,16051.0,0.0,-0.0,-0.01,14702.0,18929.0,7860.0,6.0,5.0,0.0
1742505840.8337696,-0.04,-0.08,-0.13,15353.0,19953.0,-240.0,0.0,-0.0,-0.01,15356.0,20022.0,-8430.0,0.0,0.0,0.0
1742505840.845847,-0.04,-0.08,-0.13,15994.0,21048.0,-16532.0,0.0,-0.0,-0.01,15995.0,21115.0,-24722.0,73.0,97.0,88.0
1742505840.858471,-0.04,-0.08,-0.13,16625.0,22141.0,32712.0,0.0,-0.0,-0.01,16627.0,22208.0,24521.0,4.0,0.0,0.0
1742505840.8710372,-0.03,-0.08,-0.12,17243.0,23225.0,16416.0,0.0,-0.0,-0.01,17245.0,23292.0,8225.0,0.0,0.0,0.0
1742505840.8826823,-0.03,-0.07,-0.13,17852.0,24311.0,120.0,0.0,-0.0,-0.01,17853.0,24377.0,-8070.0,145.0,124.0,106.0
1742505840.89118,-0.03,-0.07,-0.13,18452.0,25398.0,-16175.0,0.0,-0.0,-0.01,18453.0,25464.0,-24365.0,0.0,0.0,0.0
1742505840.9030585,-0.03,-0.07,-0.12,19043.0,26481.0,-32471.0,0.0,-0.0,-0.01,19045.0,26547.0,24875.0,0.0,0.0,0.0
1742505840.9154298,-0.03,-0.07,-0.12,19625.0,27559.0,16766.0,0.0,-0.0,-0.01,19627.0,27626.0,8575.0,133.0,168.0,125.0
1742505840.9239297,-0.03,-0.07,-0.12,20197.0,28637.0,466.0,0.0,-0.0,-0.01,20199.0,28703.0,-7724.0,0.0,0.0,0.0
1742505840.936064,-0.03,-0.07,-0.12,20758.0,29715.0,-15832.0,0.0,-0.0,-0.01,20760.0,29781.0,-24022.0,0.0,0.0,0.0
1742505840.9482465,-0.03,-0.07,-0.12,21311.0,30793.0,-32132.0,0.0,-0.0,-0.01,21313.0,30859.0,25214.0,130.0,162.0,110.0
1742505840.9607887,-0.03,-0.07,-0.12,21847.0,31865.0,17101.0,0.0,-0.0,-0.01,21848.0,31931.0,8910.0,72.0,46.0,66.0
1742505840.9727414,-0.03,-0.06,-0.12,22375.0,-32600.0,797.0,0.0,-0.0,-0.01,22376.0,-32534.0,-7393.0,0.0,0.0,18.0
1742505840.9852421,-0.03,-0.06,-0.12,22897.0,-31529.0,-15505.0,0.0,-0.0,-0.01,22899.0,-31463.0,-23695.0,84.0,44.0,53.0
1742505840.993243,-0.03,-0.06,-0.12,23412.0,-30460.0,-31808.0,0.0,-0.0,-0.01,23414.0,-30394.0,25538.0,0.0,0.0,0.0
1742505841.0054154,-0.03,-0.06,-0.12,23918.0,-29391.0,17423.0,0.0,-0.0,-0.01,23920.0,-29325.0,9232.0,0.0,0.0,0.0
1742505841.013903,-0.03,-0.06,-0.12,24415.0,-28323.0,1117.0,0.0,-0.0,-0.01,24416.0,-28257.0,-7073.0,154.0,129.0,123.0
1742505841.0295873,-0.03,-0.06,-0.12,24902.0,-27257.0,-15188.0,0.0,-0.0,-0.01,24903.0,-27192.0,-23378.0,48.0,64.0,88.0
1742505841.0423417,-0.03,-0.06,-0.12,25374.0,-26196.0,-31494.0,0.0,-0.0,-0.01,25375.0,-26131.0,25852.0,0.0,0.0,0.0
1742505841.0508447,-0.03,-0.06,-0.12,25840.0,-25135.0,17734.0,0.0,-0.0,-0.01,25841.0,-25070.0,9543.0,0.0,0.0,0.0
1742505841.0631888,-0.03,-0.06,-0.12,26299.0,-24075.0,1424.0,0.0,-0.0,-0.01,26300.0,-24010.0,-6766.0,118.0,128.0,119.0
1742505841.0751882,-0.03,-0.06,-0.12,26750.0,-23016.0,-14884.0,0.0,-0.0,-0.01,26751.0,-22951.0,-23074.0,0.0,0.0,0.0
1742505841.083689,-0.03,-0.05,-0.12,27193.0,-21959.0,-31193.0,0.0,-0.0,-0.01,27194.0,-21894.0,26153.0,0.0,0.0,0.0
1742505841.095832,-0.03,-0.05,-0.12,27628.0,-20903.0,18033.0,0.0,-0.0,-0.01,27629.0,-20838.0,9842.0,49.0,47.0,80.0
1742505841.1038308,-0.03,-0.05,-0.12,28056.0,-19849.0,1721.0,0.0,-0.0,-0.01,28057.0,-19784.0,-6469.0,0.0,0.0,0.0
1742505841.1202877,-0.03,-0.05,-0.12,28477.0,-18796.0,-14589.0,0.0,-0.0,-0.01,28478.0,-18731.0,-22779.0,0.0,0.0,0.0
1742505841.1324048,-0.03,-0.05,-0.12,28884.0,-17746.0,-30900.0,0.0,-0.0,-0.01,28885.0,-17682.0,26446.0,127.0,105.0,139.0
1742505841.140908,-0.03,-0.05,-0.12,29284.0,-16697.0,18323.0,0.0,-0.0,-0.01,29285.0,-16633.0,10132.0,0.0,0.0,0.0
1742505841.1531181,-0.03,-0.05,-0.12,29677.0,-15649.0,2009.0,0.0,-0.0,-0.01,29678.0,-15585.0,-6181.0,0.0,0.0,0.0
1742505841.1656191,-0.03,-0.05,-0.12,30063.0,-14602.0,-14304.0,0.0,-0.0,-0.01,30064.0,-14538.0,-22494.0,144.0,144.0,120.0
1742505841.173621,-0.03,-0.05,-0.12,30442.0,-13557.0,-30617.0,0.0,-0.0,-0.01,30443.0,-13493.0,26729.0,0.0,0.0,3.0
1742505841.1861186,-0.03,-0.05,-0.12,30814.0,-12513.0,18604.0,0.0,-0.0,-0.01,30815.0,-12449.0,10413.0,0.0,0.0,0.0
1742505841.1981058,-0.03,-0.04,-0.12,31180.0,-11470.0,2288.0,0.0,-0.0,-0.01,31181.0,-11407.0,-5902.0,145.0,163.0,111.0
1742505841.2106056,-0.03,-0.04,-0.12,31533.0,-10430.0,-14027.0,0.0,-0.0,-0.01,31534.0,-10367.0,-22217.0,96.0,81.0,77.0
1742505841.2226102,-0.03,-0.04,-0.12,31879.0,-9391.0,-30342.0,0.0,-0.0,-0.01,31880.0,-9328.0,27004.0,0.0,0.0,37.0
1742505841.234645,-0.03,-0.04,-0.12,32219.0,-8353.0,18877.0,0.0,-0.0,-0.01,32220.0,-8290.0,10686.0,81.0,53.0,32.0
1742505841.24313,-0.03,-0.04,-0.12,32552.0,-7317.0,2559.0,0.0,-0.0,-0.01,32553.0,-7254.0,-5631.0,0.0,0.0,0.0
1742505841.2551837,-0.03,-0.04,-0.12,-32657.0,-6282.0,-13758.0,0.0,-0.0,-0.01,-32655.0,-6219.0,-21948.0,0.0,0.0,0.0
1742505841.2636833,-0.03,-0.04,-0.12,-32334.0,-5248.0,-30075.0,0.0,-0.0,-0.01,-32332.0,-5185.0,27271.0,144.0,132.0,151.0
1742505841.2761867,-0.03,-0.04,-0.12,-32016.0,-4215.0,19143.0,0.0,-0.0,-0.01,-32014.0,-4153.0,10952.0,0.0,0.0,0.0
1742505841.2881835,-0.03,-0.04,-0.12,-31705.0,-3184.0,2823.0,0.0,-0.0,-0.01,-31703.0,-3122.0,-5367.0,0.0,0.0,0.0
1742505841.3006837,-0.03,-0.04,-0.12,-31406.0,-2156.0,-13495.0,0.0,-0.0,-0.01,-31404.0,-2094.0,-21685.0,0.0,0.0,0.0
1742505841.3126843,-0.03,-0.04,-0.12,-31113.0,-1128.0,-29814.0,0.0,-0.0,-0.01,-31111.0,-1066.0,27532.0,78.0,81.0,114.0
1742505841.3212874,-0.03,-0.03,-0.12,-30826.0,-101.0,19402.0,0.0,-0.0,-0.01,-30824.0,-39.0,11211.0,37.0,4.0,2.0
1742505841.3332894,-0.03,-0.03,-0.12,-30545.0,924.0,3081.0,0.0,-0.0,-0.01,-30543.0,985.0,-5109.0,103.0,90.0,41.0
1742505841.3452904,-0.03,-0.03,-0.12,-30269.0,1947.0,-13239.0,0.0,-0.0,-0.01,-30267.0,2008.0,-21429.0,0.0,0.0,0.0
1742505841.35407,-0.03,-0.03,-0.12,-29999.0,2969.0,-29559.0,0.0,-0.0,-0.01,-29997.0,3030.0,27787.0,0.0,0.0,0.0
1742505841.365692,-0.03,-0.03,-0.12,-29734.0,3990.0,19656.0,0.0,-0.0,-0.01,-29732.0,4051.0,11465.0,118.0,168.0,149.0
1742505841.374178,-0.03,-0.03,-0.12,-29475.0,5010.0,3333.0,0.0,-0.0,-0.01,-29473.0,5071.0,-4857.0,0.0,0.0,0.0
1742505841.3866765,-0.03,-0.03,-0.12,-29221.0,6029.0,-12988.0,0.0,-0.0,-0.01,-29219.0,6090.0,-21178.0,15.0,33.0,0.0
1742505841.4027715,-0.03,-0.03,-0.12,-28978.0,7046.0,-29309.0,0.0,-0.0,-0.01,-28976.0,7106.0,28037.0,0.0,0.0,0.0
1742505841.4111123,-0.03,-0.03,-0.12,-28740.0,8061.0,19905.0,0.0,-0.0,-0.01,-28738.0,8121.0,11714.0,84.0,80.0,94.0
1742505841.4234617,-0.03,-0.03,-0.12,-28507.0,9076.0,3581.0,0.0,-0.0,-0.01,-28505.0,9136.0,-4609.0,12.0,0.0,0.0
1742505841.4319773,-0.03,-0.03,-0.12,-28280.0,10090.0,-12741.0,0.0,-0.0,-0.01,-28278.0,10150.0,-20931.0,44.0,57.0,1.0
1742505841.4440465,-0.03,-0.03,-0.12,-28058.0,11103.0,-29064.0,0.0,-0.0,-0.01,-28056.0,11163.0,28282.0,0.0,0.0,11.0
1742505841.4560804,-0.03,-0.03,-0.12,-27842.0,12115.0,20148.0,0.0,-0.0,-0.01,-27840.0,12175.0,11957.0,5.0,0.0,0.0
1742505841.4645803,-0.03,-0.03,-0.12,-27631.0,13126.0,3823.0,0.0,-0.0,-0.01,-27629.0,13186.0,-4367.0,148.0,101.0,127.0
1742505841.4770885,-0.03,-0.03,-0.12,-27424.0,14136.0,-12500.0,0.0,-0.0,-0.01,-27422.0,14196.0,-20690.0,54.0,93.0,103.0
1742505841.492876,-0.03,-0.02,-0.12,-27227.0,15144.0,-28823.0,0.0,-0.0,-0.01,-27225.0,15203.0,28523.0,0.0,17.0,0.0
1742505841.5015142,-0.03,-0.02,-0.12,-27035.0,16150.0,20388.0,0.0,-0.0,-0.01,-27033.0,16209.0,12197.0,0.0,0.0,0.0
1742505841.5136042,-0.03,-0.02,-0.12,-26848.0,17155.0,4062.0,0.0,-0.0,-0.01,-26847.0,17214.0,-4128.0,132.0,144.0,141.0
1742505841.5256076,-0.03,-0.02,-0.12,-26667.0,18159.0,-12263.0,0.0,-0.0,-0.01,-26666.0,18218.0,-20453.0,49.0,28.0,6.0
1742505841.5336497,-0.03,-0.02,-0.12,-26491.0,19164.0,-28588.0,0.0,-0.0,-0.01,-26490.0,19223.0,28758.0,5.0,0.0,0.0
1742505841.5460193,-0.03,-0.02,-0.12,-26319.0,20168.0,20622.0,0.0,-0.0,-0.01,-26318.0,20227.0,12431.0,80.0,56.0,131.0
1742505841.5580547,-0.03,-0.02,-0.12,-26152.0,21170.0,4295.0,0.0,-0.0,-0.01,-26151.0,21228.0,-3895.0,0.0,6.0,0.0
1742505841.5707364,-0.03,-0.02,-0.12,-25994.0,22170.0,-12030.0,0.0,-0.0,-0.01,-25993.0,22228.0,-20220.0,0.0,4.0,0.0
1742505841.5832376,-0.03,-0.02,-0.12,-25840.0,23169.0,-28355.0,0.0,-0.0,-0.01,-25839.0,23227.0,28991.0,159.0,181.0,113.0
1742505841.5917366,-0.03,-0.02,-0.12,-25690.0,24167.0,20855.0,0.0,-0.0,-0.01,-25688.0,24225.0,12664.0,0.0,0.0,0.0
1742505841.6033964,-0.03,-0.02,-0.11,-25543.0,25164.0,4528.0,0.0,-0.0,-0.01,-25542.0,25222.0,-3662.0,0.0,0.0,0.0
1742505841.6157243,-0.03,-0.02,-0.11,-25401.0,26161.0,-11797.0,0.0,-0.0,-0.01,-25399.0,26219.0,-19987.0,168.0,179.0,140.0
1742505841.624224,-0.03,-0.02,-0.11,-25262.0,27156.0,-28123.0,0.0,-0.0,-0.01,-25261.0,27214.0,29223.0,4.0,31.0,0.0
1742505841.6364467,-0.03,-0.02,-0.11,-25128.0,28151.0,21085.0,0.0,-0.0,-0.01,-25127.0,28209.0,12894.0,0.0,15.0,0.0
1742505841.6523607,-0.03,-0.02,-0.11,-25003.0,29144.0,4756.0,0.0,-0.0,-0.01,-25002.0,29201.0,-3434.0,0.0,0.0,0.0
1742505841.660861,-0.03,-0.01,-0.11,-24882.0,30136.0,-11571.0,0.0,-0.0,-0.01,-24881.0,30193.0,-19761.0,86.0,86.0,81.0
1742505841.6733596,-0.03,-0.01,-0.11,-24765.0,31127.0,-27898.0,0.0,-0.0,-0.01,-24764.0,31184.0,29448.0,67.0,48.0,18.0
1742505841.6813602,-0.03,-0.01,-0.11,-24652.0,32118.0,21310.0,0.0,-0.0,-0.01,-24651.0,32175.0,13119.0,78.0,85.0,23.0
1742505841.6934426,-0.03,-0.01,-0.11,-24543.0,-32428.0,4981.0,0.0,-0.0,-0.01,-24542.0,-32370.0,-3209.0,2.0,28.0,22.0
1742505841.705817,-0.03,-0.01,-0.11,-24437.0,-31437.0,-11346.0,0.0,-0.0,-0.01,-24436.0,-31379.0,-19536.0,15.0,24.0,28.0
1742505841.7180955,-0.03,-0.01,-0.11,-24335.0,-30446.0,-27673.0,0.0,-0.0,-0.01,-24334.0,-30388.0,29673.0,0.0,0.0,0.0
1742505841.730687,-0.03,-0.01,-0.11,-24241.0,-29457.0,21535.0,0.0,-0.0,-0.01,-24240.0,-29399.0,13344.0,137.0,166.0,136.0
1742505841.742692,-0.03,-0.01,-0.11,-24151.0,-28468.0,5206.0,0.0,-0.0,-0.01,-24150.0,-28410.0,-2984.0,0.0,0.0,0.0
1742505841.751226,-0.03,-0.01,-0.11,-24065.0,-27480.0,-11121.0,0.0,-0.0,-0.01,-24064.0,-27422.0,-19311.0,0.0,0.0,0.0
1742505841.763177,-0.03,-0.01,-0.11,-23983.0,-26493.0,-27448.0,0.0,-0.0,-0.01,-23982.0,-26435.0,29898.0,150.0,157.0,154.0
1742505841.7758017,-0.03,-0.01,-0.11,-23904.0,-25507.0,21760.0,0.0,-0.0,-0.01,-23903.0,-25449.0,13569.0,27.0,0.0,4.0
1742505841.7839541,-0.03,-0.01,-0.11,-23829.0,-24521.0,5430.0,0.0,-0.0,-0.01,-23828.0,-24463.0,-2760.0,0.0,0.0,0.0
1742505841.8000822,-0.03,-0.01,-0.11,-23757.0,-23536.0,-10899.0,0.0,-0.0,-0.01,-23756.0,-23478.0,-19089.0,154.0,136.0,121.0
1742505841.8120837,-0.03,-0.01,-0.11,-23692.0,-22552.0,-27228.0,0.0,-0.0,-0.01,-23691.0,-22494.0,30118.0,75.0,97.0,58.0
1742505841.821083,-0.03,-0.01,-0.11,-23631.0,-21569.0,21978.0,0.0,-0.0,-0.01,-23630.0,-21511.0,13787.0,38.0,47.0,0.0
1742505841.8330822,-0.03,-0.01,-0.11,-23573.0,-20587.0,5647.0,0.0,-0.0,-0.01,-23572.0,-20530.0,-2543.0,97.0,112.0,75.0
1742505841.8450997,-0.03,-0.01,-0.11,-23518.0,-19606.0,-10682.0,0.0,-0.0,-0.01,-23517.0,-19549.0,-18872.0,0.0,0.0,1.0
1742505841.853591,-0.03,-0.01,-0.11,-23467.0,-18626.0,-27011.0,0.0,-0.0,-0.01,-23466.0,-18569.0,30335.0,0.0,21.0,0.0
1742505841.8655899,-0.03,-0.01,-0.11,-23419.0,-17647.0,22195.0,0.0,-0.0,-0.01,-23418.0,-17590.0,14004.0,186.0,132.0,66.0
1742505841.8825886,-0.03,-0.0,-0.11,-23377.0,-16668.0,5864.0,0.0,-0.0,-0.01,-23376.0,-16611.0,-2326.0,156.0,200.0,185.0
1742505841.8902566,-0.03,-0.0,-0.11,-23339.0,-15690.0,-10465.0,0.0,-0.0,-0.01,-23338.0,-15633.0,-18655.0,18.0,17.0,13.0
1742505841.9027593,-0.03,-0.0,-0.11,-23304.0,-14712.0,-26794.0,0.0,-0.0,-0.01,-23303.0,-14655.0,30552.0,0.0,8.0,0.0
1742505841.9147656,-0.03,-0.0,-0.11,-23272.0,-13735.0,22412.0,0.0,-0.0,-0.01,-23271.0,-13678.0,14221.0,127.0,203.0,175.0
1742505841.9232597,-0.03,-0.0,-0.11,-23243.0,-12759.0,6081.0,0.0,-0.0,-0.01,-23242.0,-12702.0,-2109.0,28.0,53.0,0.0
1742505841.9352837,-0.03,-0.0,-0.11,-23216.0,-11783.0,-10248.0,0.0,-0.0,-0.01,-23215.0,-11726.0,-18438.0,0.0,0.0,0.0
1742505841.9477837,-0.03,-0.0,-0.11,-23192.0,-10808.0,-26577.0,0.0,-0.0,-0.01,-23191.0,-10752.0,30769.0,147.0,179.0,146.0
1742505841.9598362,-0.03,-0.0,-0.11,-23173.0,-9835.0,22629.0,0.0,-0.0,-0.01,-23172.0,-9779.0,14438.0,16.0,60.0,49.0
1742505841.9723365,-0.03,-0.0,-0.11,-23157.0,-8863.0,6298.0,0.0,-0.0,-0.01,-23156.0,-8807.0,-1892.0,0.0,0.0,12.0
1742505841.984336,-0.03,-0.0,-0.11,-23144.0,-7891.0,-10031.0,0.0,-0.0,-0.01,-23143.0,-7835.0,-18221.0,182.0,129.0,113.0
1742505841.993034,-0.03,-0.0,-0.11,-23134.0,-6920.0,-26360.0,0.0,-0.0,-0.01,-23133.0,-6864.0,30986.0,0.0,3.0,0.0
1742505842.0050342,-0.03,-0.0,-0.11,-23127.0,-5949.0,22845.0,0.0,-0.0,-0.01,-23126.0,-5893.0,14654.0,0.0,0.0,8.0
1742505842.0134213,-0.03,-0.0,-0.11,-23122.0,-4979.0,6513.0,0.0,-0.0,-0.01,-23121.0,-4923.0,-1677.0,161.0,186.0,131.0
1742505842.025387,-0.03,-0.0,-0.11,-23120.0,-4009.0,-9817.0,0.0,-0.0,-0.01,-23119.0,-3953.0,-18007.0,4.0,0.0,0.0
1742505842.041889,-0.03,0.0,-0.11,-23123.0,-3041.0,-26147.0,0.0,-0.0,-0.01,-23122.0,-2985.0,31199.0,15.0,36.0,13.0
1742505842.0503933,-0.03,0.0,-0.11,-23128.0,-2073.0,23058.0,0.0,-0.0,-0.01,-23127.0,-2018.0,14867.0,0.0,0.0,0.0
1742505842.062393,-0.03,0.0,-0.11,-23136.0,-1107.0,6725.0,0.0,-0.0,-0.01,-23135.0,-1052.0,-1465.0,69.0,85.0,99.0
1742505842.0708928,-0.03,0.0,-0.11,-23145.0,-141.0,-9606.0,0.0,-0.0,-0.01,-23144.0,-86.0,-17796.0,16.0,44.0,0.0
1742505842.0833926,-0.03,0.0,-0.11,-23156.0,823.0,-25937.0,0.0,-0.0,-0.01,-23155.0,877.0,31409.0,136.0,120.0,123.0
1742505842.095395,-0.03,0.0,-0.11,-23169.0,1785.0,23267.0,0.0,-0.0,-0.01,-23168.0,1839.0,15076.0,0.0,0.0,0.0
1742505842.1033928,-0.03,0.0,-0.11,-23184.0,2747.0,6934.0,0.0,-0.0,-0.01,-23183.0,2801.0,-1256.0,0.0,0.0,0.0
1742505842.115393,-0.03,0.0,-0.11,-23202.0,3709.0,-9397.0,0.0,-0.0,-0.01,-23201.0,3763.0,-17587.0,142.0,171.0,155.0
1742505842.131893,-0.03,0.0,-0.11,-23225.0,4670.0,-25728.0,0.0,-0.0,-0.01,-23224.0,4724.0,31618.0,145.0,94.0,177.0
1742505842.1403944,-0.03,0.0,-0.11,-23250.0,5631.0,23476.0,0.0,-0.0,-0.01,-23249.0,5685.0,15285.0,51.0,74.0,12.0
1742505842.1520886,-0.03,0.0,-0.11,-23278.0,6592.0,7143.0,0.0,-0.0,-0.01,-23277.0,6646.0,-1047.0,0.0,0.0,0.0
1742505842.1605892,-0.03,0.0,-0.11,-23308.0,7552.0,-9188.0,0.0,-0.0,-0.01,-23307.0,7606.0,-17378.0,87.0,101.0,133.0
1742505842.1730444,-0.03,0.0,-0.11,-23339.0,8512.0,-25519.0,0.0,-0.0,-0.01,-23338.0,8566.0,31827.0,48.0,6.0,38.0
1742505842.1850464,-0.03,0.0,-0.11,-23373.0,9471.0,23685.0,0.0,-0.0,-0.01,-23372.0,9525.0,15494.0,103.0,80.0,28.0
1742505842.1935465,-0.03,0.0,-0.11,-23409.0,10430.0,7352.0,0.0,-0.0,-0.01,-23408.0,10484.0,-838.0,0.0,0.0,47.0
1742505842.205546,-0.03,0.0,-0.11,-23448.0,11388.0,-8979.0,0.0,-0.0,-0.01,-23447.0,11442.0,-17169.0,4.0,37.0,12.0
1742505842.2185478,-0.02,0.01,-0.11,-23492.0,12345.0,-25310.0,0.0,-0.0,-0.01,-23491.0,12398.0,32036.0,0.0,0.0,0.0
1742505842.2302716,-0.02,0.01,-0.11,-23538.0,13301.0,23894.0,0.0,-0.0,-0.01,-23537.0,13354.0,15703.0,175.0,144.0,162.0
1742505842.2422934,-0.02,0.01,-0.11,-23586.0,14256.0,7561.0,0.0,-0.0,-0.01,-23585.0,14309.0,-629.0,0.0,0.0,8.0
1742505842.2508445,-0.02,0.01,-0.11,-23635.0,15211.0,-8770.0,0.0,-0.0,-0.01,-23634.0,15264.0,-16960.0,0.0,0.0,0.0
1742505842.2628653,-0.02,0.01,-0.11,-23686.0,16165.0,-25101.0,0.0,-0.0,-0.01,-23685.0,16219.0,32245.0,111.0,113.0,136.0
1742505842.2750552,-0.02,0.01,-0.11,-23738.0,17120.0,24103.0,0.0,-0.0,-0.01,-23737.0,17173.0,15912.0,14.0,14.0,14.0
1742505842.2835402,-0.02,0.01,-0.11,-23792.0,18074.0,7770.0,0.0,-0.0,-0.01,-23791.0,18127.0,-420.0,0.0,0.0,0.0
1742505842.2955399,-0.02,0.01,-0.11,-23848.0,19027.0,-8561.0,0.0,-0.0,-0.01,-23847.0,19080.0,-16751.0,17.0,64.0,91.0
1742505842.3085394,-0.02,0.01,-0.11,-23908.0,19979.0,-24892.0,0.0,-0.0,-0.01,-23907.0,20032.0,32454.0,0.0,0.0,0.0
1742505842.3200393,-0.02,0.01,-0.11,-23970.0,20931.0,24312.0,0.0,-0.0,-0.01,-23969.0,20984.0,16121.0,0.0,0.0,0.0
1742505842.332573,-0.02,0.01,-0.11,-24035.0,21883.0,7979.0,0.0,-0.0,-0.01,-24034.0,21936.0,-211.0,182.0,186.0,135.0
1742505842.341066,-0.02,0.01,-0.11,-24101.0,22834.0,-8352.0,0.0,-0.0,-0.01,-24100.0,22887.0,-16542.0,0.0,0.0,0.0
1742505842.353191,-0.02,0.01,-0.11,-24170.0,23785.0,-24683.0,0.0,-0.0,-0.01,-24169.0,23838.0,32663.0,0.0,0.0,0.0
1742505842.365459,-0.02,0.01,-0.11,-24241.0,24735.0,24521.0,0.0,-0.0,-0.01,-24240.0,24788.0,16330.0,171.0,196.0,152.0
1742505842.373662,-0.02,0.01,-0.11,-24314.0,25685.0,8188.0,0.0,0.0,-0.01,-24314.0,25738.0,-2.0,22.0,48.0,14.0
1742505842.389676,-0.02,0.01,-0.11,-24392.0,26634.0,-8143.0,0.0,-0.0,-0.01,-24391.0,26687.0,-16333.0,0.0,58.0,0.0
1742505842.398661,-0.02,0.01,-0.11,-24470.0,27583.0,-24474.0,0.0,0.0,-0.01,-24470.0,27636.0,-32664.0,31.0,34.0,0.0
1742505842.410768,-0.02,0.01,-0.11,-24551.0,28532.0,24731.0,0.0,0.0,-0.01,-24551.0,28585.0,16540.0,0.0,10.0,36.0
1742505842.4224234,-0.02,0.01,-0.11,-24634.0,29480.0,8398.0,0.0,0.0,-0.01,-24634.0,29533.0,207.0,4.0,0.0,0.0
1742505842.4309235,-0.02,0.01,-0.11,-24719.0,30428.0,-7934.0,0.0,0.0,-0.01,-24719.0,30481.0,-16124.0,141.0,123.0,101.0
1742505842.4434273,-0.02,0.01,-0.11,-24806.0,31376.0,-24266.0,0.0,-0.0,-0.01,-24805.0,31429.0,-32456.0,0.0,0.0,0.0
1742505842.4514766,-0.02,0.01,-0.11,-24894.0,32323.0,24938.0,0.0,-0.0,-0.01,-24893.0,32376.0,16747.0,0.0,0.0,0.0
1742505842.4635706,-0.02,0.01,-0.11,-24984.0,-32266.0,8604.0,0.0,-0.0,-0.01,-24983.0,-32212.0,413.0,169.0,123.0,113.0
1742505842.480067,-0.02,0.01,-0.11,-25078.0,-31318.0,-7729.0,0.0,-0.0,-0.01,-25077.0,-31264.0,-15919.0,132.0,128.0,191.0
1742505842.4920826,-0.02,0.01,-0.11,-25174.0,-30370.0,-24061.0,0.0,-0.0,-0.01,-25173.0,-30316.0,-32251.0,0.0,0.0,18.0
1742505842.5007458,-0.02,0.01,-0.11,-25271.0,-29423.0,25143.0,0.0,-0.0,-0.01,-25270.0,-29370.0,16952.0,0.0,0.0,0.0
1742505842.5127566,-0.02,0.01,-0.11,-25370.0,-28477.0,8809.0,0.0,-0.0,-0.01,-25369.0,-28424.0,618.0,102.0,55.0,144.0
1742505842.521245,-0.02,0.01,-0.11,-25471.0,-27531.0,-7524.0,0.0,-0.0,-0.01,-25470.0,-27478.0,-15714.0,0.0,5.0,0.0
1742505842.5335057,-0.02,0.01,-0.11,-25574.0,-26586.0,-23856.0,0.0,-0.0,-0.01,-25573.0,-26533.0,-32046.0,93.0,89.0,15.0
1742505842.5455284,-0.02,0.01,-0.11,-25679.0,-25640.0,25348.0,0.0,-0.0,-0.01,-25678.0,-25587.0,17157.0,46.0,28.0,88.0
1742505842.558179,-0.02,0.01,-0.11,-25787.0,-24695.0,9014.0,0.0,-0.0,-0.01,-25786.0,-24642.0,823.0,0.0,0.0,0.0
1742505842.570314,-0.02,0.01,-0.11,-25897.0,-23750.0,-7319.0,0.0,-0.0,-0.01,-25896.0,-23697.0,-15509.0,0.0,0.0,0.0
1742505842.5825095,-0.02,0.01,-0.11,-26008.0,-22805.0,-23651.0,0.0,0.0,-0.01,-26008.0,-22752.0,-31841.0,168.0,119.0,170.0
1742505842.590509,-0.02,0.01,-0.11,-26122.0,-21861.0,25553.0,0.0,0.0,-0.01,-26122.0,-21808.0,17362.0,8.0,10.0,0.0
1742505842.6029046,-0.02,0.01,-0.11,-26238.0,-20917.0,9219.0,0.0,0.0,-0.01,-26238.0,-20864.0,1028.0,0.0,0.0,10.0
1742505842.6110513,-0.02,0.01,-0.11,-26355.0,-19973.0,-7114.0,0.0,0.0,-0.01,-26355.0,-19920.0,-15304.0,127.0,115.0,139.0
1742505842.6235197,-0.02,0.01,-0.11,-26474.0,-19030.0,-23446.0,0.0,0.0,-0.01,-26474.0,-18977.0,-31636.0,4.0,2.0,0.0
1742505842.6356297,-0.02,0.01,-0.11,-26595.0,-18087.0,25758.0,0.0,0.0,-0.01,-26595.0,-18034.0,17567.0,0.0,0.0,0.0
1742505842.6482341,-0.02,0.02,-0.11,-26720.0,-17145.0,9424.0,0.0,0.0,-0.01,-26720.0,-17093.0,1233.0,79.0,89.0,82.0
1742505842.6604102,-0.02,0.02,-0.11,-26846.0,-16204.0,-6909.0,0.0,0.0,-0.01,-26846.0,-16152.0,-15099.0,0.0,4.0,3.0
1742505842.6689095,-0.02,0.02,-0.11,-26974.0,-15263.0,-23241.0,0.0,0.0,-0.01,-26974.0,-15211.0,-31431.0,21.0,0.0,36.0
1742505842.6810424,-0.02,0.02,-0.11,-27103.0,-14323.0,25963.0,0.0,0.0,-0.01,-27103.0,-14271.0,17772.0,141.0,161.0,179.0
1742505842.6929054,-0.02,0.02,-0.11,-27234.0,-13383.0,9629.0,0.0,0.0,-0.01,-27234.0,-13331.0,1438.0,1.0,0.0,0.0
1742505842.7014086,-0.02,0.02,-0.11,-27366.0,-12443.0,-6704.0,0.0,0.0,-0.01,-27366.0,-12391.0,-14894.0,0.0,0.0,0.0
1742505842.7139063,-0.02,0.02,-0.11,-27500.0,-11503.0,-23036.0,0.0,0.0,-0.01,-27500.0,-11451.0,-31226.0,163.0,125.0,149.0
1742505842.725266,-0.02,0.02,-0.11,-27635.0,-10564.0,26168.0,0.0,0.0,-0.01,-27635.0,-10512.0,17977.0,0.0,19.0,43.0
1742505842.738276,-0.02,0.02,-0.11,-27773.0,-9625.0,9834.0,0.0,0.0,-0.01,-27773.0,-9573.0,1643.0,47.0,11.0,50.0
1742505842.7497904,-0.02,0.02,-0.11,-27912.0,-8687.0,-6499.0,0.0,0.0,-0.01,-27912.0,-8635.0,-14689.0,92.0,17.0,47.0
1742505842.7587996,-0.02,0.02,-0.11,-28053.0,-7749.0,-22831.0,0.0,0.0,-0.01,-28053.0,-7697.0,-31021.0,0.0,27.0,28.0
1742505842.7707999,-0.02,0.02,-0.11,-28195.0,-6811.0,26373.0,0.0,0.0,-0.01,-28195.0,-6759.0,18182.0,5.0,13.0,0.0
1742505842.7833002,-0.02,0.02,-0.11,-28338.0,-5873.0,10039.0,0.0,0.0,-0.01,-28338.0,-5821.0,1848.0,120.0,100.0,172.0
1742505842.7913,-0.02,0.02,-0.11,-28482.0,-4936.0,-6294.0,0.0,0.0,-0.01,-28482.0,-4884.0,-14484.0,2.0,0.0,0.0
1742505842.803801,-0.02,0.02,-0.11,-28628.0,-3999.0,-22626.0,0.0,-0.0,-0.01,-28627.0,-3947.0,-30816.0,0.0,0.0,10.0
1742505842.8120499,-0.02,0.02,-0.11,-28774.0,-3062.0,26578.0,0.0,-0.0,-0.01,-28773.0,-3010.0,18387.0,220.0,211.0,162.0
1742505842.8285491,-0.02,0.02,-0.11,-28922.0,-2126.0,10244.0,0.0,-0.0,-0.01,-28921.0,-2074.0,2053.0,124.0,166.0,188.0
1742505842.840551,-0.02,0.02,-0.11,-29072.0,-1190.0,-6089.0,0.0,-0.0,-0.01,-29071.0,-1138.0,-14279.0,31.0,36.0,0.0
1742505842.8490517,-0.02,0.02,-0.11,-29223.0,-254.0,-22421.0,0.0,-0.0,-0.01,-29222.0,-202.0,-30611.0,29.0,3.0,0.0
1742505842.8610775,-0.02,0.02,-0.11,-29375.0,680.0,26783.0,0.0,-0.0,-0.01,-29374.0,731.0,18592.0,37.0,102.0,60.0
1742505842.873077,-0.02,0.02,-0.11,-29528.0,1613.0,10449.0,0.0,-0.0,-0.01,-29527.0,1664.0,2258.0,60.0,79.0,12.0
1742505842.8815773,-0.02,0.02,-0.11,-29682.0,2546.0,-5884.0,0.0,-0.0,-0.01,-29681.0,2596.0,-14074.0,146.0,95.0,115.0
1742505842.8935769,-0.02,0.02,-0.11,-29837.0,3478.0,-22216.0,0.0,-0.0,-0.01,-29836.0,3528.0,-30406.0,0.0,0.0,0.0
1742505842.902077,-0.02,0.02,-0.11,-29993.0,4409.0,26988.0,0.0,0.0,-0.01,-29993.0,4460.0,18797.0,0.0,0.0,17.0
1742505842.9182382,-0.02,0.02,-0.11,-30152.0,5341.0,10654.0,0.0,-0.0,-0.01,-30151.0,5392.0,2463.0,0.0,0.0,0.0
1742505842.9302535,-0.02,0.02,-0.11,-30311.0,6273.0,-5679.0,0.0,-0.0,-0.01,-30310.0,6324.0,-13869.0,114.0,93.0,180.0
1742505842.9387636,-0.02,0.02,-0.11,-30470.0,7205.0,-22011.0,0.0,-0.0,-0.01,-30469.0,7256.0,-30201.0,0.0,0.0,24.0
1742505842.9512641,-0.02,0.02,-0.11,-30630.0,8136.0,27193.0,0.0,-0.0,-0.01,-30629.0,8187.0,19002.0,0.0,0.0,31.0
1742505842.9597666,-0.02,0.02,-0.11,-30790.0,9067.0,10859.0,0.0,-0.0,-0.01,-30789.0,9117.0,2668.0,70.0,49.0,106.0
1742505842.9717677,-0.02,0.02,-0.11,-30950.0,9997.0,-5474.0,0.0,-0.0,-0.01,-30949.0,10047.0,-13664.0,0.0,27.0,4.0
1742505842.9837832,-0.02,0.02,-0.11,-31111.0,10926.0,-21806.0,0.0,-0.0,-0.01,-31110.0,10977.0,-29996.0,83.0,96.0,74.0
1742505842.9922674,-0.02,0.02,-0.11,-31272.0,11856.0,27398.0,0.0,-0.0,-0.01,-31271.0,11907.0,19207.0,0.0,0.0,0.0
1742505843.0085678,-0.02,0.02,-0.11,-31432.0,12786.0,11064.0,0.0,-0.0,-0.01,-31431.0,12836.0,2873.0,32.0,9.0,0.0
1742505843.020572,-0.02,0.02,-0.11,-31593.0,13714.0,-5269.0,0.0,-0.0,-0.01,-31592.0,13765.0,-13459.0,0.0,2.0,0.0
1742505843.029066,-0.02,0.02,-0.11,-31755.0,14643.0,-21601.0,0.0,-0.0,-0.01,-31754.0,14694.0,-29791.0,129.0,195.0,147.0
1742505843.0410933,-0.02,0.02,-0.11,-31917.0,15572.0,27603.0,0.0,-0.0,-0.01,-31916.0,15622.0,19412.0,54.0,22.0,0.0
1742505843.0496325,-0.02,0.02,-0.11,-32081.0,16500.0,11269.0,0.0,-0.0,-0.01,-32080.0,16550.0,3078.0,0.0,0.0,0.0
1742505843.061797,-0.02,0.02,-0.11,-32246.0,17428.0,-5064.0,0.0,-0.0,-0.01,-32245.0,17479.0,-13254.0,100.0,121.0,175.0
1742505843.0738137,-0.02,0.02,-0.11,-32411.0,18357.0,-21396.0,0.0,-0.0,-0.01,-32410.0,18408.0,-29586.0,51.0,16.0,30.0
1742505843.0864518,-0.02,0.02,-0.11,-32579.0,19285.0,27808.0,0.0,-0.0,-0.01,-32578.0,19336.0,19617.0,6.0,0.0,0.0
1742505843.0984516,-0.02,0.02,-0.11,-32748.0,20213.0,11474.0,0.0,-0.0,-0.01,-32747.0,20264.0,3283.0,117.0,90.0,59.0
1742505843.1111007,-0.02,0.02,-0.11,32618.0,21141.0,-4859.0,0.0,-0.0,-0.01,32618.0,21192.0,-13049.0,0.0,0.0,0.0
1742505843.11922,-0.02,0.02,-0.11,32445.0,22069.0,-21191.0,0.0,-0.0,-0.01,32445.0,22119.0,-29381.0,0.0,0.0,0.0
1742505843.1312222,-0.02,0.02,-0.11,32271.0,22995.0,28013.0,0.0,-0.0,-0.01,32271.0,23045.0,19822.0,190.0,145.0,151.0
1742505843.143724,-0.02,0.02,-0.11,32096.0,23921.0,11679.0,0.0,-0.0,-0.01,32096.0,23971.0,3488.0,0.0,8.0,0.0
1742505843.1518512,-0.02,0.02,-0.11,31921.0,24847.0,-4654.0,0.0,0.0,-0.01,31920.0,24897.0,-12844.0,0.0,0.0,0.0
1742505843.1638658,-0.02,0.02,-0.11,31744.0,25773.0,-20986.0,0.0,-0.0,-0.01,31744.0,25823.0,-29176.0,170.0,209.0,115.0
1742505843.1807559,-0.02,0.02,-0.11,31566.0,26699.0,28218.0,0.0,-0.0,-0.01,31566.0,26749.0,20027.0,79.0,69.0,142.0
1742505843.1887555,-0.02,0.02,-0.11,31387.0,27624.0,11884.0,0.0,-0.0,-0.01,31387.0,27674.0,3693.0,3.0,0.0,0.0
1742505843.201125,-0.02,0.02,-0.11,31207.0,28549.0,-4449.0,0.0,-0.0,-0.01,31207.0,28599.0,-12639.0,0.0,0.0,40.0
1742505843.209627,-0.02,0.02,-0.11,31026.0,29474.0,-20781.0,0.0,-0.0,-0.01,31026.0,29524.0,-28971.0,67.0,76.0,68.0
1742505843.221625,-0.02,0.02,-0.11,30845.0,30399.0,28423.0,0.0,-0.0,-0.01,30845.0,30449.0,20232.0,4.0,42.0,0.0
1742505843.2341266,-0.02,0.02,-0.11,30663.0,31324.0,12089.0,0.0,-0.0,-0.01,30663.0,31374.0,3898.0,116.0,106.0,84.0
1742505843.2421339,-0.02,0.02,-0.11,30480.0,32249.0,-4244.0,0.0,-0.0,-0.01,30480.0,32299.0,-12434.0,0.0,0.0,0.0
1742505843.258135,-0.02,0.02,-0.11,30295.0,-32363.0,-20576.0,0.0,-0.0,-0.01,30295.0,-32312.0,-28766.0,34.0,0.0,0.0
1742505843.2701495,-0.02,0.02,-0.11,30109.0,-31437.0,28628.0,0.0,-0.0,-0.01,30109.0,-31386.0,20437.0,0.0,10.0,0.0
1742505843.278763,-0.02,0.02,-0.11,29922.0,-30511.0,12294.0,0.0,-0.0,-0.01,29922.0,-30460.0,4103.0,129.0,135.0,175.0
1742505843.2909138,-0.02,0.02,-0.11,29735.0,-29585.0,-4039.0,0.0,-0.0,-0.01,29735.0,-29534.0,-12229.0,0.0,0.0,53.0
1742505843.299412,-0.02,0.02,-0.11,29547.0,-28660.0,-20371.0,0.0,-0.0,-0.01,29547.0,-28609.0,-28561.0,0.0,0.0,0.0
1742505843.3115244,-0.02,0.02,-0.11,29358.0,-27735.0,28833.0,0.0,0.0,-0.01,29357.0,-27684.0,20642.0,143.0,174.0,135.0
1742505843.3240333,-0.02,0.02,-0.11,29166.0,-26809.0,12499.0,0.0,0.0,-0.01,29165.0,-26758.0,4308.0,0.0,22.0,0.0
1742505843.3325248,-0.02,0.02,-0.11,28972.0,-25884.0,-3834.0,0.0,0.0,-0.01,28971.0,-25834.0,-12024.0,95.0,82.0,21.0
1742505843.3485262,-0.02,0.02,-0.11,28779.0,-24957.0,-20166.0,0.0,-0.0,-0.01,28779.0,-24908.0,-28356.0,139.0,168.0,104.0
1742505843.3605309,-0.02,0.02,-0.11,28589.0,-24028.0,29038.0,0.0,-0.0,-0.01,28590.0,-23979.0,20847.0,0.0,0.0,3.0
1742505843.3690338,-0.02,0.02,-0.11,28401.0,-23097.0,12704.0,0.0,-0.0,-0.01,28401.0,-23048.0,4513.0,0.0,0.0,0.0
1742505843.3810358,-0.02,0.02,-0.11,28213.0,-22165.0,-3628.0,0.0,-0.0,-0.01,28213.0,-22115.0,-11818.0,152.0,172.0,177.0
1742505843.3896244,-0.02,0.02,-0.11,28025.0,-21233.0,-19959.0,0.0,-0.0,-0.01,28025.0,-21183.0,-28149.0,0.0,0.0,0.0
1742505843.401628,-0.02,0.02,-0.11,27836.0,-20302.0,29245.0,0.0,0.0,-0.01,27835.0,-20253.0,21054.0,0.0,0.0,0.0
1742505843.4136245,-0.02,0.02,-0.11,27644.0,-19372.0,12912.0,0.0,0.0,-0.01,27643.0,-19323.0,4721.0,155.0,163.0,227.0
1742505843.430096,-0.02,0.02,-0.11,27450.0,-18437.0,-3420.0,0.0,-0.0,-0.01,27450.0,-18388.0,-11610.0,109.0,81.0,159.0
1742505843.4385974,-0.02,0.02,-0.11,27256.0,-17500.0,-19751.0,0.0,-0.0,-0.01,27256.0,-17452.0,-27941.0,7.0,0.0,23.0
1742505843.4509606,-0.02,0.02,-0.11,27063.0,-16563.0,29455.0,0.0,-0.0,-0.01,27063.0,-16515.0,21264.0,52.0,6.0,45.0
1742505843.458964,-0.02,0.02,-0.11,26872.0,-15626.0,13123.0,0.0,-0.0,-0.01,26872.0,-15578.0,4932.0,60.0,77.0,48.0
1742505843.471463,-0.02,0.02,-0.11,26682.0,-14687.0,-3208.0,0.0,-0.0,-0.01,26682.0,-14638.0,-11398.0,0.0,0.0,0.0
1742505843.4834638,-0.02,0.02,-0.11,26493.0,-13746.0,-19538.0,0.0,-0.0,-0.01,26493.0,-13697.0,-27728.0,176.0,107.0,94.0
1742505843.4915252,-0.02,0.02,-0.11,26302.0,-12805.0,29668.0,0.0,-0.0,-0.01,26302.0,-12756.0,21477.0,0.0,0.0,0.0
1742505843.5080252,-0.02,0.02,-0.11,26109.0,-11866.0,13336.0,0.0,-0.0,-0.01,26109.0,-11817.0,5145.0,12.0,18.0,0.0
1742505843.5200331,-0.02,0.02,-0.11,25914.0,-10927.0,-2995.0,0.0,-0.0,-0.01,25915.0,-10878.0,-11185.0,0.0,0.0,0.0
1742505843.528595,-0.02,0.02,-0.11,25719.0,-9987.0,-19325.0,0.0,-0.0,-0.01,25720.0,-9938.0,-27515.0,217.0,151.0,177.0
1742505843.5407357,-0.02,0.02,-0.11,25522.0,-9047.0,29881.0,0.0,-0.0,-0.01,25523.0,-8998.0,21690.0,8.0,0.0,47.0
1742505843.5493891,-0.02,0.02,-0.11,25325.0,-8107.0,13549.0,0.0,-0.0,-0.01,25326.0,-8058.0,5358.0,55.0,0.0,0.0
1742505843.561395,-0.02,0.02,-0.11,25127.0,-7168.0,-2782.0,0.0,-0.0,-0.01,25128.0,-7120.0,-10972.0,106.0,60.0,101.0
1742505843.5734124,-0.02,0.02,-0.11,24929.0,-6231.0,-19112.0,0.0,-0.0,-0.01,24930.0,-6183.0,-27302.0,30.0,41.0,47.0
1742505843.581895,-0.02,0.02,-0.11,24731.0,-5293.0,30094.0,0.0,-0.0,-0.01,24732.0,-5245.0,21903.0,118.0,124.0,83.0
1742505843.5978968,-0.02,0.02,-0.11,24532.0,-4356.0,13762.0,0.0,-0.0,-0.01,24533.0,-4307.0,5571.0,144.0,149.0,118.0
1742505843.6103954,-0.02,0.02,-0.11,24331.0,-3419.0,-2569.0,0.0,-0.0,-0.01,24332.0,-3371.0,-10759.0,0.0,0.0,0.0
1742505843.618661,-0.02,0.02,-0.11,24129.0,-2483.0,-18899.0,0.0,-0.0,-0.01,24130.0,-2434.0,-27089.0,0.0,0.0,16.0
1742505843.6302526,-0.02,0.02,-0.11,23926.0,-1546.0,30307.0,0.0,-0.0,-0.01,23928.0,-1497.0,22116.0,149.0,218.0,218.0
1742505843.6392446,-0.02,0.03,-0.11,23722.0,-608.0,13975.0,0.0,-0.0,-0.01,23724.0,-559.0,5784.0,28.0,17.0,0.0
1742505843.6510937,-0.02,0.03,-0.11,23518.0,328.0,-2356.0,0.0,-0.0,-0.01,23520.0,376.0,-10546.0,0.0,0.0,0.0
1742505843.6637871,-0.02,0.03,-0.11,23314.0,1263.0,-18686.0,0.0,-0.0,-0.01,23316.0,1311.0,-26876.0,73.0,142.0,146.0
1742505843.6717868,-0.02,0.03,-0.11,23110.0,2197.0,30520.0,0.0,-0.0,-0.01,23112.0,2245.0,22329.0,0.0,0.0,3.0
1742505843.6882868,-0.02,0.03,-0.11,22904.0,3131.0,14188.0,0.0,-0.0,-0.01,22906.0,3179.0,5997.0,2.0,2.0,28.0
1742505843.6967869,-0.02,0.03,-0.11,22697.0,4065.0,-2143.0,0.0,-0.0,-0.01,22699.0,4113.0,-10333.0,142.0,113.0,154.0
1742505843.7088745,-0.02,0.03,-0.11,22488.0,4999.0,-18473.0,0.0,-0.0,-0.01,22490.0,5047.0,-26663.0,0.0,0.0,0.0
1742505843.7209105,-0.02,0.03,-0.11,22279.0,5932.0,30733.0,0.0,-0.0,-0.01,22281.0,5980.0,22542.0,0.0,0.0,25.0
1742505843.7296667,-0.02,0.03,-0.11,22069.0,6866.0,14401.0,0.0,-0.0,-0.01,22071.0,6914.0,6210.0,126.0,198.0,204.0
1742505843.7414038,-0.02,0.03,-0.11,21859.0,7800.0,-1930.0,0.0,-0.0,-0.01,21860.0,7848.0,-10120.0,32.0,11.0,15.0
1742505843.7500565,-0.02,0.03,-0.11,21648.0,8733.0,-18260.0,0.0,-0.0,-0.01,21649.0,8781.0,-26450.0,0.0,0.0,0.0
1742505843.762064,-0.02,0.03,-0.11,21436.0,9666.0,30946.0,0.0,-0.0,-0.01,21437.0,9714.0,22755.0,143.0,186.0,157.0
1742505843.7785642,-0.02,0.03,-0.11,21222.0,10598.0,14614.0,0.0,-0.0,-0.01,21223.0,10646.0,6423.0,94.0,41.0,135.0
1742505843.787187,-0.02,0.03,-0.11,21008.0,11531.0,-1717.0,0.0,-0.0,-0.01,21009.0,11579.0,-9907.0,0.0,47.0,1.0
1742505843.799189,-0.02,0.03,-0.11,20792.0,12463.0,-18047.0,0.0,-0.0,-0.01,20793.0,12511.0,-26237.0,145.0,118.0,10.0
1742505843.8112464,-0.02,0.03,-0.11,20576.0,13395.0,31159.0,0.0,-0.0,-0.01,20577.0,13443.0,22968.0,0.0,0.0,0.0
1742505843.8197763,-0.02,0.03,-0.11,20359.0,14327.0,14827.0,0.0,-0.0,-0.01,20361.0,14375.0,6636.0,0.0,6.0,0.0
1742505843.8314111,-0.02,0.03,-0.11,20143.0,15259.0,-1504.0,0.0,-0.0,-0.01,20145.0,15307.0,-9694.0,243.0,101.0,202.0
1742505843.8404193,-0.02,0.03,-0.11,19927.0,16190.0,-17834.0,0.0,-0.0,-0.01,19929.0,16238.0,-26024.0,10.0,22.0,5.0
1742505843.8566093,-0.02,0.03,-0.11,19710.0,17121.0,31372.0,0.0,-0.0,-0.01,19712.0,17170.0,23181.0,18.0,30.0,0.0
1742505843.8683434,-0.02,0.03,-0.11,19493.0,18053.0,15040.0,0.0,-0.0,-0.01,19495.0,18102.0,6849.0,0.0,0.0,0.0
1742505843.8769267,-0.02,0.03,-0.11,19275.0,18984.0,-1291.0,0.0,-0.0,-0.01,19277.0,19033.0,-9481.0,101.0,110.0,197.0
1742505843.8892174,-0.02,0.03,-0.11,19056.0,19915.0,-17621.0,0.0,-0.0,-0.01,19058.0,19964.0,-25811.0,15.0,5.0,34.0
1742505843.9012315,-0.02,0.03,-0.11,18837.0,20846.0,31585.0,0.0,-0.0,-0.01,18839.0,20895.0,23394.0,12.0,0.0,13.0
1742505843.9102294,-0.02,0.03,-0.11,18617.0,21777.0,15253.0,0.0,-0.0,-0.01,18619.0,21826.0,7062.0,72.0,130.0,123.0
1742505843.9222367,-0.02,0.03,-0.11,18397.0,22708.0,-1078.0,0.0,-0.0,-0.01,18399.0,22757.0,-9268.0,39.0,6.0,50.0
1742505843.9342167,-0.02,0.03,-0.11,18177.0,23638.0,-17408.0,0.0,-0.0,-0.01,18179.0,23687.0,-25598.0,132.0,68.0,118.0
1742505843.94672,-0.02,0.03,-0.11,17957.0,24568.0,31798.0,0.0,-0.0,-0.01,17959.0,24617.0,23607.0,182.0,74.0,149.0
1742505843.9587379,-0.02,0.03,-0.11,17737.0,25498.0,15466.0,0.0,-0.0,-0.01,17739.0,25547.0,7275.0,0.0,0.0,0.0
1742505843.9672263,-0.02,0.03,-0.11,17517.0,26428.0,-865.0,0.0,-0.0,-0.01,17519.0,26477.0,-9055.0,0.0,0.0,4.0
1742505843.9794266,-0.02,0.03,-0.11,17297.0,27358.0,-17195.0,0.0,-0.0,-0.01,17299.0,27407.0,-25385.0,200.0,200.0,226.0
1742505843.991426,-0.02,0.03,-0.11,17078.0,28287.0,32011.0,0.0,-0.0,-0.01,17080.0,28336.0,23820.0,0.0,15.0,0.0
1742505844.0000577,-0.02,0.03,-0.11,16860.0,29216.0,15679.0,0.0,-0.0,-0.01,16862.0,29265.0,7488.0,0.0,0.0,0.0
1742505844.012066,-0.02,0.03,-0.11,16644.0,30145.0,-653.0,0.0,-0.0,-0.01,16646.0,30194.0,-8843.0,117.0,168.0,188.0
1742505844.028235,-0.02,0.03,-0.11,16429.0,31074.0,-16984.0,0.0,-0.0,-0.01,16431.0,31123.0,-25174.0,46.0,31.0,43.0
1742505844.0366745,-0.02,0.03,-0.11,16213.0,32003.0,32221.0,0.0,-0.0,-0.01,16215.0,32052.0,24030.0,32.0,82.0,13.0
1742505844.0485513,-0.02,0.03,-0.11,15997.0,-32604.0,15888.0,0.0,-0.0,-0.01,15999.0,-32555.0,7697.0,71.0,94.0,89.0
1742505844.061059,-0.02,0.03,-0.11,15780.0,-31675.0,-444.0,0.0,-0.0,-0.01,15782.0,-31626.0,-8634.0,0.0,17.0,0.0
1742505844.069561,-0.02,0.03,-0.11,15562.0,-30746.0,-16775.0,0.0,-0.0,-0.01,15564.0,-30697.0,-24965.0,0.0,16.0,0.0
1742505844.0817142,-0.02,0.03,-0.11,15343.0,-29817.0,32430.0,0.0,-0.0,-0.01,15345.0,-29768.0,24239.0,225.0,129.0,133.0
1742505844.090244,-0.02,0.03,-0.11,15124.0,-28888.0,16097.0,0.0,-0.0,-0.01,15126.0,-28839.0,7906.0,13.0,0.0,0.0
1742505844.1067388,-0.02,0.03,-0.11,14904.0,-27960.0,-235.0,0.0,-0.0,-0.01,14906.0,-27911.0,-8425.0,1.0,0.0,0.0
1742505844.1182394,-0.02,0.03,-0.11,14684.0,-27032.0,-16566.0,0.0,-0.0,-0.01,14686.0,-26983.0,-24756.0,0.0,0.0,0.0
1742505844.126738,-0.02,0.03,-0.11,14464.0,-26104.0,32639.0,0.0,-0.0,-0.01,14466.0,-26055.0,24448.0,55.0,156.0,164.0
1742505844.1388566,-0.02,0.03,-0.11,14243.0,-25176.0,16306.0,0.0,-0.0,-0.01,14245.0,-25127.0,8115.0,57.0,98.0,33.0
1742505844.150376,-0.02,0.03,-0.11,14021.0,-24249.0,-26.0,0.0,-0.0,-0.01,14023.0,-24200.0,-8216.0,53.0,0.0,54.0
1742505844.1595216,-0.02,0.03,-0.11,13799.0,-23322.0,-16357.0,0.0,-0.0,-0.01,13801.0,-23273.0,-24547.0,78.0,27.0,61.0
1742505844.171521,-0.02,0.03,-0.11,13576.0,-22395.0,-32688.0,0.0,-0.0,-0.01,13578.0,-22346.0,24658.0,25.0,74.0,0.0
1742505844.1800199,-0.02,0.03,-0.11,13353.0,-21468.0,16516.0,0.0,-0.0,-0.01,13355.0,-21419.0,8325.0,157.0,66.0,119.0
1742505844.19662,-0.02,0.03,-0.11,13129.0,-20541.0,183.0,0.0,-0.0,-0.01,13131.0,-20492.0,-8007.0,185.0,145.0,107.0
1742505844.208363,-0.02,0.03,-0.11,12905.0,-19615.0,-16148.0,0.0,-0.0,-0.01,12907.0,-19566.0,-24338.0,0.0,21.0,0.0
1742505844.2174976,-0.02,0.03,-0.11,12680.0,-18689.0,-32479.0,0.0,-0.0,-0.01,12682.0,-18640.0,24867.0,0.0,0.0,0.0
1742505844.2289984,-0.02,0.03,-0.11,12455.0,-17763.0,16725.0,0.0,-0.0,-0.01,12457.0,-17714.0,8534.0,192.0,147.0,189.0
1742505844.241167,-0.02,0.03,-0.11,12229.0,-16837.0,392.0,0.0,-0.0,-0.01,12231.0,-16788.0,-7798.0,19.0,15.0,29.0
1742505844.2498178,-0.02,0.03,-0.11,12003.0,-15911.0,-15939.0,0.0,-0.0,-0.01,12005.0,-15862.0,-24129.0,0.0,0.0,0.0
1742505844.261708,-0.02,0.03,-0.11,11776.0,-14985.0,-32270.0,0.0,-0.0,-0.01,11778.0,-14936.0,25076.0,119.0,122.0,129.0
1742505844.2780144,-0.02,0.03,-0.11,11548.0,-14060.0,16934.0,0.0,-0.0,-0.01,11550.0,-14011.0,8743.0,43.0,110.0,87.0
1742505844.2865145,-0.02,0.03,-0.11,11320.0,-13135.0,601.0,0.0,-0.0,-0.01,11322.0,-13086.0,-7589.0,17.0,3.0,46.0
1742505844.2985563,-0.02,0.03,-0.11,11091.0,-12210.0,-15730.0,0.0,-0.0,-0.01,11094.0,-12161.0,-23920.0,145.0,142.0,90.0
1742505844.3108928,-0.02,0.03,-0.11,10863.0,-11285.0,-32061.0,0.0,-0.0,-0.01,10866.0,-11236.0,25285.0,0.0,0.0,2.0
1742505844.3193924,-0.02,0.03,-0.11,10634.0,-10360.0,17143.0,0.0,-0.0,-0.01,10637.0,-10311.0,8952.0,0.0,0.0,0.0
1742505844.3311872,-0.02,0.03,-0.11,10405.0,-9435.0,810.0,0.0,-0.0,-0.01,10408.0,-9386.0,-7380.0,183.0,187.0,180.0
1742505844.3396883,-0.02,0.03,-0.11,10175.0,-8511.0,-15521.0,0.0,-0.0,-0.01,10178.0,-8462.0,-23711.0,0.0,0.0,40.0
1742505844.3562348,-0.02,0.03,-0.11,9944.0,-7587.0,-31852.0,0.0,-0.0,-0.01,9947.0,-7538.0,25494.0,61.0,0.0,53.0
1742505844.3682294,-0.02,0.03,-0.11,9713.0,-6664.0,17352.0,0.0,-0.0,-0.01,9716.0,-6615.0,9161.0,21.0,51.0,0.0
1742505844.3763456,-0.02,0.03,-0.11,9481.0,-5741.0,1019.0,0.0,-0.0,-0.01,9484.0,-5691.0,-7171.0,80.0,141.0,144.0
1742505844.3888607,-0.02,0.03,-0.11,9249.0,-4817.0,-15312.0,0.0,-0.0,-0.01,9252.0,-4768.0,-23502.0,55.0,0.0,22.0
1742505844.3971238,-0.02,0.03,-0.11,9017.0,-3894.0,-31643.0,0.0,-0.0,-0.01,9020.0,-3844.0,25703.0,101.0,114.0,96.0
1742505844.409242,-0.02,0.03,-0.11,8784.0,-2970.0,17561.0,0.0,-0.0,-0.01,8787.0,-2920.0,9370.0,0.0,0.0,0.0
1742505844.420978,-0.02,0.03,-0.11,8551.0,-2047.0,1228.0,0.0,-0.0,-0.01,8554.0,-1997.0,-6962.0,63.0,28.0,13.0
1742505844.4298053,-0.02,0.03,-0.11,8317.0,-1124.0,-15103.0,0.0,-0.0,-0.01,8320.0,-1074.0,-23293.0,143.0,148.0,202.0
1742505844.441806,-0.02,0.03,-0.11,8083.0,-201.0,-31434.0,0.0,-0.0,-0.01,8086.0,-151.0,25912.0,45.0,30.0,39.0
1742505844.4543924,-0.02,0.03,-0.11,7848.0,721.0,17770.0,0.0,-0.0,-0.01,7851.0,770.0,9579.0,46.0,40.0,21.0
1742505844.4663925,-0.02,0.03,-0.11,7613.0,1642.0,1437.0,0.0,-0.0,-0.01,7616.0,1691.0,-6753.0,17.0,17.0,0.0
1742505844.4784093,-0.02,0.03,-0.11,7377.0,2563.0,-14894.0,0.0,-0.0,-0.01,7380.0,2612.0,-23084.0,3.0,21.0,61.0
1742505844.4871004,-0.02,0.03,-0.11,7141.0,3484.0,-31225.0,0.0,-0.0,-0.01,7144.0,3533.0,26121.0,36.0,2.0,67.0
1742505844.4991221,-0.02,0.03,-0.11,6905.0,4405.0,17979.0,0.0,-0.0,-0.01,6908.0,4454.0,9788.0,178.0,72.0,110.0
1742505844.5076003,-0.02,0.03,-0.11,6668.0,5325.0,1646.0,0.0,-0.0,-0.01,6671.0,5375.0,-6544.0,27.0,35.0,5.0
1742505844.5196009,-0.02,0.03,-0.11,6431.0,6246.0,-14685.0,0.0,-0.0,-0.01,6434.0,6296.0,-22875.0,0.0,0.0,35.0
1742505844.5280812,-0.02,0.03,-0.11,6194.0,7167.0,-31016.0,0.0,-0.0,-0.01,6197.0,7217.0,26330.0,163.0,202.0,208.0
1742505844.5402093,-0.02,0.03,-0.11,5957.0,8087.0,18188.0,0.0,-0.0,-0.01,5960.0,8137.0,9997.0,2.0,4.0,22.0
1742505844.5487094,-0.02,0.03,-0.11,5719.0,9007.0,1855.0,0.0,-0.0,-0.01,5722.0,9057.0,-6335.0,0.0,0.0,0.0
1742505844.5607233,-0.02,0.03,-0.11,5481.0,9927.0,-14476.0,0.0,-0.0,-0.01,5484.0,9977.0,-22666.0,126.0,107.0,145.0
1742505844.576923,-0.02,0.03,-0.11,5242.0,10846.0,-30807.0,0.0,-0.0,-0.01,5245.0,10896.0,26539.0,0.0,0.0,122.0
1742505844.5854034,-0.02,0.03,-0.11,5003.0,11765.0,18397.0,0.0,-0.0,-0.01,5006.0,11815.0,10206.0,11.0,7.0,0.0
1742505844.5974178,-0.02,0.03,-0.11,4764.0,12684.0,2064.0,0.0,-0.0,-0.01,4767.0,12734.0,-6126.0,134.0,170.0,128.0
1742505844.6100175,-0.02,0.03,-0.11,4524.0,13602.0,-14267.0,0.0,-0.0,-0.01,4528.0,13652.0,-22457.0,26.0,0.0,0.0
1742505844.6181939,-0.02,0.03,-0.11,4285.0,14520.0,-30598.0,0.0,-0.0,-0.01,4289.0,14570.0,26748.0,0.0,0.0,0.0
1742505844.6300614,-0.02,0.03,-0.11,4046.0,15438.0,18606.0,0.0,-0.0,-0.01,4050.0,15488.0,10415.0,165.0,187.0,154.0
1742505844.6388357,-0.02,0.03,-0.11,3807.0,16356.0,2273.0,0.0,-0.0,-0.01,3811.0,16406.0,-5917.0,69.0,51.0,21.0
1742505844.6505501,-0.02,0.03,-0.11,3568.0,17274.0,-14059.0,0.0,-0.0,-0.01,3572.0,17324.0,-22249.0,0.0,0.0,0.0
1742505844.6672168,-0.02,0.03,-0.11,3328.0,18192.0,-30390.0,0.0,-0.0,-0.01,3332.0,18242.0,26956.0,84.0,63.0,62.0
1742505844.6757174,-0.02,0.03,-0.11,3088.0,19110.0,18813.0,0.0,-0.0,-0.01,3092.0,19160.0,10622.0,26.0,47.0,55.0
1742505844.687717,-0.02,0.03,-0.11,2848.0,20028.0,2479.0,0.0,-0.0,-0.01,2852.0,20078.0,-5711.0,45.0,27.0,0.0
1742505844.699769,-0.02,0.03,-0.11,2607.0,20946.0,-13853.0,0.0,-0.0,-0.01,2611.0,20996.0,-22043.0,169.0,194.0,126.0
1742505844.7082741,-0.02,0.03,-0.11,2366.0,21864.0,-30185.0,0.0,-0.0,-0.01,2370.0,21914.0,27161.0,40.0,15.0,0.0
1742505844.7202692,-0.02,0.03,-0.11,2125.0,22782.0,19018.0,0.0,-0.0,-0.01,2129.0,22832.0,10827.0,3.0,0.0,0.0
1742505844.7291436,-0.02,0.03,-0.11,1884.0,23700.0,2684.0,0.0,-0.0,-0.01,1887.0,23750.0,-5506.0,184.0,126.0,160.0
1742505844.740629,-0.02,0.03,-0.11,1642.0,24618.0,-13647.0,0.0,-0.0,-0.01,1645.0,24668.0,-21837.0,15.0,5.0,1.0
1742505844.7573156,-0.02,0.03,-0.11,1400.0,25536.0,-29978.0,0.0,-0.0,-0.01,1403.0,25586.0,27368.0,7.0,0.0,68.0
1742505844.765815,-0.02,0.03,-0.11,1157.0,26454.0,19226.0,0.0,-0.0,-0.01,1160.0,26504.0,11035.0,53.0,58.0,4.0
1742505844.777815,-0.02,0.03,-0.11,914.0,27372.0,2893.0,0.0,-0.0,-0.01,918.0,27422.0,-5297.0,68.0,44.0,127.0
1742505844.786315,-0.02,0.03,-0.11,672.0,28290.0,-13438.0,0.0,-0.0,-0.01,676.0,28340.0,-21628.0,44.0,30.0,31.0
1742505844.798315,-0.02,0.03,-0.11,430.0,29208.0,-29769.0,0.0,-0.0,-0.01,434.0,29258.0,27577.0,130.0,99.0,87.0
1742505844.806815,-0.02,0.03,-0.11,188.0,30126.0,19434.0,0.0,-0.0,-0.01,192.0,30176.0,11243.0,7.0,30.0,0.0
1742505844.818816,-0.02,0.03,-0.11,-54.0,31043.0,3100.0,0.0,-0.0,-0.01,-49.0,31093.0,-5090.0,0.0,0.0,0.0
1742505844.830962,-0.02,0.03,-0.11,-295.0,31960.0,-13232.0,0.0,-0.0,-0.01,-291.0,32010.0,-21422.0,195.0,238.0,223.0
1742505844.839455,-0.02,0.03,-0.11,-537.0,-32659.0,-29564.0,0.0,-0.0,-0.01,-532.0,-32609.0,27782.0,12.0,52.0,19.0
1742505844.855463,-0.02,0.03,-0.11,-778.0,-31741.0,19639.0,0.0,-0.0,-0.01,-773.0,-31691.0,11448.0,15.0,73.0,0.0
1742505844.8678782,-0.02,0.03,-0.11,-1019.0,-30823.0,3305.0,0.0,-0.0,-0.01,-1014.0,-30773.0,-4885.0,41.0,43.0,16.0
1742505844.8763804,-0.02,0.03,-0.11,-1260.0,-29905.0,-13027.0,0.0,-0.0,-0.01,-1255.0,-29855.0,-21217.0,0.0,9.0,22.0
1742505844.8880036,-0.02,0.03,-0.11,-1501.0,-28987.0,-29359.0,0.0,-0.0,-0.01,-1496.0,-28937.0,27987.0,50.0,131.0,61.0
1742505844.8969896,-0.02,0.03,-0.11,-1742.0,-28070.0,19844.0,0.0,-0.0,-0.01,-1737.0,-28020.0,11653.0,122.0,155.0,118.0
1742505844.9091532,-0.02,0.03,-0.11,-1984.0,-27153.0,3510.0,0.0,-0.0,-0.01,-1979.0,-27103.0,-4680.0,0.0,0.0,0.0
1742505844.9211533,-0.02,0.03,-0.11,-2226.0,-26236.0,-12822.0,0.0,-0.0,-0.01,-2221.0,-26186.0,-21012.0,0.0,0.0,0.0
1742505844.9295726,-0.02,0.03,-0.11,-2468.0,-25319.0,-29154.0,0.0,-0.0,-0.01,-2463.0,-25269.0,28192.0,152.0,160.0,193.0
1742505844.9455755,-0.02,0.03,-0.11,-2710.0,-24402.0,20049.0,0.0,-0.0,-0.01,-2705.0,-24352.0,11858.0,149.0,201.0,194.0
1742505844.9577725,-0.02,0.03,-0.11,-2952.0,-23485.0,3715.0,0.0,-0.0,-0.01,-2947.0,-23435.0,-4475.0,0.0,61.0,25.0
1742505844.9662724,-0.02,0.03,-0.11,-3194.0,-22568.0,-12617.0,0.0,-0.0,-0.01,-3189.0,-22518.0,-20807.0,0.0,0.0,4.0
1742505844.9785464,-0.02,0.03,-0.11,-3436.0,-21652.0,-28949.0,0.0,-0.0,-0.01,-3431.0,-21602.0,28397.0,116.0,97.0,86.0
1742505844.9871404,-0.02,0.03,-0.11,-3678.0,-20736.0,20254.0,0.0,-0.0,-0.01,-3673.0,-20686.0,12063.0,0.0,0.0,45.0
1742505844.998752,-0.02,0.03,-0.11,-3920.0,-19820.0,3920.0,0.0,-0.0,-0.01,-3915.0,-19770.0,-4270.0,67.0,45.0,10.0
1742505845.015252,-0.02,0.03,-0.11,-4163.0,-18905.0,-12412.0,0.0,-0.0,-0.01,-4158.0,-18855.0,-20602.0,76.0,96.0,117.0
1742505845.0272522,-0.02,0.03,-0.11,-4406.0,-17990.0,-28744.0,0.0,-0.0,-0.01,-4401.0,-17940.0,28602.0,40.0,32.0,26.0
1742505845.0357528,-0.02,0.03,-0.11,-4649.0,-17075.0,20459.0,0.0,-0.0,-0.01,-4644.0,-17025.0,12268.0,0.0,0.0,22.0
1742505845.0482562,-0.02,0.03,-0.11,-4892.0,-16161.0,4125.0,0.0,-0.0,-0.01,-4887.0,-16110.0,-4065.0,189.0,148.0,134.0
1742505845.0567617,-0.02,0.03,-0.11,-5135.0,-15247.0,-12207.0,0.0,-0.0,-0.01,-5130.0,-15196.0,-20397.0,0.0,0.0,0.0
1742505845.0684116,-0.02,0.03,-0.11,-5378.0,-14333.0,-28539.0,0.0,-0.0,-0.01,-5373.0,-14283.0,28807.0,0.0,0.0,0.0
1742505845.0810094,-0.02,0.03,-0.11,-5621.0,-13420.0,20664.0,0.0,-0.0,-0.01,-5616.0,-13370.0,12473.0,121.0,273.0,192.0
1742505845.089025,-0.02,0.03,-0.11,-5864.0,-12506.0,4330.0,0.0,-0.0,-0.01,-5859.0,-12455.0,-3860.0,57.0,79.0,46.0
1742505845.1057172,-0.02,0.03,-0.11,-6108.0,-11592.0,-12002.0,0.0,-0.0,-0.01,-6103.0,-11542.0,-20192.0,16.0,132.0,86.0
1742505845.1174803,-0.02,0.03,-0.11,-6351.0,-10679.0,-28334.0,0.0,-0.0,-0.01,-6346.0,-10629.0,29012.0,106.0,27.0,15.0
1742505845.1259813,-0.02,0.03,-0.11,-6594.0,-9766.0,20869.0,0.0,-0.0,-0.01,-6589.0,-9715.0,12678.0,34.0,48.0,46.0
1742505845.1380215,-0.02,0.03,-0.11,-6837.0,-8852.0,4535.0,0.0,-0.0,-0.01,-6832.0,-8801.0,-3655.0,0.0,0.0,32.0
1742505845.146607,-0.02,0.03,-0.11,-7080.0,-7938.0,-11797.0,0.0,-0.0,-0.01,-7075.0,-7887.0,-19987.0,221.0,214.0,164.0
1742505845.1586041,-0.02,0.03,-0.11,-7323.0,-7024.0,-28129.0,0.0,-0.0,-0.01,-7318.0,-6973.0,29217.0,16.0,35.0,0.0
1742505845.1671019,-0.02,0.03,-0.11,-7566.0,-6110.0,21074.0,0.0,-0.0,-0.01,-7561.0,-6059.0,12883.0,0.0,0.0,3.0
1742505845.179056,-0.02,0.03,-0.11,-7809.0,-5197.0,4740.0,0.0,-0.0,-0.01,-7804.0,-5146.0,-3450.0,208.0,203.0,138.0
1742505845.1912212,-0.02,0.03,-0.11,-8052.0,-4283.0,-11592.0,0.0,-0.0,-0.01,-8047.0,-4232.0,-19782.0,39.0,0.0,12.0
1742505845.204058,-0.02,0.03,-0.11,-8295.0,-3370.0,-27924.0,0.0,-0.0,-0.01,-8290.0,-3319.0,29422.0,15.0,73.0,0.0
1742505845.216057,-0.02,0.03,-0.11,-8538.0,-2457.0,21279.0,0.0,-0.0,-0.01,-8532.0,-2406.0,13088.0,83.0,80.0,64.0
1742505845.2245572,-0.02,0.03,-0.11,-8780.0,-1544.0,4945.0,0.0,-0.0,-0.01,-8774.0,-1493.0,-3245.0,0.0,21.0,98.0
1742505845.2368703,-0.02,0.03,-0.11,-9022.0,-630.0,-11387.0,0.0,-0.0,-0.01,-9016.0,-579.0,-19577.0,4.0,7.0,1.0
1742505845.24887,-0.02,0.03,-0.11,-9264.0,282.0,-27719.0,0.0,-0.0,-0.01,-9258.0,332.0,29627.0,157.0,204.0,199.0
1742505845.2573962,-0.02,0.03,-0.11,-9506.0,1193.0,21484.0,0.0,-0.0,-0.01,-9500.0,1243.0,13293.0,0.0,0.0,0.0
1742505845.2693949,-0.02,0.03,-0.11,-9747.0,2104.0,5150.0,0.0,-0.0,-0.01,-9741.0,2154.0,-3040.0,0.0,0.0,0.0
1742505845.2778966,-0.02,0.03,-0.11,-9988.0,3015.0,-11182.0,0.0,-0.0,-0.01,-9982.0,3065.0,-19372.0,231.0,169.0,161.0
1742505845.2894285,-0.02,0.03,-0.11,-10228.0,3926.0,-27514.0,0.0,-0.0,-0.01,-10222.0,3976.0,29832.0,6.0,37.0,52.0
1742505845.3058946,-0.02,0.03,-0.11,-10465.0,4837.0,21689.0,0.0,-0.0,-0.01,-10459.0,4887.0,13498.0,15.0,26.0,41.0
1742505845.3143966,-0.02,0.03,-0.11,-10702.0,5747.0,5355.0,0.0,-0.0,-0.01,-10696.0,5798.0,-2835.0,78.0,74.0,66.0
1742505845.326554,-0.02,0.03,-0.11,-10939.0,6658.0,-10977.0,0.0,-0.0,-0.01,-10934.0,6709.0,-19167.0,0.0,0.0,0.0
1742505845.3350523,-0.02,0.03,-0.11,-11177.0,7569.0,-27309.0,0.0,-0.0,-0.01,-11172.0,7620.0,30037.0,40.0,64.0,40.0
1742505845.3470838,-0.02,0.03,-0.11,-11415.0,8480.0,21894.0,0.0,-0.0,-0.01,-11410.0,8531.0,13703.0,210.0,134.0,194.0
1742505845.359114,-0.02,0.03,-0.11,-11653.0,9391.0,5560.0,0.0,-0.0,-0.01,-11648.0,9442.0,-2630.0,0.0,0.0,0.0
1742505845.3675983,-0.02,0.03,-0.11,-11891.0,10302.0,-10772.0,0.0,-0.0,-0.01,-11886.0,10353.0,-18962.0,0.0,0.0,45.0
1742505845.379631,-0.02,0.03,-0.11,-12129.0,11213.0,-27104.0,0.0,-0.0,-0.01,-12124.0,11264.0,30242.0,192.0,121.0,183.0
1742505845.3962584,-0.02,0.03,-0.11,-12368.0,12123.0,22099.0,0.0,-0.0,-0.01,-12363.0,12174.0,13908.0,140.0,74.0,156.0
1742505845.4047594,-0.02,0.03,-0.11,-12607.0,13033.0,5765.0,0.0,-0.0,-0.01,-12602.0,13084.0,-2425.0,54.0,75.0,8.0
1742505845.4168837,-0.02,0.03,-0.11,-12846.0,13943.0,-10567.0,0.0,-0.0,-0.01,-12841.0,13994.0,-18757.0,11.0,24.0,0.0
1742505845.4288843,-0.02,0.03,-0.11,-13085.0,14853.0,-26899.0,0.0,-0.0,-0.01,-13080.0,14903.0,30447.0,87.0,89.0,58.0
1742505845.4373858,-0.02,0.03,-0.11,-13324.0,15762.0,22304.0,0.0,-0.0,-0.01,-13319.0,15812.0,14113.0,28.0,16.0,24.0
1742505845.4493856,-0.02,0.03,-0.11,-13563.0,16671.0,5970.0,0.0,-0.0,-0.01,-13558.0,16721.0,-2220.0,113.0,40.0,32.0
1742505845.4578903,-0.02,0.03,-0.11,-13803.0,17580.0,-10362.0,0.0,-0.0,-0.01,-13798.0,17631.0,-18552.0,0.0,0.0,85.0
1742505845.47389,-0.02,0.03,-0.11,-14043.0,18490.0,-26694.0,0.0,-0.0,-0.01,-14038.0,18541.0,30652.0,0.0,0.0,23.0
1742505845.4863908,-0.02,0.03,-0.11,-14283.0,19400.0,22509.0,0.0,-0.0,-0.01,-14278.0,19450.0,14318.0,0.0,0.0,10.0
1742505845.4948902,-0.02,0.03,-0.11,-14524.0,20309.0,6175.0,0.0,-0.0,-0.01,-14519.0,20359.0,-2015.0,148.0,202.0,144.0
1742505845.506891,-0.02,0.03,-0.11,-14765.0,21218.0,-10157.0,0.0,-0.0,-0.01,-14760.0,21268.0,-18347.0,54.0,66.0,3.0
1742505845.5190115,-0.02,0.03,-0.11,-15006.0,22127.0,-26489.0,0.0,-0.0,-0.01,-15001.0,22177.0,30857.0,7.0,11.0,0.0
1742505845.5271752,-0.02,0.03,-0.11,-15247.0,23036.0,22714.0,0.0,-0.0,-0.01,-15242.0,23086.0,14523.0,126.0,179.0,199.0
1742505845.5396757,-0.02,0.03,-0.11,-15489.0,23945.0,6380.0,0.0,-0.0,-0.01,-15484.0,23995.0,-1810.0,77.0,39.0,39.0
1742505845.555708,-0.02,0.03,-0.11,-15731.0,24854.0,-9952.0,0.0,-0.0,-0.01,-15726.0,24904.0,-18142.0,0.0,21.0,24.0
1742505845.564208,-0.02,0.03,-0.11,-15973.0,25763.0,-26284.0,0.0,-0.0,-0.01,-15968.0,25813.0,31062.0,143.0,88.0,66.0
1742505845.5762906,-0.02,0.03,-0.11,-16215.0,26673.0,22919.0,0.0,-0.0,-0.01,-16209.0,26723.0,14728.0,54.0,109.0,89.0
1742505845.58879,-0.02,0.03,-0.11,-16456.0,27583.0,6585.0,0.0,-0.0,-0.01,-16450.0,27633.0,-1605.0,0.0,0.0,15.0
1742505845.5968049,-0.02,0.03,-0.11,-16697.0,28493.0,-9747.0,0.0,-0.0,-0.01,-16691.0,28543.0,-17937.0,164.0,149.0,140.0
1742505845.6088824,-0.02,0.03,-0.11,-16938.0,29403.0,-26079.0,0.0,-0.0,-0.01,-16932.0,29453.0,31267.0,0.0,0.0,0.0
1742505845.6178827,-0.02,0.03,-0.11,-17179.0,30313.0,23124.0,0.0,-0.0,-0.01,-17173.0,30363.0,14933.0,0.0,0.0,0.0
1742505845.6339958,-0.02,0.03,-0.11,-17420.0,31223.0,6790.0,0.0,-0.0,-0.01,-17414.0,31272.0,-1400.0,0.0,1.0,0.0
1742505845.6460207,-0.02,0.03,-0.11,-17662.0,32132.0,-9542.0,0.0,-0.0,-0.01,-17656.0,32181.0,-17732.0,192.0,168.0,147.0
1742505845.6545243,-0.02,0.03,-0.11,-17904.0,-32495.0,-25874.0,0.0,-0.0,-0.01,-17898.0,-32445.0,31472.0,23.0,9.0,56.0
1742505845.666527,-0.02,0.03,-0.11,-18147.0,-31585.0,23329.0,0.0,-0.0,-0.01,-18141.0,-31535.0,15138.0,0.0,0.0,0.0
1742505845.6785247,-0.02,0.03,-0.11,-18390.0,-30675.0,6995.0,0.0,-0.0,-0.01,-18385.0,-30625.0,-1195.0,94.0,57.0,125.0
1742505845.6870253,-0.02,0.03,-0.11,-18634.0,-29765.0,-9337.0,0.0,-0.0,-0.01,-18629.0,-29715.0,-17527.0,7.0,25.0,0.0
1742505845.7000265,-0.02,0.03,-0.11,-18878.0,-28855.0,-25669.0,0.0,-0.0,-0.01,-18873.0,-28805.0,31677.0,125.0,65.0,24.0
1742505845.7160265,-0.02,0.03,-0.11,-19123.0,-27945.0,23534.0,0.0,-0.0,-0.01,-19118.0,-27895.0,15343.0,178.0,130.0,130.0
1742505845.7240255,-0.02,0.03,-0.11,-19368.0,-27035.0,7200.0,0.0,-0.0,-0.01,-19363.0,-26984.0,-990.0,0.0,74.0,0.0
1742505845.7360253,-0.02,0.03,-0.11,-19613.0,-26124.0,-9132.0,0.0,-0.0,-0.01,-19608.0,-26073.0,-17322.0,0.0,22.0,0.0
1742505845.7485747,-0.02,0.03,-0.11,-19858.0,-25213.0,-25464.0,0.0,-0.0,-0.01,-19853.0,-25162.0,31882.0,132.0,164.0,187.0
1742505845.7566097,-0.02,0.03,-0.11,-20103.0,-24302.0,23739.0,0.0,-0.0,-0.01,-20097.0,-24251.0,15548.0,0.0,0.0,0.0
1742505845.7691088,-0.02,0.03,-0.11,-20348.0,-23391.0,7405.0,0.0,-0.0,-0.01,-20342.0,-23340.0,-785.0,5.0,12.0,0.0
1742505845.7776182,-0.02,0.03,-0.11,-20593.0,-22480.0,-8927.0,0.0,-0.0,-0.01,-20588.0,-22429.0,-17117.0,169.0,242.0,199.0
1742505845.7896082,-0.02,0.03,-0.11,-20839.0,-21569.0,-25259.0,0.0,-0.0,-0.01,-20833.0,-21518.0,32087.0,0.0,0.0,0.0
1742505845.8056083,-0.02,0.03,-0.11,-21084.0,-20658.0,23944.0,0.0,-0.0,-0.01,-21079.0,-20608.0,15753.0,0.0,5.0,30.0
1742505845.8141074,-0.02,0.03,-0.11,-21330.0,-19748.0,7610.0,0.0,-0.0,-0.01,-21325.0,-19698.0,-580.0,103.0,97.0,38.0
1742505845.8261235,-0.02,0.03,-0.11,-21576.0,-18838.0,-8722.0,0.0,-0.0,-0.01,-21571.0,-18787.0,-16912.0,0.0,0.0,0.0
1742505845.8386333,-0.02,0.03,-0.11,-21822.0,-17927.0,-25054.0,0.0,-0.0,-0.01,-21817.0,-17876.0,32292.0,58.0,40.0,15.0
1742505845.8471332,-0.02,0.03,-0.11,-22068.0,-17016.0,24149.0,0.0,-0.0,-0.01,-22063.0,-16965.0,15958.0,150.0,201.0,137.0
1742505845.8589847,-0.02,0.03,-0.11,-22314.0,-16105.0,7815.0,0.0,-0.0,-0.01,-22309.0,-16054.0,-375.0,0.0,0.0,60.0
1742505845.8674843,-0.02,0.03,-0.11,-22560.0,-15194.0,-8517.0,0.0,-0.0,-0.01,-22554.0,-15143.0,-16707.0,0.0,0.0,0.0
1742505845.8841085,-0.02,0.03,-0.11,-22806.0,-14284.0,-24849.0,0.0,-0.0,-0.01,-22800.0,-14233.0,32497.0,0.0,0.0,0.0
1742505845.8961089,-0.02,0.03,-0.11,-23052.0,-13374.0,24354.0,0.0,-0.0,-0.01,-23046.0,-13323.0,16163.0,168.0,120.0,119.0
1742505845.9041083,-0.02,0.03,-0.11,-23298.0,-12464.0,8020.0,0.0,-0.0,-0.01,-23292.0,-12413.0,-170.0,17.0,21.0,11.0
1742505845.9161506,-0.02,0.03,-0.11,-23544.0,-11554.0,-8312.0,0.0,-0.0,-0.01,-23538.0,-11503.0,-16502.0,0.0,0.0,1.0
1742505845.9287393,-0.02,0.03,-0.11,-23790.0,-10644.0,-24644.0,0.0,-0.0,-0.01,-23784.0,-10593.0,32702.0,82.0,107.0,161.0
1742505845.9372401,-0.02,0.03,-0.11,-24036.0,-9734.0,24559.0,0.0,-0.0,-0.01,-24030.0,-9683.0,16368.0,22.0,45.0,0.0
1742505845.9492426,-0.02,0.03,-0.11,-24282.0,-8824.0,8225.0,0.0,-0.0,-0.01,-24276.0,-8774.0,34.0,73.0,57.0,94.0
1742505845.9617505,-0.02,0.03,-0.1,-24529.0,-7916.0,-8108.0,0.0,-0.0,-0.01,-24523.0,-7866.0,-16298.0,155.0,128.0,160.0
1742505845.9737506,-0.02,0.03,-0.1,-24776.0,-7008.0,-24440.0,0.0,-0.0,-0.01,-24770.0,-6958.0,-32630.0,0.0,0.0,46.0
1742505845.9857674,-0.02,0.03,-0.1,-25023.0,-6100.0,24764.0,0.0,-0.0,-0.01,-25017.0,-6049.0,16573.0,0.0,0.0,0.0
1742505845.9943464,-0.02,0.03,-0.1,-25270.0,-5191.0,8430.0,0.0,-0.0,-0.01,-25264.0,-5140.0,239.0,145.0,198.0,127.0
1742505846.0063465,-0.02,0.03,-0.1,-25517.0,-4282.0,-7903.0,0.0,-0.0,-0.01,-25511.0,-4231.0,-16093.0,60.0,53.0,36.0
1742505846.0188448,-0.02,0.03,-0.1,-25764.0,-3373.0,-24235.0,0.0,-0.0,-0.01,-25758.0,-3322.0,-32425.0,0.0,0.0,0.0
1742505846.026862,-0.02,0.03,-0.1,-26011.0,-2464.0,24969.0,0.0,-0.0,-0.01,-26005.0,-2413.0,16778.0,64.0,64.0,108.0
1742505846.0390134,-0.02,0.03,-0.11,-26258.0,-1554.0,8635.0,0.0,-0.0,-0.01,-26252.0,-1503.0,444.0,77.0,85.0,47.0
1742505846.0515203,-0.02,0.03,-0.1,-26505.0,-645.0,-7698.0,0.0,-0.0,-0.01,-26499.0,-595.0,-15888.0,0.0,0.0,0.0
1742505846.0640397,-0.02,0.03,-0.1,-26752.0,262.0,-24030.0,0.0,-0.0,-0.01,-26746.0,312.0,-32220.0,180.0,156.0,86.0
1742505846.076042,-0.02,0.03,-0.11,-26999.0,1170.0,25174.0,0.0,-0.0,-0.01,-26993.0,1220.0,16983.0,0.0,6.0,0.0
1742505846.0845408,-0.02,0.03,-0.11,-27246.0,2078.0,8840.0,0.0,-0.0,-0.01,-27240.0,2128.0,649.0,0.0,15.0,25.0
1742505846.09654,-0.02,0.03,-0.11,-27493.0,2986.0,-7493.0,0.0,-0.0,-0.01,-27487.0,3036.0,-15683.0,175.0,212.0,210.0
1742505846.1051412,-0.02,0.03,-0.11,-27740.0,3894.0,-23825.0,0.0,-0.0,-0.01,-27734.0,3944.0,-32015.0,48.0,77.0,53.0
1742505846.1170619,-0.02,0.03,-0.11,-27987.0,4802.0,25379.0,0.0,-0.0,-0.01,-27981.0,4852.0,17188.0,0.0,39.0,0.0
1742505846.1295624,-0.02,0.03,-0.11,-28234.0,5710.0,9045.0,0.0,-0.0,-0.01,-28228.0,5760.0,854.0,140.0,158.0,179.0
1742505846.1375618,-0.02,0.03,-0.11,-28481.0,6618.0,-7288.0,0.0,-0.0,-0.01,-28475.0,6668.0,-15478.0,27.0,19.0,16.0
1742505846.1540868,-0.02,0.03,-0.11,-28727.0,7526.0,-23620.0,0.0,-0.0,-0.01,-28721.0,7576.0,-31810.0,30.0,0.0,47.0
1742505846.1662812,-0.02,0.03,-0.11,-28973.0,8434.0,25584.0,0.0,-0.0,-0.01,-28967.0,8483.0,17393.0,152.0,164.0,97.0
1742505846.1742814,-0.02,0.03,-0.11,-29219.0,9341.0,9250.0,0.0,-0.0,-0.01,-29213.0,9390.0,1059.0,31.0,68.0,15.0
1742505846.1867814,-0.02,0.03,-0.1,-29465.0,10247.0,-7083.0,0.0,-0.0,-0.01,-29459.0,10296.0,-15273.0,17.0,38.0,0.0
1742505846.1991756,-0.02,0.03,-0.1,-29711.0,11153.0,-23415.0,0.0,-0.0,-0.01,-29705.0,11203.0,-31605.0,173.0,175.0,118.0
1742505846.207346,-0.02,0.03,-0.1,-29956.0,12060.0,25789.0,0.0,-0.0,-0.01,-29950.0,12109.0,17598.0,5.0,24.0,0.0
1742505846.2193472,-0.02,0.03,-0.1,-30198.0,12965.0,9455.0,0.0,-0.0,-0.01,-30192.0,13014.0,1264.0,154.0,128.0,38.0
1742505846.2323456,-0.02,0.03,-0.1,-30427.0,13857.0,-6880.0,0.0,-0.0,-0.01,-30421.0,13905.0,-15070.0,68.0,62.0,48.0
1742505846.2439547,-0.02,0.03,-0.1,-30650.0,14742.0,-23214.0,0.0,-0.0,-0.01,-30644.0,14789.0,-31404.0,182.0,161.0,203.0
1742505846.2564654,-0.02,0.03,-0.1,-30866.0,15620.0,25986.0,0.0,-0.0,-0.01,-30861.0,15665.0,17795.0,69.0,62.0,27.0
1742505846.2649655,-0.02,0.03,-0.1,-31077.0,16493.0,9648.0,0.0,-0.0,-0.01,-31070.0,16539.0,1457.0,14.0,0.0,7.0
1742505846.2769654,-0.02,0.03,-0.1,-31281.0,17349.0,-6691.0,0.0,-0.0,-0.01,-31273.0,17400.0,-14881.0,64.0,76.0,58.0
1742505846.2889867,-0.02,0.03,-0.1,-31484.0,18179.0,-23033.0,0.0,-0.0,-0.01,-31477.0,18231.0,-31223.0,0.0,0.0,0.0
1742505846.297465,-0.02,0.03,-0.09,-31693.0,18975.0,26159.0,0.0,-0.0,-0.01,-31688.0,19024.0,17968.0,68.0,34.0,73.0
1742505846.310103,-0.02,0.03,-0.08,-31903.0,19682.0,9805.0,0.0,-0.0,-0.01,-31897.0,19730.0,1614.0,177.0,207.0,216.0
1742505846.3260891,-0.02,0.03,-0.07,-32112.0,20334.0,-6552.0,0.0,-0.0,-0.01,-32105.0,20383.0,-14742.0,33.0,31.0,5.0
1742505846.3342643,-0.02,0.03,-0.07,-32314.0,20932.0,-22912.0,0.0,-0.0,-0.01,-32308.0,20980.0,-31102.0,0.0,0.0,0.0
1742505846.3464284,-0.02,0.03,-0.06,-32521.0,21497.0,26262.0,0.0,-0.0,-0.01,-32516.0,21547.0,18071.0,139.0,149.0,142.0
1742505846.355008,-0.02,0.03,-0.06,-32733.0,22030.0,9897.0,0.0,-0.0,-0.01,-32726.0,22083.0,1706.0,0.0,0.0,0.0
1742505846.366973,-0.02,0.03,-0.05,32583.0,22510.0,-6471.0,0.0,-0.0,-0.01,32588.0,22563.0,-14661.0,0.0,0.0,0.0
1742505846.37902,-0.02,0.03,-0.04,32352.0,22927.0,-22840.0,0.0,-0.0,-0.01,32355.0,22979.0,-31030.0,109.0,130.0,189.0
1742505846.3911223,-0.01,0.03,-0.03,32115.0,23206.0,26321.0,0.0,-0.0,-0.01,32118.0,23258.0,18130.0,5.0,24.0,0.0
1742505846.4036233,-0.01,0.03,-0.02,31877.0,23407.0,9942.0,0.0,-0.0,-0.01,31880.0,23461.0,1751.0,0.0,52.0,7.0
1742505846.415777,-0.01,0.03,-0.01,31635.0,23532.0,-6436.0,0.0,-0.0,-0.01,31637.0,23585.0,-14626.0,80.0,112.0,84.0
1742505846.4242775,-0.01,0.03,0.0,31388.0,23577.0,-22813.0,0.0,-0.0,-0.01,31390.0,23630.0,-31003.0,7.0,0.0,0.0
1742505846.436377,-0.01,0.03,0.01,31138.0,23544.0,26346.0,0.0,-0.0,-0.01,31140.0,23598.0,18155.0,0.0,0.0,51.0
1742505846.4454012,-0.01,0.03,0.02,30881.0,23430.0,9969.0,0.0,-0.0,-0.01,30883.0,23484.0,1778.0,144.0,174.0,159.0
1742505846.4572127,-0.01,0.03,0.03,30626.0,23232.0,-6405.0,0.0,-0.0,-0.01,30629.0,23287.0,-14595.0,64.0,5.0,0.0
1742505846.4692073,-0.01,0.03,0.04,30371.0,22931.0,-22774.0,0.0,-0.0,-0.01,30374.0,22985.0,-30964.0,0.0,27.0,21.0
1742505846.4815743,-0.01,0.03,0.07,30091.0,22434.0,26404.0,0.0,-0.0,-0.01,30093.0,22487.0,18213.0,95.0,135.0,102.0
1742505846.4939792,-0.01,0.04,0.08,29797.0,21840.0,10052.0,0.0,-0.0,-0.01,29801.0,21899.0,1861.0,71.0,203.0,188.0
1742505846.50599,-0.0,0.04,0.09,29495.0,21159.0,-6291.0,0.0,-0.0,-0.01,29501.0,21219.0,-14481.0,54.0,36.0,153.0
1742505846.5144799,-0.0,0.04,0.1,29184.0,20376.0,-22623.0,0.01,-0.0,-0.01,29189.0,20437.0,-30813.0,78.0,217.0,79.0
1742505846.5264785,0.0,0.04,0.11,28876.0,19498.0,26592.0,0.01,-0.0,-0.01,28880.0,19558.0,18401.0,0.0,159.0,142.0
1742505846.5384786,0.0,0.04,0.12,28571.0,18544.0,10278.0,0.01,-0.0,-0.01,28575.0,18605.0,2087.0,100.0,31.0,112.0
1742505846.5509934,0.01,0.04,0.14,28286.0,17449.0,-6016.0,0.01,-0.0,-0.01,28290.0,17511.0,-14206.0,0.0,19.0,29.0
1742505846.5633664,0.02,0.03,0.15,28018.0,16302.0,-22303.0,0.01,-0.0,-0.01,28020.0,16362.0,-30493.0,256.0,196.0,103.0
1742505846.5754812,0.02,0.03,0.15,27768.0,15114.0,26951.0,0.01,-0.0,-0.01,27769.0,15172.0,18760.0,71.0,0.0,28.0
1742505846.5839639,0.03,0.03,0.16,27536.0,13907.0,10669.0,0.01,-0.0,-0.01,27537.0,13967.0,2478.0,28.0,66.0,0.0
1742505846.596464,0.03,0.03,0.16,27319.0,12692.0,-5610.0,0.01,-0.0,-0.01,27321.0,12752.0,-13800.0,249.0,206.0,199.0
1742505846.6048806,0.03,0.03,0.16,27108.0,11473.0,-21887.0,0.01,-0.0,-0.01,27109.0,11532.0,-30078.0,0.0,11.0,0.0
1742505846.616869,0.03,0.03,0.16,26900.0,10262.0,27369.0,0.01,0.0,-0.01,26899.0,10319.0,19178.0,0.0,0.0,15.0
1742505846.6294312,0.03,0.02,0.15,26704.0,9110.0,11078.0,0.01,0.0,-0.01,26703.0,9167.0,2887.0,129.0,229.0,87.0
1742505846.6410701,0.03,0.02,0.14,26516.0,8003.0,-5219.0,0.01,0.0,-0.01,26515.0,8059.0,-13409.0,74.0,2.0,28.0
1742505846.6538231,0.03,0.02,0.14,26333.0,6944.0,-21522.0,0.01,0.0,-0.01,26332.0,6999.0,-29712.0,122.0,110.0,86.0
1742505846.6656487,0.03,0.02,0.13,26152.0,5938.0,27704.0,0.01,0.0,-0.01,26151.0,5994.0,19513.0,276.0,295.0,255.0
1742505846.6746674,0.03,0.02,0.12,25970.0,4993.0,11385.0,0.01,-0.0,-0.01,25970.0,5050.0,3194.0,59.0,10.0,69.0
1742505846.686165,0.03,0.02,0.12,25790.0,4104.0,-4941.0,0.01,-0.0,-0.01,25791.0,4163.0,-13131.0,60.0,61.0,68.0
1742505846.69865,0.03,0.02,0.11,25612.0,3266.0,-21270.0,0.01,-0.0,-0.01,25612.0,3322.0,-29460.0,188.0,178.0,221.0
1742505846.7071488,0.03,0.02,0.1,25432.0,2480.0,27930.0,0.01,0.0,-0.01,25431.0,2534.0,19739.0,13.0,0.0,19.0
1742505846.719243,0.03,0.02,0.09,25260.0,1810.0,11581.0,0.01,0.0,-0.01,25259.0,1864.0,3390.0,0.0,0.0,0.0
1742505846.7312422,0.03,0.02,0.08,25096.0,1199.0,-4773.0,0.01,-0.0,-0.01,25096.0,1253.0,-12963.0,141.0,103.0,79.0
1742505846.743745,0.03,0.02,0.07,24941.0,646.0,-21130.0,0.01,-0.0,-0.01,24942.0,702.0,-29320.0,56.0,52.0,75.0
1742505846.7521749,0.03,0.02,0.07,24794.0,152.0,28045.0,0.01,-0.0,-0.01,24794.0,206.0,19854.0,0.0,0.0,12.0
1742505846.7642467,0.03,0.02,0.06,24650.0,-289.0,11678.0,0.01,-0.0,-0.01,24650.0,-234.0,3487.0,112.0,55.0,48.0
1742505846.7765198,0.03,0.02,0.05,24510.0,-677.0,-4691.0,0.01,0.0,-0.01,24509.0,-621.0,-12881.0,0.0,0.0,0.0
1742505846.785011,0.03,0.02,0.05,24374.0,-1007.0,-21062.0,0.01,0.0,-0.01,24373.0,-951.0,-29252.0,0.0,0.0,0.0
1742505846.7970097,0.03,0.02,0.04,24243.0,-1283.0,28100.0,0.01,0.0,-0.01,24241.0,-1228.0,19909.0,114.0,163.0,158.0
1742505846.8055098,0.03,0.02,0.03,24115.0,-1512.0,11723.0,0.01,0.0,-0.01,24113.0,-1458.0,3532.0,0.0,0.0,0.0
1742505846.8175092,0.03,0.01,0.03,23990.0,-1694.0,-4654.0,0.01,0.0,-0.01,23988.0,-1640.0,-12844.0,0.0,0.0,0.0
1742505846.830009,0.03,0.01,0.02,23875.0,-1791.0,-21033.0,0.01,0.0,-0.01,23873.0,-1736.0,-29223.0,127.0,135.0,97.0
1742505846.8421607,0.03,0.01,0.01,23762.0,-1846.0,28123.0,0.01,0.0,-0.01,23761.0,-1791.0,19932.0,19.0,15.0,57.0
1742505846.853648,0.03,0.01,0.01,23652.0,-1875.0,11741.0,0.01,0.0,-0.01,23650.0,-1821.0,3550.0,0.0,0.0,5.0
1742505846.8631828,0.03,0.01,0.01,23542.0,-1873.0,-4640.0,0.01,0.0,-0.01,23540.0,-1819.0,-12830.0,110.0,98.0,100.0
1742505846.8747017,0.03,0.01,0.0,23435.0,-1833.0,-21020.0,0.01,0.0,-0.01,23433.0,-1778.0,-29210.0,0.0,0.0,0.0
1742505846.8832757,0.03,0.01,-0.0,23332.0,-1767.0,28136.0,0.01,0.0,-0.01,23330.0,-1713.0,19945.0,0.0,0.0,0.0
1742505846.8953183,0.03,0.01,-0.0,23234.0,-1681.0,11754.0,0.01,0.0,-0.01,23232.0,-1629.0,3563.0,151.0,115.0,125.0
1742505846.9073174,0.03,0.01,-0.01,23138.0,-1584.0,-4627.0,0.01,0.0,-0.01,23137.0,-1531.0,-12817.0,7.0,0.0,8.0
1742505846.916303,0.03,0.01,-0.01,23045.0,-1481.0,-21007.0,0.01,0.0,-0.01,23044.0,-1426.0,-29197.0,0.0,0.0,0.0
1742505846.9283023,0.03,0.01,-0.0,22955.0,-1386.0,28149.0,0.01,-0.0,-0.01,22955.0,-1329.0,19958.0,137.0,152.0,111.0
1742505846.9444876,0.03,0.01,-0.0,22863.0,-1310.0,11767.0,0.01,0.0,-0.01,22862.0,-1252.0,3576.0,9.0,16.0,43.0
1742505846.952769,0.03,0.01,-0.0,22767.0,-1251.0,-4614.0,0.01,0.0,-0.01,22765.0,-1194.0,-12804.0,0.0,0.0,0.0
1742505846.9647417,0.03,0.01,0.0,22670.0,-1204.0,-20994.0,0.01,0.0,-0.01,22667.0,-1146.0,-29184.0,107.0,115.0,68.0
1742505846.9734144,0.03,0.01,0.0,22575.0,-1162.0,28162.0,0.01,0.0,-0.01,22572.0,-1105.0,19971.0,0.0,0.0,0.0
1742505846.9855402,0.03,0.01,0.0,22485.0,-1121.0,11780.0,0.01,0.0,-0.01,22481.0,-1066.0,3589.0,0.0,0.0,0.0
1742505846.9976983,0.03,0.01,0.0,22401.0,-1077.0,-4601.0,0.01,0.0,-0.01,22397.0,-1024.0,-12792.0,130.0,136.0,166.0
1742505847.0064197,0.03,0.01,-0.0,22322.0,-1016.0,-20982.0,0.01,0.0,-0.01,22317.0,-964.0,-29172.0,1.0,0.0,0.0
1742505847.0179088,0.03,0.01,-0.0,22248.0,-935.0,28174.0,0.01,0.0,-0.01,22243.0,-883.0,19983.0,0.0,0.0,0.0
1742505847.030408,0.03,0.01,-0.01,22183.0,-821.0,11792.0,0.01,0.0,-0.01,22178.0,-769.0,3601.0,140.0,120.0,160.0
1742505847.0389082,0.03,0.01,-0.01,22118.0,-701.0,-4589.0,0.01,0.0,-0.01,22114.0,-649.0,-12779.0,0.0,0.0,0.0
1742505847.05161,0.03,0.01,-0.01,22052.0,-576.0,-20969.0,0.01,0.0,-0.01,22048.0,-522.0,-29159.0,0.0,0.0,0.0
1742505847.06332,0.03,0.01,-0.01,21980.0,-450.0,28187.0,0.01,0.0,-0.01,21976.0,-394.0,19996.0,143.0,113.0,128.0
1742505847.0751307,0.03,0.01,-0.01,21903.0,-331.0,11805.0,0.01,0.0,-0.01,21899.0,-274.0,3614.0,0.0,0.0,0.0
1742505847.0836935,0.03,0.01,-0.01,21819.0,-223.0,-4576.0,0.01,0.0,-0.01,21815.0,-166.0,-12766.0,0.0,0.0,0.0
1742505847.0961945,0.03,0.01,-0.0,21731.0,-126.0,-20956.0,0.01,0.0,-0.01,21727.0,-69.0,-29146.0,131.0,136.0,135.0
1742505847.1046941,0.03,0.01,-0.0,21643.0,-32.0,28200.0,0.01,0.0,-0.01,21639.0,23.0,20009.0,0.0,0.0,0.0
1742505847.1168113,0.03,0.01,-0.0,21559.0,61.0,11818.0,0.01,0.0,-0.01,21554.0,115.0,3627.0,0.0,0.0,0.0
1742505847.124796,0.03,0.01,-0.01,21480.0,157.0,-4563.0,0.01,0.0,-0.01,21475.0,209.0,-12754.0,0.0,16.0,38.0
1742505847.1369858,0.03,0.01,-0.01,21409.0,260.0,-20944.0,0.01,0.0,-0.01,21403.0,311.0,-29135.0,0.0,0.0,0.0
1742505847.1493711,0.03,0.01,-0.01,21352.0,390.0,28211.0,0.01,0.0,-0.01,21345.0,441.0,20020.0,0.0,0.0,0.0
1742505847.1614583,0.03,0.01,-0.01,21301.0,532.0,11829.0,0.01,0.0,-0.01,21294.0,583.0,3638.0,28.0,67.0,70.0
1742505847.1694574,0.03,0.0,-0.01,21254.0,676.0,-4552.0,0.01,0.0,-0.01,21248.0,727.0,-12742.0,0.0,0.0,0.0
1742505847.1818917,0.03,0.0,-0.01,21210.0,821.0,-20932.0,0.01,0.0,-0.01,21204.0,873.0,-29122.0,0.0,0.0,0.0
1742505847.1940577,0.03,0.0,-0.01,21166.0,967.0,28224.0,0.01,0.0,-0.01,21160.0,1020.0,20033.0,64.0,76.0,96.0
1742505847.2025573,0.03,0.0,-0.01,21120.0,1109.0,11842.0,0.01,0.0,-0.01,21113.0,1162.0,3651.0,30.0,4.0,0.0
1742505847.2145584,0.03,0.01,-0.01,21068.0,1246.0,-4539.0,0.01,0.0,-0.01,21061.0,1300.0,-12729.0,110.0,45.0,26.0
1742505847.2230577,0.03,0.01,-0.01,21009.0,1377.0,-20919.0,0.01,0.0,-0.01,21001.0,1431.0,-29109.0,0.0,0.0,0.0
1742505847.2350566,0.03,0.01,-0.01,20945.0,1505.0,28237.0,0.01,0.0,-0.01,20937.0,1559.0,20046.0,0.0,0.0,0.0
1742505847.2471132,0.03,0.01,-0.01,20878.0,1634.0,11855.0,0.01,0.0,-0.01,20870.0,1688.0,3664.0,163.0,139.0,100.0
1742505847.2596388,0.03,0.01,-0.01,20812.0,1776.0,-4526.0,0.01,0.0,-0.01,20805.0,1829.0,-12716.0,2.0,29.0,12.0
1742505847.2681384,0.03,0.01,-0.01,20749.0,1929.0,-20906.0,0.01,0.0,-0.01,20742.0,1981.0,-29096.0,0.0,0.0,3.0
1742505847.2845507,0.03,0.01,-0.01,20691.0,2093.0,28250.0,0.01,0.0,-0.01,20683.0,2144.0,20059.0,0.0,0.0,0.0
1742505847.2927985,0.03,0.01,-0.01,20638.0,2266.0,11868.0,0.01,0.0,-0.01,20630.0,2317.0,3677.0,50.0,72.0,73.0
1742505847.30496,0.03,0.0,-0.02,20590.0,2443.0,-4513.0,0.01,0.0,-0.01,20582.0,2494.0,-12703.0,25.0,7.0,15.0
1742505847.3134835,0.03,0.0,-0.02,20546.0,2622.0,-20893.0,0.01,0.0,-0.01,20538.0,2673.0,-29083.0,97.0,71.0,88.0
1742505847.3252125,0.03,0.0,-0.02,20504.0,2800.0,28263.0,0.01,0.0,-0.01,20496.0,2852.0,20072.0,0.0,0.0,0.0
1742505847.333713,0.03,0.0,-0.01,20462.0,2973.0,11881.0,0.01,0.0,-0.01,20454.0,3025.0,3690.0,0.0,0.0,15.0
1742505847.3460696,0.03,0.0,-0.01,20419.0,3138.0,-4500.0,0.01,0.0,-0.01,20411.0,3191.0,-12690.0,182.0,174.0,135.0
1742505847.3580265,0.03,0.0,-0.01,20372.0,3294.0,-20880.0,0.01,0.0,-0.01,20364.0,3347.0,-29070.0,8.0,9.0,40.0
1742505847.3701608,0.03,0.0,-0.01,20325.0,3452.0,28276.0,0.01,0.0,-0.01,20317.0,3505.0,20085.0,0.0,0.0,31.0
1742505847.3828497,0.03,0.0,-0.01,20278.0,3614.0,11894.0,0.01,0.0,-0.01,20269.0,3666.0,3703.0,25.0,2.0,0.0
1742505847.3948505,0.03,0.0,-0.01,20232.0,3782.0,-4487.0,0.01,0.0,-0.01,20223.0,3833.0,-12677.0,49.0,71.0,72.0
1742505847.4033563,0.03,0.0,-0.02,20189.0,3959.0,-20867.0,0.01,0.0,-0.01,20180.0,4009.0,-29057.0,0.0,11.0,36.0
1742505847.4153526,0.03,0.0,-0.02,20149.0,4146.0,28289.0,0.01,0.0,-0.01,20140.0,4196.0,20098.0,107.0,133.0,70.0
1742505847.4239995,0.03,0.0,-0.02,20110.0,4342.0,11907.0,0.01,0.0,-0.01,20101.0,4392.0,3716.0,0.0,0.0,0.0
1742505847.4359977,0.03,0.0,-0.02,20073.0,4544.0,-4473.0,0.01,0.0,-0.01,20064.0,4594.0,-12663.0,0.0,0.0,3.0
1742505847.4445236,0.03,0.0,-0.02,20037.0,4748.0,-20852.0,0.01,0.0,-0.01,20028.0,4799.0,-29042.0,160.0,154.0,97.0
1742505847.4605267,0.03,0.0,-0.02,20000.0,4948.0,28305.0,0.01,0.0,-0.01,19991.0,5000.0,20114.0,0.0,0.0,64.0
1742505847.4690223,0.03,0.0,-0.02,19962.0,5144.0,11923.0,0.01,0.0,-0.01,19953.0,5196.0,3732.0,0.0,0.0,38.0
1742505847.480878,0.03,0.0,-0.02,19922.0,5335.0,-4458.0,0.01,0.0,-0.01,19913.0,5387.0,-12648.0,144.0,169.0,108.0
1742505847.4933877,0.03,0.0,-0.02,19883.0,5523.0,-20838.0,0.01,0.0,-0.01,19873.0,5575.0,-29029.0,37.0,69.0,107.0
1742505847.5016708,0.03,0.0,-0.02,19844.0,5711.0,28317.0,0.01,0.0,-0.01,19834.0,5762.0,20125.0,0.0,27.0,1.0
1742505847.5136712,0.03,0.0,-0.02,19807.0,5901.0,11934.0,0.01,0.0,-0.01,19797.0,5952.0,3742.0,91.0,121.0,83.0
1742505847.5261707,0.03,0.0,-0.02,19772.0,6097.0,-4447.0,0.01,0.0,-0.01,19762.0,6147.0,-12638.0,0.0,0.0,11.0
1742505847.5342774,0.03,0.0,-0.02,19740.0,6299.0,-20827.0,0.01,0.0,-0.01,19729.0,6349.0,-29018.0,0.0,0.0,0.0
1742505847.5462806,0.03,0.0,-0.02,19710.0,6509.0,28329.0,0.01,0.0,-0.01,19699.0,6559.0,20138.0,167.0,140.0,186.0
1742505847.5588958,0.03,0.0,-0.02,19685.0,6729.0,11948.0,0.01,0.0,-0.01,19674.0,6779.0,3757.0,3.0,0.0,0.0
1742505847.5712123,0.03,0.0,-0.02,19660.0,6951.0,-4432.0,0.01,0.0,-0.01,19650.0,7001.0,-12622.0,0.0,0.0,15.0
1742505847.5832202,0.03,0.0,-0.02,19634.0,7174.0,-20811.0,0.01,0.0,-0.01,19624.0,7225.0,-29001.0,37.0,0.0,0.0
1742505847.5912142,0.03,0.0,-0.02,19605.0,7397.0,28346.0,0.01,0.0,-0.01,19594.0,7449.0,20155.0,45.0,54.0,82.0
1742505847.6039708,0.03,0.0,-0.02,19573.0,7617.0,11965.0,0.01,0.0,-0.01,19562.0,7669.0,3774.0,10.0,19.0,69.0
1742505847.6124697,0.03,0.0,-0.02,19539.0,7834.0,-4415.0,0.01,0.0,-0.01,19528.0,7886.0,-12605.0,144.0,90.0,61.0
1742505847.6244707,0.03,0.0,-0.02,19505.0,8050.0,-20794.0,0.01,0.0,-0.01,19494.0,8101.0,-28985.0,0.0,0.0,0.0
1742505847.63647,0.03,0.0,-0.02,19472.0,8266.0,28362.0,0.01,0.0,-0.01,19461.0,8317.0,20170.0,0.0,0.0,0.0
1742505847.6449723,0.03,0.0,-0.02,19442.0,8485.0,11980.0,0.01,0.0,-0.01,19431.0,8535.0,3788.0,154.0,155.0,179.0
1742505847.6572964,0.03,0.0,-0.02,19419.0,8712.0,-4401.0,0.01,0.0,-0.01,19408.0,8762.0,-12592.0,0.0,0.0,17.0
1742505847.6692982,0.03,0.0,-0.02,19400.0,8945.0,-20781.0,0.01,0.0,-0.01,19389.0,8994.0,-28972.0,0.0,0.0,0.0
1742505847.6817234,0.03,0.0,-0.02,19383.0,9182.0,28375.0,0.01,0.0,-0.01,19372.0,9231.0,20183.0,171.0,149.0,164.0
1742505847.6937368,0.03,0.0,-0.02,19368.0,9421.0,11993.0,0.01,0.0,-0.01,19357.0,9471.0,3801.0,49.0,61.0,67.0
1742505847.7023356,0.03,0.0,-0.02,19352.0,9662.0,-4388.0,0.01,0.0,-0.01,19341.0,9712.0,-12579.0,0.0,0.0,20.0
1742505847.7148376,0.03,0.0,-0.02,19335.0,9903.0,-20768.0,0.01,0.0,-0.01,19324.0,9954.0,-28959.0,94.0,111.0,107.0
1742505847.7228346,0.03,0.0,-0.02,19316.0,10144.0,28388.0,0.01,0.0,-0.01,19305.0,10195.0,20197.0,0.0,0.0,0.0
1742505847.7348351,0.03,0.0,-0.02,19294.0,10383.0,12007.0,0.01,0.0,-0.01,19283.0,10434.0,3815.0,0.0,0.0,0.0
1742505847.746856,0.03,0.0,-0.02,19270.0,10621.0,-4374.0,0.01,0.0,-0.01,19259.0,10672.0,-12565.0,152.0,144.0,154.0
1742505847.7593415,0.03,0.0,-0.02,19246.0,10862.0,-20754.0,0.01,0.0,-0.01,19235.0,10913.0,-28945.0,21.0,32.0,30.0
1742505847.7718437,0.03,0.0,-0.02,19224.0,11106.0,28402.0,0.01,0.0,-0.01,19213.0,11156.0,20210.0,0.0,32.0,13.0
1742505847.783794,0.03,0.0,-0.02,19205.0,11353.0,12020.0,0.01,0.0,-0.01,19194.0,11402.0,3828.0,0.0,0.0,0.0
1742505847.7922924,0.03,0.0,-0.02,19189.0,11604.0,-4361.0,0.01,0.0,-0.01,19178.0,11653.0,-12552.0,94.0,102.0,82.0
1742505847.8047376,0.03,0.0,-0.03,19175.0,11859.0,-20741.0,0.01,0.0,-0.01,19163.0,11908.0,-28932.0,9.0,0.0,0.0
1742505847.813251,0.03,0.0,-0.03,19162.0,12116.0,28415.0,0.01,0.0,-0.01,19150.0,12165.0,20223.0,87.0,69.0,83.0
1742505847.8253787,0.03,-0.0,-0.03,19150.0,12375.0,12033.0,0.01,0.0,-0.01,19138.0,12424.0,3841.0,0.0,16.0,39.0
1742505847.837379,0.03,-0.0,-0.03,19138.0,12632.0,-4348.0,0.01,0.0,-0.01,19126.0,12682.0,-12539.0,11.0,30.0,7.0
1742505847.8497298,0.03,0.0,-0.03,19125.0,12888.0,-20728.0,0.01,0.0,-0.01,19113.0,12938.0,-28919.0,0.0,0.0,10.0
1742505847.8617368,0.03,0.0,-0.03,19110.0,13143.0,28428.0,0.01,0.0,-0.01,19098.0,13193.0,20236.0,179.0,174.0,180.0
1742505847.8743424,0.03,0.0,-0.03,19094.0,13398.0,12046.0,0.01,0.0,-0.01,19082.0,13448.0,3854.0,10.0,0.0,0.0
1742505847.8824863,0.03,0.0,-0.03,19078.0,13655.0,-4335.0,0.01,0.0,-0.01,19066.0,13705.0,-12526.0,0.0,0.0,0.0
1742505847.8949006,0.03,0.0,-0.03,19062.0,13914.0,-20715.0,0.01,0.0,-0.01,19050.0,13964.0,-28906.0,130.0,132.0,172.0
1742505847.9064033,0.03,0.0,-0.03,19048.0,14177.0,28441.0,0.01,0.0,-0.01,19036.0,14226.0,20249.0,23.0,24.0,11.0
1742505847.9190252,0.03,-0.0,-0.03,19038.0,14448.0,12060.0,0.01,0.0,-0.01,19025.0,14497.0,3868.0,0.0,0.0,0.0
1742505847.9275055,0.03,-0.0,-0.03,19028.0,14722.0,-4320.0,0.01,0.0,-0.01,19015.0,14771.0,-12511.0,165.0,141.0,108.0
1742505847.9435146,0.03,-0.0,-0.03,19019.0,14998.0,-20699.0,0.01,0.0,-0.01,19006.0,15047.0,-28890.0,19.0,47.0,0.0
1742505847.952029,0.03,-0.0,-0.03,19010.0,15274.0,28458.0,0.01,0.0,-0.01,18997.0,15323.0,20266.0,0.0,0.0,0.0
1742505847.964455,0.03,-0.0,-0.03,19002.0,15550.0,12077.0,0.01,0.0,-0.01,18989.0,15599.0,3885.0,147.0,183.0,104.0
1742505847.9729555,0.03,-0.0,-0.03,18994.0,15825.0,-4303.0,0.01,0.0,-0.01,18981.0,15874.0,-12494.0,0.0,0.0,2.0
1742505847.9849567,0.03,-0.0,-0.03,18985.0,16099.0,-20682.0,0.01,0.0,-0.01,18972.0,16149.0,-28873.0,0.0,4.0,5.0
1742505847.9966357,0.03,-0.0,-0.03,18975.0,16373.0,28475.0,0.01,0.0,-0.01,18962.0,16423.0,20283.0,133.0,175.0,172.0
1742505848.0092921,0.03,-0.0,-0.03,18965.0,16649.0,12094.0,0.01,0.0,-0.01,18952.0,16699.0,3902.0,0.0,0.0,0.0
1742505848.017781,0.03,-0.0,-0.03,18955.0,16927.0,-4285.0,0.01,0.0,-0.01,18942.0,16976.0,-12476.0,0.0,0.0,21.0
1742505848.033931,0.03,-0.0,-0.03,18946.0,17208.0,-20663.0,0.01,0.0,-0.01,18933.0,17257.0,-28854.0,0.0,31.0,17.0
1742505848.0424576,0.03,-0.0,-0.03,18939.0,17493.0,28495.0,0.01,0.0,-0.01,18926.0,17542.0,20303.0,61.0,109.0,129.0
1742505848.0539594,0.03,-0.0,-0.03,18933.0,17781.0,12115.0,0.01,0.0,-0.01,18919.0,17830.0,3923.0,0.0,14.0,0.0
1742505848.0629642,0.03,-0.0,-0.03,18927.0,18071.0,-4264.0,0.01,0.0,-0.01,18913.0,18120.0,-12455.0,84.0,80.0,121.0
1742505848.0749648,0.03,-0.0,-0.03,18922.0,18362.0,-20642.0,0.01,0.0,-0.01,18908.0,18411.0,-28833.0,0.0,0.0,26.0
1742505848.0874643,0.03,-0.0,-0.03,18917.0,18654.0,28516.0,0.01,0.0,-0.01,18903.0,18703.0,20324.0,5.0,0.0,4.0
1742505848.099464,0.03,-0.0,-0.03,18911.0,18945.0,12136.0,0.01,0.0,-0.01,18897.0,18994.0,3944.0,47.0,51.0,37.0
1742505848.1084642,0.03,-0.0,-0.03,18905.0,19235.0,-4243.0,0.01,0.0,-0.01,18891.0,19284.0,-12434.0,29.0,33.0,39.0
1742505848.1241012,0.03,-0.0,-0.03,18898.0,19525.0,-20621.0,0.01,0.0,-0.01,18884.0,19574.0,-28812.0,35.0,31.0,0.0
1742505848.132601,0.03,-0.0,-0.03,18892.0,19815.0,28537.0,0.01,0.0,-0.01,18878.0,19864.0,20345.0,0.0,1.0,0.0
1742505848.1446035,0.03,-0.0,-0.03,18886.0,20107.0,12157.0,0.01,0.0,-0.01,18872.0,20156.0,3965.0,184.0,107.0,163.0
1742505848.153203,0.03,-0.0,-0.03,18881.0,20401.0,-4222.0,0.01,0.0,-0.01,18867.0,20450.0,-12413.0,31.0,26.0,63.0
1742505848.1652074,0.03,-0.0,-0.03,18877.0,20698.0,-20600.0,0.01,0.0,-0.01,18863.0,20746.0,-28791.0,72.0,24.0,32.0
1742505848.1777105,0.03,-0.0,-0.03,18874.0,20999.0,28558.0,0.01,0.0,-0.01,18860.0,21048.0,20366.0,169.0,165.0,177.0
1742505848.1897068,0.02,-0.0,-0.03,18871.0,21302.0,12178.0,0.01,0.0,-0.01,18857.0,21351.0,3986.0,16.0,0.0,0.0
1742505848.2017071,0.02,-0.0,-0.03,18868.0,21605.0,-4201.0,0.01,0.0,-0.01,18854.0,21654.0,-12392.0,6.0,7.0,0.0
1742505848.2142076,0.02,-0.0,-0.03,18866.0,21908.0,-20579.0,0.01,0.0,-0.01,18852.0,21957.0,-28770.0,200.0,177.0,184.0
1742505848.2227073,0.02,-0.0,-0.03,18864.0,22211.0,28579.0,0.01,0.0,-0.01,18850.0,22260.0,20387.0,0.0,0.0,2.0
1742505848.2347066,0.02,-0.0,-0.03,18861.0,22514.0,12199.0,0.01,0.0,-0.01,18847.0,22563.0,4007.0,0.0,27.0,0.0
1742505848.2467098,0.02,-0.0,-0.03,18858.0,22818.0,-4180.0,0.01,0.0,-0.01,18843.0,22867.0,-12371.0,137.0,185.0,154.0
1742505848.2593138,0.02,-0.0,-0.03,18860.0,23122.0,-20558.0,0.01,0.0,-0.01,18845.0,23171.0,-28749.0,0.0,22.0,0.0
1742505848.2678175,0.02,-0.0,-0.03,18868.0,23426.0,28600.0,0.01,0.0,-0.01,18854.0,23475.0,20408.0,0.0,0.0,0.0
1742505848.279815,0.02,-0.0,-0.03,18881.0,23732.0,12220.0,0.01,0.0,-0.01,18867.0,23780.0,4028.0,175.0,131.0,192.0
1742505848.2920005,0.03,-0.0,-0.03,18897.0,24040.0,-4159.0,0.01,0.0,-0.01,18882.0,24088.0,-12350.0,22.0,43.0,36.0
1742505848.3039997,0.03,-0.0,-0.03,18914.0,24352.0,-20537.0,0.01,0.0,-0.01,18898.0,24400.0,-28728.0,33.0,14.0,0.0
1742505848.3125,0.03,-0.0,-0.03,18930.0,24669.0,28621.0,0.01,0.0,-0.01,18914.0,24716.0,20429.0,175.0,112.0,93.0
1742505848.3246698,0.03,-0.0,-0.03,18946.0,24984.0,12241.0,0.01,0.0,-0.01,18930.0,25029.0,4049.0,13.0,83.0,0.0
1742505848.3371696,0.02,-0.0,-0.03,18964.0,25275.0,-4138.0,0.01,0.0,-0.01,18950.0,25320.0,-12329.0,26.0,78.0,88.0
1742505848.3491974,0.02,-0.0,-0.03,18978.0,25545.0,-20517.0,0.01,0.0,-0.01,18967.0,25589.0,-28708.0,129.0,84.0,53.0
1742505848.3577292,0.02,-0.0,-0.02,18981.0,25766.0,28639.0,0.01,0.0,-0.0,18968.0,25804.0,20447.0,1.0,30.0,64.0
1742505848.3702295,0.02,-0.0,-0.02,18975.0,25930.0,12256.0,0.01,0.0,-0.0,18956.0,25962.0,4064.0,0.0,3.0,0.0
1742505848.3822312,0.02,0.0,-0.01,18938.0,26034.0,-4127.0,0.01,0.0,-0.0,18916.0,26067.0,-12318.0,0.0,0.0,0.0
1742505848.394229,0.02,0.01,-0.0,18861.0,26081.0,-20509.0,0.01,0.0,-0.0,18838.0,26117.0,-28700.0,116.0,88.0,95.0
1742505848.402729,0.02,0.01,0.0,18739.0,26094.0,28646.0,0.01,0.0,-0.0,18717.0,26134.0,20454.0,14.0,15.0,32.0
1742505848.4147346,0.02,0.02,0.01,18553.0,26080.0,12263.0,0.01,0.0,-0.01,18529.0,26121.0,4071.0,56.0,47.0,25.0
1742505848.4272294,0.03,0.04,0.01,18218.0,26032.0,-4113.0,0.01,0.0,-0.01,18196.0,26075.0,-12304.0,125.0,186.0,142.0
1742505848.4392295,0.04,0.05,0.01,17797.0,25984.0,-20485.0,0.01,0.0,-0.01,17777.0,26028.0,-28676.0,97.0,55.0,73.0
1742505848.4518688,0.04,0.06,0.01,17288.0,25944.0,28684.0,0.01,0.0,-0.01,17268.0,25987.0,20492.0,19.0,29.0,32.0
1742505848.4638739,0.05,0.07,0.01,16687.0,25900.0,12321.0,0.01,0.0,-0.01,16667.0,25944.0,4129.0,268.0,272.0,136.0
1742505848.4725642,0.06,0.08,0.01,15986.0,25854.0,-4033.0,0.01,0.0,-0.01,15966.0,25898.0,-12224.0,19.0,58.0,58.0
1742505848.4845655,0.07,0.1,0.01,15179.0,25802.0,-20377.0,0.01,0.0,-0.01,15157.0,25849.0,-28568.0,50.0,0.0,0.0
1742505848.4965653,0.07,0.11,0.01,14263.0,25739.0,28827.0,0.01,0.0,-0.01,14241.0,25789.0,20636.0,221.0,127.0,213.0
1742505848.5092068,0.09,0.14,0.02,13128.0,25642.0,12521.0,0.01,0.0,-0.01,13108.0,25694.0,4330.0,53.0,8.0,0.0
1742505848.5177062,0.1,0.15,0.02,11877.0,25513.0,-3766.0,0.01,0.0,-0.01,11857.0,25566.0,-11956.0,120.0,0.0,0.0
1742505848.529706,0.1,0.17,0.03,10510.0,25361.0,-20033.0,0.01,0.0,-0.01,10490.0,25414.0,-28223.0,192.0,273.0,192.0
1742505848.5417118,0.11,0.18,0.03,9028.0,25191.0,29256.0,0.01,0.0,-0.01,9008.0,25244.0,21065.0,43.0,91.0,56.0
1742505848.5537384,0.12,0.19,0.03,7429.0,25003.0,13030.0,0.01,0.0,-0.01,7409.0,25056.0,4839.0,34.0,113.0,40.0
1742505848.5627286,0.13,0.21,0.03,5710.0,24797.0,-3170.0,0.01,0.0,-0.01,5689.0,24848.0,-11360.0,129.0,194.0,183.0
1742505848.5747263,0.14,0.22,0.03,3869.0,24569.0,-19341.0,0.01,0.0,-0.01,3848.0,24619.0,-27531.0,76.0,12.0,84.0
1742505848.5870092,0.15,0.26,0.04,1777.0,24312.0,30086.0,0.0,0.0,-0.01,1756.0,24363.0,21895.0,99.0,84.0,109.0
1742505848.5990062,0.16,0.27,0.04,-445.0,24036.0,14012.0,0.0,0.0,-0.01,-465.0,24087.0,5821.0,175.0,129.0,149.0
1742505848.607509,0.17,0.29,0.04,-2800.0,23737.0,-2023.0,0.0,0.0,-0.01,-2820.0,23790.0,-10213.0,41.0,0.0,0.0
1742505848.619706,0.18,0.31,0.05,-5289.0,23414.0,-18014.0,0.0,0.0,-0.01,-5307.0,23469.0,-26204.0,74.0,0.0,163.0
1742505848.6322048,0.19,0.32,0.05,-7911.0,23061.0,31577.0,0.0,0.0,-0.01,-7929.0,23116.0,23386.0,114.0,70.0,21.0
1742505848.643868,0.2,0.34,0.06,-10670.0,22674.0,15679.0,0.0,0.0,-0.01,-10689.0,22729.0,7488.0,139.0,116.0,161.0
1742505848.6523535,0.21,0.36,0.06,-13566.0,22261.0,-167.0,0.0,0.0,-0.01,-13584.0,22316.0,-8357.0,31.0,42.0,54.0
1742505848.6643608,0.22,0.38,0.07,-16594.0,21821.0,-15959.0,0.0,0.0,-0.01,-16612.0,21876.0,-24149.0,148.0,121.0,62.0
1742505848.6770394,0.24,0.41,0.07,-19879.0,21319.0,-31640.0,0.0,0.0,-0.01,-19896.0,21374.0,25706.0,167.0,228.0,221.0
1742505848.6890545,0.25,0.43,0.08,-23290.0,20787.0,18273.0,0.0,0.0,-0.01,-23307.0,20841.0,10082.0,185.0,78.0,57.0
1742505848.7015436,0.26,0.44,0.08,-26823.0,20229.0,2708.0,0.0,0.0,-0.01,-26840.0,20280.0,-5482.0,14.0,23.0,62.0
1742505848.7140398,0.27,0.46,0.09,-30475.0,19644.0,-12795.0,0.0,0.0,-0.01,-30491.0,19695.0,-20985.0,187.0,217.0,270.0
1742505848.7220414,0.28,0.48,0.09,31294.0,19030.0,-28237.0,0.0,0.0,-0.01,31278.0,19081.0,29109.0,76.0,123.0,70.0
1742505848.734066,0.29,0.49,0.1,27412.0,18389.0,21919.0,0.0,0.0,-0.01,27396.0,18440.0,13728.0,0.0,3.0,64.0
1742505848.742542,0.3,0.51,0.1,23417.0,17718.0,6603.0,0.0,0.0,-0.01,23402.0,17768.0,-1587.0,177.0,216.0,258.0
1742505848.7590482,0.32,0.54,0.11,19203.0,16982.0,-8577.0,0.0,0.0,-0.01,19188.0,17031.0,-16767.0,0.0,12.0,3.0
1742505848.7670465,0.33,0.55,0.12,14886.0,16210.0,-23689.0,0.0,0.0,-0.01,14873.0,16259.0,-31879.0,8.0,74.0,18.0
1742505848.7795458,0.34,0.57,0.12,10469.0,15398.0,26803.0,0.0,0.0,-0.01,10455.0,15448.0,18612.0,195.0,237.0,180.0
1742505848.791827,0.35,0.58,0.13,5952.0,14552.0,11827.0,-0.0,0.0,-0.01,5939.0,14601.0,3636.0,0.0,48.0,23.0
1742505848.8038404,0.36,0.6,0.14,1336.0,13673.0,-3076.0,-0.0,0.0,-0.01,1323.0,13722.0,-11266.0,11.0,126.0,46.0
1742505848.8125172,0.37,0.61,0.14,-3376.0,12759.0,-17906.0,-0.0,0.0,-0.01,-3387.0,12807.0,-26096.0,220.0,263.0,155.0
1742505848.8245156,0.38,0.62,0.15,-8178.0,11814.0,-32665.0,-0.0,0.0,-0.01,-8188.0,11861.0,24681.0,61.0,76.0,15.0
1742505848.8370173,0.41,0.65,0.16,-13152.0,10815.0,18250.0,-0.0,0.0,-0.01,-13161.0,10862.0,10059.0,8.0,0.0,59.0
1742505848.849021,0.42,0.66,0.17,-18209.0,9793.0,3697.0,-0.0,0.0,-0.01,-18217.0,9839.0,-4493.0,137.0,127.0,47.0
1742505848.8571966,0.43,0.68,0.17,-23344.0,8746.0,-10787.0,-0.0,0.0,-0.01,-23351.0,8790.0,-18977.0,0.0,0.0,3.0
1742505848.869196,0.44,0.69,0.18,-28550.0,7681.0,-25208.0,-0.0,0.0,-0.01,-28557.0,7724.0,32138.0,63.0,10.0,56.0
1742505848.881696,0.46,0.7,0.18,31709.0,6605.0,25968.0,-0.0,0.0,-0.0,31702.0,6645.0,17777.0,83.0,97.0,96.0
1742505848.8941965,0.47,0.71,0.18,26362.0,5510.0,11669.0,-0.0,0.0,-0.0,26356.0,5545.0,3478.0,41.0,67.0,77.0
1742505848.9021983,0.48,0.72,0.19,20954.0,4387.0,-2571.0,-0.01,0.0,-0.0,20950.0,4418.0,-10762.0,61.0,115.0,0.0
1742505848.914197,0.49,0.73,0.19,15495.0,3253.0,-16761.0,-0.01,0.0,-0.0,15493.0,3282.0,-24952.0,239.0,178.0,184.0
1742505848.9266973,0.51,0.74,0.2,9947.0,2106.0,-30864.0,-0.01,-0.0,-0.0,9947.0,2133.0,26481.0,96.0,163.0,99.0
1742505848.9351966,0.52,0.75,0.2,4360.0,942.0,20609.0,-0.01,-0.0,-0.0,4363.0,969.0,12417.0,18.0,0.0,24.0
1742505848.9472575,0.53,0.76,0.2,-1255.0,-237.0,6578.0,-0.01,-0.0,-0.0,-1250.0,-209.0,-1613.0,96.0,85.0,111.0
1742505848.9594598,0.54,0.76,0.2,-6892.0,-1416.0,-7427.0,-0.01,-0.0,-0.0,-6888.0,-1386.0,-15618.0,0.0,0.0,0.0
1742505848.967644,0.54,0.76,0.2,-12551.0,-2584.0,-21413.0,-0.01,-0.0,-0.0,-12548.0,-2552.0,-29604.0,0.0,0.0,0.0
1742505848.9806778,0.55,0.77,0.2,-18232.0,-3752.0,30158.0,-0.01,-0.0,-0.0,-18228.0,-3721.0,21966.0,84.0,78.0,74.0
1742505848.9921775,0.55,0.77,0.21,-23926.0,-4933.0,16207.0,-0.01,-0.0,-0.0,-23921.0,-4902.0,8015.0,0.0,0.0,0.0
1742505849.00068,0.56,0.77,0.21,-29627.0,-6123.0,2266.0,-0.01,-0.0,-0.0,-29622.0,-6092.0,-5925.0,18.0,0.0,0.0
1742505849.0126784,0.56,0.77,0.21,30203.0,-7312.0,-11668.0,-0.01,-0.0,-0.0,30208.0,-7280.0,-19859.0,82.0,101.0,123.0
1742505849.024677,0.57,0.77,0.21,24490.0,-8492.0,-25598.0,-0.01,-0.0,-0.0,24495.0,-8461.0,31747.0,0.0,0.0,0.0
1742505849.0372925,0.57,0.77,0.21,18771.0,-9674.0,26012.0,-0.01,-0.0,-0.0,18777.0,-9644.0,17820.0,0.0,0.0,0.0
1742505849.04568,0.58,0.77,0.21,13058.0,-10853.0,12081.0,-0.01,-0.0,-0.0,13065.0,-10824.0,3889.0,99.0,79.0,54.0
1742505849.058215,0.58,0.77,0.21,7350.0,-12023.0,-1856.0,-0.01,-0.0,-0.0,7357.0,-11994.0,-10047.0,14.0,0.0,0.0
1742505849.0697148,0.58,0.77,0.2,1647.0,-13185.0,-15798.0,-0.01,-0.0,-0.0,1655.0,-13156.0,-23989.0,0.0,3.0,0.0
1742505849.082714,0.58,0.77,0.2,-4045.0,-14344.0,-29750.0,-0.01,-0.0,-0.0,-4034.0,-14316.0,27595.0,106.0,72.0,60.0
1742505849.0907156,0.58,0.77,0.2,-9720.0,-15502.0,21819.0,-0.01,-0.0,-0.0,-9709.0,-15473.0,13627.0,0.0,0.0,17.0
1742505849.102723,0.58,0.76,0.2,-15376.0,-16655.0,7832.0,-0.01,-0.0,-0.0,-15365.0,-16625.0,-359.0,0.0,0.0,0.0
1742505849.1147075,0.58,0.76,0.2,-21013.0,-17801.0,-6173.0,-0.01,-0.0,-0.0,-21001.0,-17770.0,-14364.0,153.0,111.0,99.0
1742505849.1277077,0.58,0.75,0.2,-26601.0,-18934.0,-20228.0,-0.01,-0.0,-0.0,-26589.0,-18903.0,-28419.0,67.0,105.0,74.0
1742505849.1357076,0.58,0.75,0.19,-32156.0,-20059.0,31221.0,-0.01,-0.0,-0.0,-32143.0,-20028.0,23029.0,31.0,17.0,0.0
1742505849.1482093,0.58,0.74,0.19,27860.0,-21172.0,17098.0,-0.01,-0.0,-0.0,27873.0,-21140.0,8906.0,57.0,70.0,39.0
1742505849.1602135,0.57,0.74,0.19,22373.0,-22276.0,2941.0,-0.01,-0.0,-0.0,22386.0,-22242.0,-5250.0,0.0,0.0,4.0
1742505849.1722314,0.57,0.73,0.19,16925.0,-23372.0,-11250.0,-0.01,-0.0,-0.0,16938.0,-23337.0,-19441.0,34.0,31.0,24.0
1742505849.1807137,0.57,0.72,0.18,11516.0,-24457.0,-25479.0,-0.01,-0.0,-0.0,11530.0,-24422.0,31866.0,33.0,26.0,0.0
1742505849.1932218,0.56,0.72,0.18,6151.0,-25528.0,25786.0,-0.01,-0.0,-0.0,6165.0,-25492.0,17594.0,85.0,96.0,72.0
1742505849.2012215,0.56,0.71,0.18,826.0,-26582.0,11477.0,-0.0,-0.0,-0.0,841.0,-26543.0,3286.0,0.0,2.0,33.0
1742505849.2172196,0.55,0.7,0.17,-4419.0,-27612.0,-2901.0,-0.0,-0.0,-0.01,-4403.0,-27570.0,-11091.0,0.0,0.0,0.0
1742505849.2257192,0.54,0.69,0.17,-9628.0,-28624.0,-17311.0,-0.0,-0.0,-0.01,-9614.0,-28579.0,-25501.0,120.0,72.0,118.0
1742505849.2382212,0.54,0.69,0.16,-14803.0,-29616.0,-31753.0,-0.0,-0.0,-0.01,-14790.0,-29570.0,25593.0,3.0,8.0,14.0
1742505849.246722,0.53,0.68,0.16,-19941.0,-30593.0,19306.0,-0.0,-0.0,-0.01,-19929.0,-30549.0,11115.0,103.0,1.0,7.0
1742505849.2628677,0.53,0.67,0.16,-25043.0,-31564.0,4795.0,-0.0,-0.0,-0.01,-25028.0,-31523.0,-3395.0,155.0,113.0,151.0
1742505849.271368,0.53,0.67,0.16,-30107.0,-32532.0,-9741.0,-0.0,-0.0,-0.01,-30091.0,-32491.0,-17931.0,0.0,25.0,7.0
1742505849.282883,0.53,0.66,0.16,30397.0,32037.0,-24303.0,-0.0,-0.0,-0.0,30412.0,32075.0,-32493.0,0.0,0.0,0.0
1742505849.2914934,0.53,0.66,0.16,25392.0,31068.0,26648.0,-0.01,-0.0,-0.0,25408.0,31105.0,18456.0,69.0,71.0,129.0
1742505849.3076239,0.53,0.65,0.15,20447.0,30108.0,12013.0,-0.01,-0.0,-0.0,20465.0,30144.0,3821.0,42.0,15.0,22.0
1742505849.3161252,0.53,0.65,0.15,15528.0,29150.0,-2640.0,-0.0,-0.0,-0.0,15547.0,29188.0,-10830.0,0.0,0.0,0.0
1742505849.329126,0.53,0.64,0.15,10637.0,28188.0,-17310.0,-0.0,-0.0,-0.0,10655.0,28226.0,-25500.0,106.0,212.0,147.0
1742505849.3366253,0.53,0.64,0.15,5779.0,27222.0,-32006.0,-0.01,-0.0,-0.0,5797.0,27258.0,25339.0,42.0,77.0,0.0
1742505849.3526278,0.53,0.63,0.15,956.0,26255.0,18806.0,-0.01,-0.0,-0.0,978.0,26290.0,10614.0,0.0,0.0,0.0
1742505849.3611622,0.53,0.63,0.15,-3835.0,25290.0,4061.0,-0.01,-0.0,-0.0,-3812.0,25327.0,-4130.0,184.0,149.0,186.0
1742505849.3731606,0.53,0.62,0.15,-8598.0,24324.0,-10702.0,-0.01,-0.0,-0.0,-8575.0,24361.0,-18892.0,29.0,20.0,0.0
1742505849.3816617,0.53,0.62,0.15,-13328.0,23361.0,-25487.0,-0.01,-0.0,-0.0,-13305.0,23398.0,31858.0,0.0,7.0,0.0
1742505849.397833,0.53,0.61,0.15,-17988.0,22422.0,25208.0,-0.01,-0.0,-0.0,-17964.0,22460.0,17017.0,222.0,128.0,169.0
1742505849.4059434,0.53,0.6,0.14,-22612.0,21490.0,10341.0,-0.0,-0.0,-0.0,-22587.0,21529.0,2150.0,0.0,0.0,0.0
1742505849.4183173,0.53,0.6,0.14,-27203.0,20562.0,-4548.0,-0.0,-0.0,-0.01,-27178.0,20603.0,-12738.0,0.0,0.0,0.0
1742505849.4268165,0.52,0.59,0.14,-31757.0,19641.0,-19461.0,-0.0,-0.0,-0.01,-31733.0,19684.0,-27651.0,176.0,160.0,139.0
1742505849.4428182,0.52,0.59,0.14,29259.0,18731.0,31136.0,-0.0,-0.0,-0.01,29282.0,18773.0,22945.0,7.0,18.0,0.0
1742505849.4510238,0.52,0.58,0.14,24770.0,17829.0,16172.0,-0.0,-0.0,-0.01,24794.0,17871.0,7981.0,17.0,0.0,0.0
1742505849.463048,0.52,0.58,0.14,20312.0,16932.0,1188.0,-0.0,-0.0,-0.01,20336.0,16973.0,-7002.0,184.0,141.0,179.0
1742505849.4720335,0.52,0.57,0.14,15884.0,16035.0,-13814.0,-0.01,-0.0,-0.0,15909.0,16075.0,-22004.0,0.0,0.0,0.0
1742505849.488032,0.52,0.57,0.13,11518.0,15148.0,-28857.0,-0.01,-0.0,-0.0,11543.0,15188.0,28489.0,38.0,58.0,6.0
1742505849.4960315,0.52,0.56,0.13,7181.0,14266.0,21615.0,-0.01,-0.0,-0.0,7207.0,14305.0,13424.0,127.0,127.0,125.0
1742505849.5085323,0.52,0.56,0.13,2876.0,13384.0,6531.0,-0.01,-0.0,-0.0,2903.0,13423.0,-1659.0,0.0,0.0,0.0
1742505849.5165348,0.52,0.55,0.13,-1395.0,12505.0,-8572.0,-0.01,-0.0,-0.0,-1366.0,12544.0,-16762.0,0.0,0.0,0.0
1742505849.5292718,0.52,0.55,0.13,-5632.0,11632.0,-23695.0,-0.01,-0.0,-0.01,-5602.0,11673.0,-31885.0,152.0,64.0,69.0
1742505849.541274,0.52,0.54,0.13,-9835.0,10766.0,26698.0,-0.0,-0.0,-0.01,-9805.0,10808.0,18507.0,0.0,0.0,0.0
1742505849.5533137,0.52,0.54,0.13,-14007.0,9905.0,11533.0,-0.0,-0.0,-0.01,-13977.0,9947.0,3342.0,0.0,0.0,0.0
1742505849.5616717,0.52,0.53,0.13,-18147.0,9049.0,-3651.0,-0.0,-0.0,-0.01,-18117.0,9092.0,-11841.0,174.0,117.0,151.0
1742505849.5736969,0.51,0.53,0.13,-22254.0,8198.0,-18854.0,-0.0,-0.0,-0.01,-22224.0,8241.0,-27044.0,0.0,0.0,5.0
1742505849.5863314,0.51,0.52,0.12,-26297.0,7355.0,31441.0,-0.0,-0.0,-0.01,-26266.0,7398.0,23250.0,0.0,28.0,15.0
1742505849.5983336,0.51,0.52,0.12,-30308.0,6515.0,16180.0,-0.0,-0.0,-0.01,-30277.0,6558.0,7989.0,184.0,101.0,123.0
1742505849.6067822,0.51,0.51,0.12,31247.0,5680.0,901.0,-0.0,-0.0,-0.01,31278.0,5723.0,-7289.0,0.0,0.0,5.0
1742505849.6189501,0.51,0.51,0.12,27295.0,4851.0,-14394.0,-0.0,-0.0,-0.01,27326.0,4894.0,-22584.0,0.0,5.0,0.0
1742505849.6274495,0.51,0.5,0.12,23372.0,4028.0,-29705.0,-0.01,-0.0,-0.01,23404.0,4070.0,27641.0,197.0,174.0,168.0
1742505849.6395433,0.51,0.5,0.12,19478.0,3210.0,20501.0,-0.01,-0.0,-0.01,19511.0,3252.0,12310.0,0.0,0.0,0.0
1742505849.6516695,0.51,0.5,0.12,15614.0,2398.0,5154.0,-0.01,-0.0,-0.01,15647.0,2440.0,-3036.0,11.0,0.0,0.0
1742505849.6638188,0.51,0.49,0.12,11779.0,1593.0,-10207.0,-0.01,-0.0,-0.01,11812.0,1635.0,-18397.0,168.0,154.0,157.0
1742505849.6723182,0.51,0.49,0.12,7973.0,793.0,-25584.0,-0.01,-0.0,-0.01,8007.0,836.0,31762.0,3.0,0.0,2.0
1742505849.6843185,0.51,0.48,0.12,4228.0,1.0,24541.0,-0.0,-0.0,-0.01,4262.0,44.0,16350.0,0.0,0.0,0.0
1742505849.6967058,0.51,0.48,0.11,514.0,-785.0,9113.0,-0.0,-0.0,-0.01,548.0,-740.0,922.0,168.0,100.0,148.0
1742505849.7049916,0.51,0.47,0.11,-3169.0,-1566.0,-6330.0,-0.0,-0.0,-0.01,-3134.0,-1520.0,-14520.0,11.0,56.0,20.0
1742505849.7174692,0.5,0.47,0.11,-6821.0,-2342.0,-21788.0,-0.0,-0.0,-0.01,-6786.0,-2296.0,-29978.0,0.0,0.0,0.0
1742505849.7259686,0.5,0.46,0.11,-10442.0,-3114.0,28274.0,-0.0,-0.0,-0.01,-10407.0,-3068.0,20083.0,129.0,109.0,125.0
1742505849.737969,0.5,0.46,0.11,-14034.0,-3882.0,12783.0,-0.0,-0.0,-0.01,-13999.0,-3836.0,4592.0,10.0,37.0,25.0
1742505849.7504745,0.5,0.45,0.11,-17596.0,-4644.0,-2722.0,-0.0,-0.0,-0.01,-17560.0,-4598.0,-10912.0,0.0,0.0,0.0
1742505849.762524,0.5,0.45,0.11,-21129.0,-5400.0,-18240.0,-0.0,-0.0,-0.01,-21093.0,-5355.0,-26430.0,147.0,191.0,161.0
1742505849.7710137,0.5,0.45,0.11,-24635.0,-6152.0,31764.0,-0.0,-0.0,-0.01,-24598.0,-6107.0,23573.0,1.0,20.0,12.0
1742505849.7825294,0.5,0.44,0.11,-28113.0,-6898.0,16216.0,-0.01,-0.0,-0.01,-28076.0,-6853.0,8025.0,0.0,0.0,0.0
1742505849.7955134,0.5,0.44,0.11,-31537.0,-7635.0,641.0,-0.01,-0.0,-0.01,-31499.0,-7590.0,-7549.0,126.0,160.0,163.0
1742505849.807137,0.5,0.43,0.1,30603.0,-8368.0,-14944.0,-0.01,-0.0,-0.01,30640.0,-8323.0,-23134.0,12.0,15.0,0.0
1742505849.8156364,0.5,0.43,0.1,27233.0,-9098.0,-30543.0,-0.0,-0.0,-0.01,27270.0,-9052.0,26803.0,0.0,0.0,0.0
1742505849.8281224,0.5,0.43,0.1,23892.0,-9823.0,19380.0,-0.0,-0.0,-0.01,23929.0,-9777.0,11189.0,107.0,148.0,176.0
1742505849.8361912,0.5,0.42,0.1,20578.0,-10544.0,3752.0,-0.0,-0.0,-0.01,20616.0,-10498.0,-4438.0,0.0,48.0,18.0
1742505849.8523417,0.5,0.42,0.1,17294.0,-11261.0,-11887.0,-0.0,-0.0,-0.01,17332.0,-11214.0,-20077.0,0.0,0.0,0.0
1742505849.8608832,0.5,0.41,0.1,14039.0,-11972.0,-27538.0,-0.0,-0.0,-0.01,14077.0,-11925.0,29808.0,132.0,211.0,152.0
1742505849.8728828,0.5,0.41,0.1,10811.0,-12679.0,22333.0,-0.0,-0.0,-0.01,10849.0,-12632.0,14142.0,0.0,0.0,3.0
1742505849.8853827,0.5,0.4,0.1,7638.0,-13376.0,6643.0,-0.0,-0.0,-0.01,7676.0,-13329.0,-1547.0,12.0,0.0,12.0
1742505849.8973932,0.5,0.4,0.1,4490.0,-14069.0,-9057.0,-0.0,-0.0,-0.01,4529.0,-14022.0,-17247.0,171.0,136.0,160.0
1742505849.9056487,0.5,0.4,0.1,1369.0,-14757.0,-24769.0,-0.0,-0.0,-0.01,1408.0,-14711.0,32577.0,0.0,0.0,0.0
1742505849.9183009,0.5,0.39,0.1,-1726.0,-15442.0,25044.0,-0.0,-0.0,-0.01,-1686.0,-15396.0,16853.0,0.0,0.0,0.0
1742505849.9266038,0.5,0.39,0.1,-4793.0,-16123.0,9309.0,-0.0,-0.0,-0.01,-4752.0,-16077.0,1118.0,179.0,110.0,125.0
1742505849.9386032,0.5,0.39,0.1,-7834.0,-16800.0,-6437.0,-0.0,-0.01,-0.01,-7792.0,-16754.0,-14627.0,0.0,0.0,0.0
1742505849.9506288,0.49,0.38,0.09,-10849.0,-17473.0,-22192.0,-0.0,-0.01,-0.01,-10807.0,-17426.0,-30382.0,9.0,39.0,0.0
1742505849.9631557,0.49,0.38,0.09,-13839.0,-18141.0,27578.0,-0.0,-0.01,-0.01,-13797.0,-18094.0,19387.0,140.0,182.0,151.0
1742505849.971166,0.49,0.38,0.09,-16803.0,-18805.0,11800.0,-0.0,-0.01,-0.01,-16760.0,-18758.0,3609.0,0.0,0.0,7.0
1742505849.9836564,0.49,0.37,0.09,-19713.0,-19459.0,-3999.0,-0.0,-0.01,-0.01,-19670.0,-19412.0,-12189.0,0.0,0.0,16.0
1742505849.9960155,0.49,0.37,0.09,-22597.0,-20109.0,-19807.0,-0.0,-0.01,-0.01,-22554.0,-20061.0,-27997.0,109.0,186.0,98.0
1742505850.0082366,0.49,0.36,0.09,-25455.0,-20754.0,29911.0,-0.0,-0.01,-0.01,-25412.0,-20706.0,21720.0,0.0,0.0,0.0
1742505850.016236,0.49,0.36,0.09,-28288.0,-21395.0,14081.0,-0.0,-0.01,-0.01,-28245.0,-21347.0,5890.0,0.0,0.0,0.0
1742505850.0327368,0.49,0.36,0.09,-31096.0,-22033.0,-1758.0,-0.0,-0.01,-0.01,-31052.0,-21985.0,-9948.0,129.0,77.0,116.0
1742505850.0410748,0.49,0.35,0.09,31657.0,-22667.0,-17605.0,-0.0,-0.01,-0.01,31700.0,-22619.0,-25795.0,0.0,0.0,0.0
1742505850.053057,0.49,0.35,0.09,28896.0,-23297.0,32074.0,-0.0,-0.01,-0.01,28939.0,-23249.0,23883.0,0.0,12.0,0.0
1742505850.0653565,0.49,0.34,0.09,26184.0,-23914.0,16196.0,-0.0,-0.01,-0.01,26228.0,-23866.0,8005.0,65.0,34.0,11.0
1742505850.073856,0.49,0.34,0.08,23497.0,-24518.0,309.0,-0.0,-0.01,-0.01,23541.0,-24470.0,-7881.0,33.0,60.0,68.0
1742505850.0863562,0.49,0.34,0.08,20835.0,-25110.0,-15585.0,-0.0,-0.01,-0.01,20879.0,-25061.0,-23775.0,34.0,41.0,42.0
1742505850.0982168,0.49,0.33,0.08,18196.0,-25690.0,-31489.0,-0.0,-0.01,-0.01,18240.0,-25641.0,25857.0,156.0,65.0,81.0
1742505850.1064777,0.49,0.33,0.08,15581.0,-26259.0,18133.0,-0.0,-0.01,-0.01,15626.0,-26210.0,9942.0,0.0,0.0,0.0
1742505850.1188173,0.49,0.33,0.08,12993.0,-26816.0,2208.0,-0.0,-0.01,-0.01,13038.0,-26767.0,-5982.0,41.0,54.0,5.0
1742505850.130827,0.49,0.32,0.08,10430.0,-27361.0,-13724.0,-0.0,-0.01,-0.01,10475.0,-27312.0,-21914.0,84.0,84.0,56.0
1742505850.1429627,0.49,0.32,0.08,7890.0,-27897.0,-29665.0,-0.0,-0.01,-0.01,7936.0,-27848.0,27681.0,1.0,27.0,3.0
1742505850.1555748,0.49,0.31,0.07,5398.0,-28420.0,19913.0,-0.0,-0.01,-0.01,5444.0,-28371.0,11722.0,44.0,56.0,31.0
1742505850.1641073,0.49,0.31,0.07,2928.0,-28940.0,3946.0,-0.0,-0.01,-0.01,2974.0,-28891.0,-4244.0,12.0,0.0,0.0
1742505850.1757941,0.49,0.31,0.07,480.0,-29460.0,-12026.0,-0.0,-0.01,-0.01,526.0,-29411.0,-20216.0,33.0,80.0,78.0
1742505850.188187,0.49,0.31,0.07,-1946.0,-29981.0,-28004.0,-0.0,-0.01,-0.01,-1898.0,-29932.0,29342.0,18.0,33.0,44.0
1742505850.1965625,0.49,0.3,0.07,-4347.0,-30501.0,21546.0,-0.0,-0.01,-0.01,-4299.0,-30451.0,13355.0,126.0,97.0,84.0
1742505850.2091599,0.49,0.3,0.07,-6727.0,-31018.0,5552.0,-0.0,-0.01,-0.01,-6678.0,-30968.0,-2638.0,125.0,73.0,129.0
1742505850.2213311,0.49,0.3,0.07,-9084.0,-31532.0,-10448.0,-0.0,-0.01,-0.01,-9035.0,-31482.0,-18638.0,0.0,0.0,0.0
1742505850.2333293,0.49,0.3,0.07,-11419.0,-32043.0,-26455.0,-0.0,-0.01,-0.01,-11369.0,-31993.0,30891.0,27.0,31.0,5.0
1742505850.2418332,0.49,0.29,0.07,-13730.0,-32548.0,23067.0,-0.0,-0.01,-0.01,-13680.0,-32498.0,14876.0,27.0,75.0,48.0
1742505850.253833,0.49,0.29,0.07,-15996.0,32497.0,7037.0,-0.0,-0.01,-0.01,-15946.0,32546.0,-1153.0,23.0,31.0,45.0
1742505850.2663598,0.49,0.28,0.07,-18240.0,32008.0,-8997.0,-0.0,-0.01,-0.01,-18190.0,32057.0,-17187.0,0.0,0.0,0.0
1742505850.2783594,0.49,0.28,0.07,-20463.0,31522.0,-25039.0,-0.0,-0.01,-0.01,-20413.0,31571.0,32307.0,107.0,134.0,130.0
1742505850.2868593,0.49,0.28,0.07,-22665.0,31038.0,24448.0,-0.0,-0.01,-0.01,-22615.0,31087.0,16257.0,0.0,0.0,35.0
1742505850.2989717,0.49,0.28,0.07,-24846.0,30556.0,8392.0,-0.0,-0.01,-0.01,-24795.0,30606.0,201.0,0.0,0.0,0.0
1742505850.3109865,0.49,0.27,0.07,-27006.0,30076.0,-7668.0,-0.0,-0.01,-0.01,-26955.0,30126.0,-15858.0,179.0,130.0,158.0
1742505850.323515,0.49,0.27,0.07,-29146.0,29596.0,-23733.0,-0.0,-0.01,-0.01,-29095.0,29645.0,-31923.0,58.0,15.0,44.0
1742505850.3355298,0.49,0.27,0.07,-31246.0,29121.0,25727.0,-0.0,-0.01,-0.01,-31194.0,29171.0,17536.0,0.0,0.0,3.0
1742505850.3440394,0.49,0.26,0.07,32212.0,28651.0,9643.0,-0.0,-0.01,-0.01,32263.0,28701.0,1452.0,190.0,189.0,184.0
1742505850.3565395,0.49,0.26,0.07,30152.0,28185.0,-6446.0,-0.0,-0.01,-0.01,30203.0,28235.0,-14636.0,0.0,0.0,0.0
1742505850.3645504,0.49,0.26,0.06,28113.0,27724.0,-22540.0,-0.0,-0.01,-0.01,28165.0,27774.0,-30730.0,0.0,0.0,0.0
1742505850.3770409,0.49,0.26,0.06,26096.0,27269.0,26897.0,-0.0,-0.01,-0.01,26148.0,27319.0,18706.0,156.0,124.0,166.0
1742505850.3893576,0.49,0.25,0.06,24100.0,26818.0,10790.0,-0.0,-0.01,-0.01,24152.0,26868.0,2599.0,24.0,0.0,0.0
1742505850.401391,0.49,0.25,0.06,22123.0,26370.0,-5322.0,-0.0,-0.01,-0.01,22175.0,26420.0,-13512.0,0.0,0.0,0.0
1742505850.413391,0.49,0.25,0.06,20166.0,25924.0,-21437.0,-0.0,-0.01,-0.01,20219.0,25974.0,-29627.0,190.0,136.0,178.0
1742505850.4259994,0.49,0.24,0.06,18248.0,25481.0,27973.0,-0.0,-0.01,-0.01,18301.0,25531.0,19782.0,0.0,5.0,38.0
1742505850.4339995,0.49,0.24,0.06,16349.0,25039.0,11841.0,-0.0,-0.01,-0.01,16402.0,25089.0,3650.0,0.0,0.0,10.0
1742505850.446505,0.49,0.24,0.06,14469.0,24599.0,-4295.0,-0.0,-0.01,-0.01,14522.0,24649.0,-12485.0,143.0,129.0,124.0
1742505850.458476,0.49,0.24,0.06,12607.0,24162.0,-20434.0,-0.0,-0.01,-0.01,12661.0,24212.0,-28624.0,0.0,0.0,0.0
1742505850.4709542,0.49,0.23,0.06,10764.0,23730.0,28958.0,-0.0,-0.01,-0.01,10818.0,23780.0,20767.0,0.0,6.0,5.0
1742505850.4789934,0.48,0.23,0.06,8940.0,23302.0,12807.0,-0.0,-0.01,-0.01,8994.0,23352.0,4616.0,101.0,131.0,118.0
1742505850.4910662,0.48,0.23,0.06,7135.0,22879.0,-3348.0,-0.0,-0.01,-0.01,7190.0,22929.0,-11538.0,0.0,0.0,0.0
1742505850.499693,0.48,0.23,0.06,5350.0,22459.0,-19506.0,-0.0,-0.01,-0.01,5405.0,22510.0,-27696.0,0.0,0.0,25.0
1742505850.5159009,0.48,0.22,0.06,3602.0,22047.0,29863.0,-0.0,-0.01,-0.01,3657.0,22098.0,21672.0,85.0,63.0,35.0
1742505850.5243797,0.48,0.22,0.06,1872.0,21636.0,13690.0,-0.0,-0.01,-0.01,1927.0,21687.0,5499.0,0.0,0.0,3.0
1742505850.5363793,0.48,0.22,0.06,160.0,21226.0,-2486.0,-0.0,-0.01,-0.01,215.0,21277.0,-10676.0,0.0,0.0,12.0
1742505850.544722,0.48,0.22,0.06,-1533.0,20818.0,-18665.0,-0.0,-0.01,-0.01,-1477.0,20869.0,-26855.0,153.0,140.0,128.0
1742505850.556721,0.48,0.21,0.06,-3207.0,20411.0,30688.0,-0.0,-0.01,-0.01,-3151.0,20462.0,22497.0,0.0,0.0,0.0
1742505850.5652063,0.48,0.21,0.06,-4864.0,20006.0,14499.0,-0.0,-0.01,-0.01,-4807.0,20056.0,6308.0,0.0,0.0,0.0
1742505850.581201,0.48,0.21,0.06,-6503.0,19603.0,-1693.0,-0.0,-0.01,-0.01,-6446.0,19653.0,-9883.0,160.0,115.0,124.0
1742505850.5897963,0.48,0.21,0.06,-8125.0,19205.0,-17887.0,-0.0,-0.01,-0.01,-8068.0,19255.0,-26077.0,0.0,0.0,0.0
1742505850.6017962,0.48,0.2,0.06,-9730.0,18812.0,31451.0,-0.0,-0.01,-0.01,-9673.0,18862.0,23260.0,0.0,0.0,0.0
1742505850.6144369,0.48,0.2,0.05,-11301.0,18426.0,15243.0,-0.0,-0.01,-0.01,-11244.0,18476.0,7052.0,79.0,90.0,90.0
1742505850.6228666,0.48,0.2,0.05,-12854.0,18043.0,-967.0,-0.0,-0.01,-0.01,-12796.0,18093.0,-9157.0,0.0,0.0,0.0
1742505850.634937,0.48,0.2,0.05,-14389.0,17661.0,-17180.0,-0.0,-0.01,-0.01,-14331.0,17712.0,-25370.0,0.0,0.0,0.0
1742505850.6468713,0.48,0.19,0.05,-15908.0,17282.0,32139.0,-0.0,-0.01,-0.01,-15850.0,17333.0,23948.0,138.0,182.0,116.0
1742505850.6555839,0.48,0.19,0.05,-17410.0,16904.0,15918.0,-0.0,-0.01,-0.01,-17352.0,16955.0,7727.0,0.0,0.0,0.0
1742505850.6676018,0.48,0.19,0.05,-18896.0,16527.0,-306.0,-0.0,-0.01,-0.01,-18838.0,16578.0,-8496.0,10.0,0.0,0.0
1742505850.680116,0.48,0.19,0.05,-20366.0,16152.0,-16532.0,-0.0,-0.01,-0.01,-20308.0,16203.0,-24722.0,142.0,65.0,99.0
1742505850.6916888,0.48,0.19,0.05,-21820.0,15780.0,-32762.0,-0.0,-0.01,-0.01,-21762.0,15831.0,24584.0,0.0,0.0,0.0
1742505850.7042089,0.48,0.18,0.05,-23242.0,15415.0,16537.0,-0.0,-0.01,-0.01,-23184.0,15465.0,8346.0,13.0,36.0,11.0
1742505850.712688,0.48,0.18,0.05,-24649.0,15053.0,296.0,-0.0,-0.01,-0.01,-24590.0,15103.0,-7894.0,47.0,69.0,49.0
1742505850.7249424,0.48,0.18,0.05,-26039.0,14694.0,-15945.0,-0.0,-0.01,-0.01,-25980.0,14744.0,-24135.0,25.0,21.0,58.0
1742505850.7371702,0.48,0.18,0.05,-27414.0,14339.0,-32190.0,-0.0,-0.01,-0.01,-27355.0,14389.0,25156.0,57.0,52.0,7.0
1742505850.745675,0.48,0.17,0.05,-28773.0,13985.0,17098.0,-0.0,-0.01,-0.01,-28714.0,14036.0,8907.0,96.0,78.0,110.0
1742505850.7618265,0.48,0.17,0.05,-30116.0,13634.0,846.0,-0.0,-0.01,-0.01,-30057.0,13685.0,-7344.0,94.0,115.0,131.0
1742505850.769826,0.48,0.17,0.05,-31445.0,13285.0,-15407.0,-0.0,-0.01,-0.01,-31386.0,13336.0,-23597.0,10.0,37.0,38.0
1742505850.7824588,0.48,0.17,0.05,-32744.0,12938.0,-31665.0,-0.0,-0.01,-0.01,-32685.0,12989.0,25681.0,7.0,0.0,0.0
1742505850.7946706,0.48,0.16,0.05,31508.0,12592.0,17610.0,-0.0,-0.01,-0.01,31567.0,12643.0,9419.0,170.0,186.0,178.0
1742505850.8067875,0.48,0.16,0.05,30238.0,12250.0,1345.0,-0.0,-0.01,-0.01,30297.0,12301.0,-6845.0,26.0,26.0,0.0
1742505850.8147879,0.48,0.16,0.05,28983.0,11911.0,-14921.0,-0.0,-0.01,-0.01,29042.0,11962.0,-23111.0,0.0,0.0,0.0
1742505850.8274217,0.48,0.16,0.05,27743.0,11575.0,-31189.0,-0.0,-0.01,-0.01,27802.0,11626.0,26157.0,113.0,88.0,120.0
1742505850.8396144,0.48,0.16,0.05,26517.0,11243.0,18075.0,-0.0,-0.01,-0.01,26576.0,11294.0,9884.0,11.0,0.0,2.0
1742505850.8479729,0.48,0.16,0.05,25306.0,10914.0,1800.0,-0.0,-0.01,-0.01,25365.0,10965.0,-6390.0,0.0,0.0,0.0
1742505850.860106,0.48,0.15,0.05,24108.0,10588.0,-14475.0,-0.0,-0.01,-0.01,24168.0,10639.0,-22665.0,191.0,141.0,137.0
1742505850.8727677,0.48,0.15,0.05,22939.0,10264.0,-30755.0,-0.0,-0.01,-0.01,22999.0,10315.0,26591.0,0.0,0.0,0.0
1742505850.8844488,0.48,0.15,0.05,21784.0,9942.0,18498.0,-0.0,-0.01,-0.01,21844.0,9994.0,10307.0,0.0,0.0,0.0
1742505850.896582,0.48,0.15,0.05,20643.0,9622.0,2212.0,-0.0,-0.01,-0.01,20703.0,9674.0,-5978.0,163.0,159.0,151.0
1742505850.9050806,0.48,0.15,0.05,19516.0,9303.0,-14074.0,-0.0,-0.01,-0.01,19576.0,9355.0,-22264.0,17.0,0.0,7.0
1742505850.917081,0.48,0.14,0.05,18403.0,8987.0,-30362.0,-0.0,-0.01,-0.01,18463.0,9039.0,26984.0,9.0,0.0,0.0
1742505850.926083,0.48,0.14,0.05,17304.0,8673.0,18883.0,-0.0,-0.01,-0.01,17364.0,8725.0,10692.0,122.0,95.0,129.0
1742505850.9382505,0.48,0.14,0.04,16218.0,8362.0,2589.0,-0.0,-0.01,-0.01,16279.0,8413.0,-5601.0,27.0,0.0,0.0
1742505850.9499214,0.48,0.14,0.04,15147.0,8052.0,-13706.0,-0.0,-0.01,-0.01,15208.0,8103.0,-21896.0,0.0,1.0,0.0
1742505850.9619818,0.48,0.14,0.04,14088.0,7745.0,-30003.0,-0.0,-0.01,-0.01,14149.0,7796.0,27343.0,171.0,129.0,158.0
1742505850.9746692,0.48,0.13,0.04,13056.0,7443.0,19231.0,-0.0,-0.01,-0.01,13117.0,7494.0,11040.0,0.0,0.0,0.0
1742505850.983169,0.48,0.13,0.04,12037.0,7143.0,2927.0,-0.0,-0.01,-0.01,12098.0,7194.0,-5263.0,11.0,0.0,0.0
1742505850.9952936,0.48,0.13,0.04,11030.0,6844.0,-13377.0,-0.0,-0.01,-0.01,11092.0,6896.0,-21567.0,175.0,131.0,173.0
1742505851.0035436,0.48,0.13,0.04,10037.0,6547.0,-29682.0,-0.0,-0.01,-0.01,10099.0,6599.0,27664.0,0.0,2.0,38.0
1742505851.0155423,0.48,0.13,0.04,9056.0,6252.0,19546.0,-0.0,-0.01,-0.01,9118.0,6304.0,11355.0,0.0,0.0,0.0
1742505851.0278704,0.48,0.13,0.04,8088.0,5958.0,3235.0,-0.0,-0.01,-0.01,8150.0,6010.0,-4955.0,97.0,74.0,145.0
1742505851.0368726,0.48,0.12,0.04,7132.0,5667.0,-13075.0,-0.0,-0.01,-0.01,7194.0,5719.0,-21265.0,4.0,0.0,34.0
1742505851.0493758,0.48,0.12,0.04,6189.0,5378.0,-29387.0,-0.0,-0.01,-0.01,6251.0,5430.0,27959.0,0.0,0.0,0.0
1742505851.0611713,0.48,0.12,0.04,5258.0,5092.0,19834.0,-0.0,-0.01,-0.01,5320.0,5144.0,11643.0,136.0,147.0,137.0
1742505851.0726702,0.48,0.12,0.04,4353.0,4812.0,3515.0,-0.0,-0.01,-0.01,4415.0,4864.0,-4675.0,0.0,0.0,3.0
1742505851.0816698,0.48,0.12,0.04,3459.0,4534.0,-12803.0,-0.0,-0.01,-0.01,3521.0,4586.0,-20993.0,0.0,0.0,0.0
1742505851.0931861,0.48,0.12,0.04,2577.0,4258.0,-29123.0,-0.0,-0.01,-0.01,2640.0,4310.0,28223.0,178.0,117.0,137.0
1742505851.1054504,0.48,0.11,0.04,1707.0,3983.0,20091.0,-0.0,-0.01,-0.01,1770.0,4035.0,11900.0,0.0,14.0,13.0
1742505851.1140244,0.48,0.11,0.04,849.0,3708.0,3766.0,-0.0,-0.01,-0.01,912.0,3760.0,-4424.0,62.0,56.0,0.0
1742505851.1263685,0.48,0.11,0.04,2.0,3435.0,-12559.0,-0.0,-0.01,-0.01,65.0,3488.0,-20749.0,0.0,25.0,45.0
1742505851.1347547,0.48,0.11,0.04,-832.0,3164.0,-28884.0,-0.0,-0.01,-0.01,-767.0,3217.0,28462.0,23.0,43.0,0.0
1742505851.146604,0.48,0.11,0.04,-1652.0,2895.0,20324.0,-0.0,-0.01,-0.01,-1587.0,2948.0,12133.0,141.0,151.0,164.0
1742505851.1551023,0.48,0.11,0.04,-2460.0,2629.0,3994.0,-0.0,-0.01,-0.01,-2395.0,2682.0,-4196.0,0.0,0.0,0.0
1742505851.1672418,0.48,0.11,0.04,-3256.0,2364.0,-12336.0,-0.0,-0.01,-0.01,-3191.0,2417.0,-20526.0,42.0,21.0,0.0
1742505851.1795955,0.48,0.1,0.04,-4042.0,2102.0,-28666.0,-0.0,-0.01,-0.01,-3977.0,2155.0,28680.0,97.0,91.0,84.0
1742505851.1912146,0.48,0.1,0.04,-4816.0,1843.0,20537.0,-0.0,-0.01,-0.01,-4751.0,1896.0,12346.0,0.0,0.0,0.0
1742505851.203951,0.48,0.1,0.04,-5568.0,1587.0,4201.0,-0.0,-0.01,-0.01,-5503.0,1640.0,-3989.0,26.0,27.0,3.0
1742505851.2124505,0.48,0.1,0.04,-6309.0,1333.0,-12135.0,-0.0,-0.01,-0.01,-6244.0,1386.0,-20325.0,127.0,83.0,68.0
1742505851.224452,0.48,0.1,0.04,-7039.0,1079.0,-28471.0,-0.0,-0.01,-0.01,-6974.0,1132.0,28875.0,0.0,0.0,0.0
1742505851.2329514,0.48,0.1,0.04,-7759.0,827.0,20726.0,-0.0,-0.01,-0.01,-7694.0,880.0,12535.0,0.0,0.0,7.0
1742505851.2451124,0.48,0.09,0.04,-8469.0,576.0,4385.0,-0.0,-0.01,-0.01,-8404.0,629.0,-3805.0,150.0,185.0,159.0
1742505851.253613,0.48,0.09,0.04,-9168.0,328.0,-11955.0,-0.0,-0.01,-0.01,-9103.0,381.0,-20145.0,2.0,0.0,0.0
1742505851.265648,0.48,0.09,0.04,-9856.0,82.0,-28296.0,-0.0,-0.01,-0.01,-9790.0,135.0,29050.0,0.0,0.0,0.0
1742505851.2776477,0.48,0.09,0.04,-10533.0,-160.0,20897.0,-0.0,-0.01,-0.01,-10467.0,-106.0,12706.0,87.0,46.0,102.0
1742505851.286147,0.48,0.09,0.04,-11198.0,-393.0,4552.0,-0.0,-0.01,-0.01,-11132.0,-339.0,-3638.0,19.0,52.0,0.0
1742505851.2981462,0.48,0.09,0.03,-11853.0,-615.0,-11793.0,-0.0,-0.01,-0.01,-11787.0,-562.0,-19983.0,0.0,0.0,0.0
1742505851.3101616,0.48,0.09,0.03,-12496.0,-827.0,-28139.0,-0.0,-0.01,-0.01,-12430.0,-774.0,29207.0,138.0,109.0,170.0
1742505851.3226638,0.48,0.08,0.03,-13117.0,-1019.0,21047.0,-0.0,-0.01,-0.01,-13050.0,-967.0,12856.0,0.0,0.0,0.0
1742505851.3351464,0.48,0.08,0.03,-13725.0,-1194.0,4695.0,-0.0,-0.01,-0.01,-13658.0,-1143.0,-3495.0,0.0,0.0,0.0
1742505851.3431466,0.48,0.08,0.03,-14323.0,-1361.0,-11656.0,-0.0,-0.01,-0.01,-14256.0,-1311.0,-19846.0,188.0,214.0,156.0
1742505851.3556485,0.48,0.08,0.03,-14911.0,-1522.0,-28008.0,-0.0,-0.01,-0.01,-14844.0,-1473.0,29338.0,38.0,66.0,0.0
1742505851.3637314,0.48,0.08,0.03,-15490.0,-1683.0,21174.0,-0.0,-0.01,-0.01,-15423.0,-1634.0,12983.0,5.0,0.0,0.0
1742505851.3764627,0.48,0.08,0.03,-16062.0,-1856.0,4819.0,-0.0,-0.01,-0.01,-15994.0,-1807.0,-3371.0,125.0,128.0,139.0
1742505851.388462,0.48,0.08,0.03,-16626.0,-2054.0,-11534.0,-0.0,-0.01,-0.01,-16558.0,-2005.0,-19724.0,9.0,86.0,17.0
1742505851.4004676,0.48,0.08,0.04,-17184.0,-2291.0,-27887.0,-0.0,-0.01,-0.01,-17116.0,-2242.0,29459.0,41.0,0.0,0.0
1742505851.4089622,0.48,0.08,0.04,-17737.0,-2576.0,21297.0,-0.0,-0.01,-0.01,-17669.0,-2525.0,13106.0,170.0,167.0,166.0
1742505851.4216084,0.48,0.07,0.06,-18282.0,-3001.0,4951.0,-0.0,-0.01,-0.01,-18214.0,-2949.0,-3239.0,97.0,13.0,9.0
1742505851.433608,0.48,0.07,0.07,-18825.0,-3519.0,-11387.0,-0.0,-0.01,-0.01,-18758.0,-3465.0,-19577.0,43.0,0.0,70.0
1742505851.4456792,0.48,0.07,0.08,-19367.0,-4138.0,-27718.0,-0.0,-0.01,-0.01,-19300.0,-4082.0,29628.0,163.0,180.0,196.0
1742505851.4541771,0.48,0.07,0.1,-19905.0,-4862.0,21495.0,-0.0,-0.01,-0.01,-19839.0,-4804.0,13304.0,56.0,147.0,261.0
1742505851.4662125,0.48,0.07,0.11,-20440.0,-5682.0,5181.0,-0.0,-0.01,-0.01,-20374.0,-5623.0,-3009.0,7.0,34.0,47.0
1742505851.4782116,0.48,0.08,0.12,-21023.0,-6639.0,-11111.0,-0.0,-0.01,-0.01,-20953.0,-6580.0,-19301.0,247.0,288.0,284.0
1742505851.4903839,0.47,0.07,0.12,-21544.0,-7559.0,-27412.0,-0.0,-0.01,-0.0,-21473.0,-7525.0,29934.0,48.0,73.0,63.0
1742505851.5028827,0.47,0.07,0.11,-22077.0,-8449.0,21817.0,-0.01,-0.01,-0.0,-22005.0,-8427.0,13626.0,11.0,17.0,37.0
1742505851.5150225,0.47,0.07,0.12,-22595.0,-9364.0,5509.0,-0.0,-0.01,-0.0,-22521.0,-9335.0,-2681.0,158.0,137.0,114.0
1742505851.524021,0.47,0.07,0.12,-23113.0,-10276.0,-10796.0,-0.0,-0.01,-0.0,-23041.0,-10236.0,-18986.0,0.0,0.0,0.0
1742505851.5362508,0.47,0.07,0.11,-23635.0,-11142.0,-27105.0,-0.0,-0.01,-0.0,-23563.0,-11111.0,30241.0,0.0,0.0,0.0
1742505851.5442796,0.47,0.07,0.11,-24146.0,-12005.0,22118.0,-0.0,-0.01,-0.0,-24074.0,-11980.0,13927.0,153.0,156.0,103.0
1742505851.5562792,0.47,0.07,0.11,-24648.0,-12859.0,5803.0,-0.01,-0.01,-0.0,-24575.0,-12834.0,-2387.0,0.0,0.0,0.0
1742505851.568559,0.47,0.07,0.11,-25144.0,-13712.0,-10511.0,-0.0,-0.01,-0.0,-25068.0,-13685.0,-18701.0,0.0,0.0,2.0
1742505851.5806856,0.47,0.07,0.11,-25637.0,-14552.0,-26826.0,-0.0,-0.01,-0.0,-25562.0,-14526.0,30520.0,112.0,92.0,94.0
1742505851.593192,0.47,0.07,0.1,-26116.0,-15379.0,22391.0,-0.0,-0.01,-0.0,-26042.0,-15352.0,14200.0,84.0,116.0,124.0
1742505851.60519,0.47,0.07,0.1,-26587.0,-16199.0,6070.0,-0.0,-0.01,-0.0,-26513.0,-16171.0,-2120.0,0.0,26.0,0.0
1742505851.6136897,0.46,0.07,0.1,-27053.0,-17012.0,-10250.0,-0.0,-0.01,-0.0,-26979.0,-16984.0,-18440.0,17.0,11.0,0.0
1742505851.6257062,0.46,0.07,0.1,-27511.0,-17822.0,-26571.0,-0.0,-0.01,-0.0,-27437.0,-17794.0,30775.0,0.0,22.0,44.0
1742505851.6341898,0.46,0.06,0.1,-27963.0,-18626.0,22642.0,-0.0,-0.01,-0.0,-27889.0,-18598.0,14451.0,0.0,0.0,10.0
1742505851.650428,0.46,0.06,0.1,-28406.0,-19426.0,6318.0,-0.0,-0.01,-0.0,-28332.0,-19397.0,-1872.0,0.0,0.0,0.0
1742505851.6589296,0.46,0.06,0.1,-28843.0,-20220.0,-10005.0,-0.0,-0.01,-0.0,-28769.0,-20191.0,-18195.0,68.0,74.0,71.0
1742505851.6709502,0.46,0.06,0.1,-29267.0,-21006.0,-26330.0,-0.0,-0.01,-0.0,-29193.0,-20976.0,31016.0,0.0,0.0,0.0
1742505851.6834319,0.46,0.06,0.1,-29683.0,-21787.0,22879.0,-0.0,-0.01,-0.0,-29609.0,-21757.0,14688.0,0.0,0.0,0.0
1742505851.6954324,0.46,0.06,0.1,-30091.0,-22565.0,6550.0,-0.0,-0.01,-0.0,-30017.0,-22534.0,-1640.0,111.0,125.0,121.0
1742505851.7039332,0.46,0.06,0.1,-30493.0,-23339.0,-9777.0,-0.0,-0.01,-0.0,-30419.0,-23308.0,-17967.0,37.0,0.0,3.0
1742505851.715933,0.46,0.06,0.1,-30888.0,-24108.0,-26106.0,-0.0,-0.01,-0.0,-30814.0,-24077.0,31240.0,0.0,0.0,0.0
1742505851.7244318,0.46,0.06,0.1,-31275.0,-24873.0,23100.0,-0.0,-0.01,-0.0,-31201.0,-24842.0,14909.0,57.0,51.0,91.0
1742505851.7369335,0.46,0.06,0.1,-31655.0,-25634.0,6768.0,-0.0,-0.01,-0.0,-31580.0,-25603.0,-1422.0,0.0,0.0,0.0
1742505851.748572,0.46,0.05,0.1,-32028.0,-26391.0,-9563.0,-0.0,-0.01,-0.0,-31953.0,-26360.0,-17753.0,0.0,0.0,0.0
1742505851.7612076,0.46,0.05,0.1,-32387.0,-27140.0,-25896.0,-0.0,-0.01,-0.0,-32312.0,-27108.0,31450.0,153.0,145.0,151.0
1742505851.7732244,0.46,0.05,0.1,-32739.0,-27885.0,23306.0,-0.0,-0.01,-0.0,-32664.0,-27853.0,15115.0,0.0,0.0,0.0
1742505851.7821212,0.46,0.05,0.09,32451.0,-28625.0,6971.0,-0.0,-0.01,-0.0,32525.0,-28593.0,-1219.0,0.0,0.0,0.0
1742505851.794112,0.46,0.05,0.09,32109.0,-29363.0,-9364.0,-0.0,-0.01,-0.0,32183.0,-29331.0,-17554.0,145.0,159.0,133.0
1742505851.8060014,0.46,0.05,0.09,31775.0,-30097.0,-25699.0,-0.0,-0.01,-0.0,31849.0,-30065.0,31647.0,23.0,8.0,0.0
1742505851.8145013,0.46,0.05,0.09,31447.0,-30827.0,23500.0,-0.0,-0.01,-0.0,31521.0,-30795.0,15309.0,0.0,0.0,0.0
1742505851.8270013,0.46,0.05,0.09,31125.0,-31554.0,7162.0,-0.0,-0.01,-0.0,31200.0,-31521.0,-1028.0,77.0,75.0,104.0
1742505851.8391225,0.46,0.05,0.09,30812.0,-32276.0,-9175.0,-0.0,-0.01,-0.0,30886.0,-32243.0,-17365.0,0.0,0.0,0.0
1742505851.8511555,0.47,0.05,0.09,30511.0,32545.0,-25513.0,-0.0,-0.01,-0.0,30585.0,32578.0,31833.0,0.0,0.0,3.0
1742505851.8632767,0.47,0.04,0.09,30217.0,31833.0,23684.0,-0.0,-0.01,-0.0,30292.0,31866.0,15493.0,108.0,108.0,84.0
1742505851.8717768,0.47,0.04,0.09,29930.0,31124.0,7342.0,-0.0,-0.01,-0.0,30005.0,31157.0,-848.0,0.0,0.0,0.0
1742505851.8839023,0.47,0.04,0.09,29648.0,30419.0,-8998.0,-0.0,-0.01,-0.0,29723.0,30452.0,-17188.0,0.0,0.0,0.0
1742505851.8959024,0.47,0.04,0.09,29373.0,29717.0,-25338.0,-0.0,-0.01,-0.0,29448.0,29750.0,32008.0,128.0,126.0,145.0
1742505851.904469,0.47,0.04,0.09,29104.0,29019.0,23856.0,-0.0,-0.01,-0.0,29179.0,29053.0,15665.0,8.0,0.0,0.0
1742505851.916469,0.47,0.04,0.09,28841.0,28325.0,7512.0,-0.0,-0.01,-0.0,28916.0,28359.0,-678.0,0.0,0.0,0.0
1742505851.928969,0.47,0.04,0.09,28584.0,27635.0,-8831.0,-0.0,-0.01,-0.0,28659.0,27669.0,-17021.0,146.0,131.0,150.0
1742505851.941469,0.47,0.04,0.09,28340.0,26951.0,-25174.0,-0.0,-0.01,-0.0,28415.0,26985.0,32172.0,5.0,18.0,26.0
1742505851.953471,0.47,0.04,0.09,28102.0,26270.0,24017.0,-0.0,-0.01,-0.0,28177.0,26305.0,15826.0,0.0,0.0,7.0
1742505851.9619753,0.47,0.04,0.09,27869.0,25594.0,7670.0,-0.0,-0.01,-0.0,27944.0,25629.0,-520.0,124.0,129.0,82.0
1742505851.9739752,0.47,0.04,0.09,27643.0,24921.0,-8675.0,-0.0,-0.01,-0.0,27718.0,24956.0,-16865.0,0.0,0.0,0.0
1742505851.9824762,0.47,0.04,0.09,27422.0,24252.0,-25020.0,-0.0,-0.01,-0.0,27497.0,24287.0,32326.0,0.0,0.0,0.0
1742505851.9944994,0.47,0.04,0.09,27208.0,23585.0,24169.0,-0.0,-0.01,-0.0,27283.0,23620.0,15978.0,131.0,136.0,124.0
1742505852.0064647,0.47,0.03,0.09,26999.0,22921.0,7821.0,-0.0,-0.01,-0.0,27074.0,22957.0,-369.0,7.0,0.0,0.0
1742505852.0152495,0.47,0.03,0.08,26795.0,22262.0,-8526.0,-0.0,-0.01,-0.0,26870.0,22298.0,-16716.0,0.0,0.0,0.0
1742505852.027751,0.47,0.03,0.08,26597.0,21605.0,-24874.0,-0.0,-0.01,-0.0,26672.0,21641.0,32472.0,139.0,131.0,119.0
1742505852.0437486,0.47,0.03,0.08,26411.0,20955.0,24313.0,-0.0,-0.01,-0.0,26486.0,20991.0,16122.0,43.0,48.0,76.0
1742505852.0517504,0.47,0.03,0.08,26230.0,20308.0,7962.0,-0.0,-0.01,-0.0,26305.0,20344.0,-228.0,0.0,12.0,0.0
1742505852.064259,0.47,0.03,0.08,26055.0,19664.0,-8387.0,-0.0,-0.01,-0.0,26130.0,19701.0,-16577.0,106.0,86.0,92.0
1742505852.07226,0.47,0.03,0.08,25885.0,19024.0,-24737.0,-0.0,-0.01,-0.0,25960.0,19061.0,32609.0,0.0,0.0,0.0
1742505852.0847595,0.47,0.03,0.08,25720.0,18387.0,24448.0,-0.0,-0.01,-0.0,25795.0,18424.0,16257.0,0.0,0.0,0.0
1742505852.0967584,0.47,0.03,0.08,25561.0,17753.0,8096.0,-0.0,-0.01,-0.0,25636.0,17790.0,-94.0,107.0,158.0,112.0
1742505852.1052592,0.47,0.03,0.08,25407.0,17122.0,-8255.0,-0.0,-0.01,-0.0,25482.0,17159.0,-16445.0,0.0,0.0,0.0
1742505852.1176403,0.47,0.03,0.08,25259.0,16494.0,-24606.0,-0.0,-0.01,-0.0,25334.0,16532.0,32740.0,0.0,0.0,0.0
1742505852.13014,0.47,0.03,0.08,25122.0,15872.0,24578.0,-0.0,-0.01,-0.0,25197.0,15910.0,16387.0,0.0,0.0,0.0
1742505852.1424024,0.47,0.03,0.08,24990.0,15253.0,8223.0,-0.0,-0.01,-0.0,25065.0,15291.0,32.0,25.0,41.0,55.0
1742505852.1544027,0.47,0.02,0.08,24864.0,14638.0,-8131.0,-0.0,-0.01,-0.0,24939.0,14677.0,-16321.0,0.0,12.0,0.0
1742505852.162892,0.47,0.02,0.08,24743.0,14026.0,-24484.0,-0.0,-0.01,-0.0,24817.0,14065.0,-32674.0,96.0,108.0,90.0
1742505852.1748896,0.47,0.02,0.08,24626.0,13417.0,24698.0,-0.0,-0.01,-0.0,24700.0,13456.0,16507.0,0.0,0.0,0.0
1742505852.1829667,0.47,0.02,0.08,24514.0,12810.0,8342.0,-0.0,-0.01,-0.0,24588.0,12849.0,151.0,0.0,0.0,0.0
1742505852.1956549,0.47,0.02,0.08,24407.0,12207.0,-8013.0,-0.0,-0.01,-0.0,24482.0,12246.0,-16203.0,119.0,139.0,132.0
1742505852.2071548,0.47,0.02,0.08,24306.0,11606.0,-24367.0,-0.0,-0.01,-0.0,24381.0,11645.0,-32557.0,0.0,0.0,0.0
1742505852.2196558,0.47,0.02,0.08,24211.0,11008.0,24815.0,-0.0,-0.01,-0.0,24286.0,11048.0,16624.0,0.0,0.0,0.0
1742505852.2318084,0.47,0.02,0.08,24125.0,10416.0,8457.0,-0.0,-0.01,-0.0,24200.0,10456.0,266.0,0.0,0.0,0.0
1742505852.2404299,0.47,0.02,0.08,24044.0,9827.0,-7900.0,-0.0,-0.01,-0.0,24119.0,9867.0,-16090.0,22.0,22.0,48.0
1742505852.2525942,0.47,0.02,0.08,23968.0,9241.0,-24256.0,-0.0,-0.01,-0.01,24043.0,9282.0,-32446.0,0.0,0.0,0.0
1742505852.2644253,0.47,0.02,0.08,23896.0,8658.0,24924.0,-0.0,-0.01,-0.01,23971.0,8699.0,16733.0,97.0,87.0,102.0
1742505852.2729266,0.47,0.02,0.08,23830.0,8078.0,8565.0,-0.0,-0.01,-0.01,23905.0,8119.0,374.0,0.0,0.0,0.0
1742505852.2849264,0.47,0.02,0.08,23768.0,7500.0,-7793.0,-0.0,-0.01,-0.01,23843.0,7541.0,-15983.0,0.0,0.0,0.0
1742505852.2939682,0.47,0.02,0.08,23711.0,6925.0,-24150.0,-0.0,-0.01,-0.01,23786.0,6966.0,-32340.0,149.0,147.0,143.0
1742505852.3056395,0.47,0.02,0.07,23659.0,6353.0,25029.0,-0.0,-0.01,-0.01,23733.0,6394.0,16838.0,0.0,0.0,0.0
1742505852.3141255,0.47,0.01,0.07,23611.0,5783.0,8670.0,-0.0,-0.01,-0.01,23686.0,5825.0,479.0,0.0,0.0,0.0
1742505852.3301241,0.47,0.01,0.07,23569.0,5216.0,-7688.0,-0.0,-0.01,-0.01,23644.0,5258.0,-15878.0,136.0,125.0,149.0
1742505852.3427143,0.47,0.01,0.07,23536.0,4654.0,-24046.0,-0.0,-0.01,-0.01,23610.0,4696.0,-32236.0,0.0,10.0,35.0
1742505852.351241,0.47,0.01,0.07,23506.0,4095.0,25132.0,-0.0,-0.01,-0.01,23580.0,4137.0,16941.0,0.0,0.0,0.0
1742505852.3632483,0.47,0.01,0.07,23480.0,3538.0,8771.0,-0.0,-0.01,-0.01,23555.0,3580.0,580.0,169.0,101.0,94.0
1742505852.3717449,0.47,0.01,0.07,23459.0,2984.0,-7589.0,-0.0,-0.01,-0.01,23534.0,3026.0,-15779.0,0.0,0.0,0.0
1742505852.3837185,0.47,0.01,0.07,23443.0,2432.0,-23948.0,-0.0,-0.01,-0.01,23518.0,2474.0,-32138.0,0.0,0.0,0.0
1742505852.395819,0.47,0.01,0.07,23432.0,1883.0,25228.0,-0.0,-0.01,-0.01,23507.0,1926.0,17037.0,135.0,157.0,140.0
1742505852.40382,0.47,0.01,0.07,23424.0,1337.0,8866.0,-0.0,-0.01,-0.01,23499.0,1380.0,675.0,0.0,0.0,0.0
1742505852.4163027,0.47,0.01,0.07,23421.0,794.0,-7495.0,-0.0,-0.01,-0.01,23496.0,837.0,-15685.0,0.0,0.0,0.0
1742505852.4248025,0.47,0.01,0.07,23422.0,253.0,-23855.0,-0.0,-0.01,-0.01,23497.0,296.0,-32045.0,64.0,78.0,80.0
1742505852.4373024,0.47,0.01,0.07,23428.0,-285.0,25321.0,-0.0,-0.01,-0.01,23503.0,-241.0,17130.0,22.0,5.0,0.0
1742505852.4494517,0.47,0.01,0.07,23442.0,-817.0,8959.0,-0.0,-0.01,-0.01,23517.0,-773.0,768.0,0.0,0.0,0.0
1742505852.4614582,0.47,0.01,0.07,23461.0,-1347.0,-7403.0,-0.0,-0.01,-0.01,23536.0,-1302.0,-15593.0,125.0,132.0,171.0
1742505852.4734578,0.47,0.01,0.07,23483.0,-1874.0,-23764.0,-0.0,-0.01,-0.01,23558.0,-1829.0,-31954.0,0.0,0.0,0.0
1742505852.4819589,0.47,0.01,0.07,23510.0,-2398.0,25411.0,-0.0,-0.01,-0.01,23585.0,-2353.0,17220.0,0.0,0.0,0.0
1742505852.493973,0.47,0.01,0.07,23540.0,-2920.0,9048.0,-0.0,-0.01,-0.01,23615.0,-2875.0,857.0,128.0,121.0,120.0
1742505852.5024576,0.47,0.0,0.07,23575.0,-3440.0,-7314.0,-0.0,-0.01,-0.01,23650.0,-3395.0,-15504.0,0.0,0.0,0.0
1742505852.5144587,0.47,0.0,0.07,23614.0,-3958.0,-23675.0,-0.0,-0.01,-0.01,23689.0,-3913.0,-31865.0,1.0,0.0,0.0
1742505852.5234575,0.47,0.0,0.07,23656.0,-4473.0,25500.0,-0.0,-0.01,-0.01,23731.0,-4428.0,17309.0,0.0,16.0,29.0
1742505852.5349736,0.47,0.0,0.07,23703.0,-4986.0,9136.0,-0.0,-0.01,-0.01,23778.0,-4940.0,945.0,0.0,0.0,0.0
1742505852.5469778,0.47,0.0,0.07,23753.0,-5496.0,-7227.0,-0.0,-0.01,-0.01,23828.0,-5450.0,-15417.0,0.0,0.0,0.0
1742505852.5598326,0.47,0.0,0.07,23810.0,-6001.0,-23590.0,-0.0,-0.01,-0.01,23885.0,-5955.0,-31780.0,173.0,127.0,110.0
1742505852.5718346,0.47,0.0,0.07,23871.0,-6504.0,25583.0,-0.0,-0.01,-0.01,23946.0,-6458.0,17392.0,0.0,0.0,0.0
1742505852.5808349,0.47,0.0,0.07,23936.0,-7005.0,9218.0,-0.0,-0.01,-0.01,24011.0,-6959.0,1027.0,0.0,0.0,0.0
1742505852.5928364,0.47,0.0,0.07,24004.0,-7505.0,-7146.0,-0.0,-0.01,-0.01,24079.0,-7458.0,-15336.0,98.0,86.0,147.0
1742505852.6048357,0.47,0.0,0.07,24077.0,-8001.0,-23509.0,-0.0,-0.01,-0.01,24152.0,-7954.0,-31699.0,26.0,0.0,0.0
1742505852.6133354,0.47,-0.0,0.07,24154.0,-8496.0,25664.0,-0.0,-0.01,-0.01,24229.0,-8449.0,17473.0,73.0,16.0,17.0
1742505852.6253347,0.47,-0.0,0.07,24234.0,-8989.0,9298.0,-0.0,-0.01,-0.01,24309.0,-8942.0,1107.0,0.0,0.0,18.0
1742505852.633836,0.47,-0.0,0.07,24318.0,-9480.0,-7067.0,-0.0,-0.01,-0.01,24393.0,-9433.0,-15257.0,0.0,0.0,0.0
1742505852.6494334,0.47,-0.0,0.07,24406.0,-9969.0,-23431.0,-0.0,-0.01,-0.01,24481.0,-9922.0,-31621.0,0.0,0.0,0.0
1742505852.662425,0.47,-0.0,0.07,24501.0,-10454.0,25741.0,-0.0,-0.01,-0.01,24576.0,-10406.0,17550.0,150.0,160.0,135.0
1742505852.6704252,0.47,-0.0,0.06,24599.0,-10935.0,9375.0,-0.0,-0.01,-0.01,24674.0,-10887.0,1184.0,10.0,0.0,0.0
1742505852.6829243,0.47,-0.0,0.06,24701.0,-11414.0,-6990.0,-0.0,-0.01,-0.01,24776.0,-11366.0,-15180.0,0.0,0.0,0.0
1742505852.6949248,0.47,-0.0,0.06,24807.0,-11892.0,-23354.0,-0.0,-0.01,-0.01,24882.0,-11844.0,-31544.0,75.0,160.0,152.0
1742505852.7030141,0.47,-0.0,0.06,24916.0,-12367.0,25818.0,-0.0,-0.01,-0.01,24991.0,-12319.0,17627.0,16.0,0.0,6.0
1742505852.715507,0.47,-0.0,0.06,25028.0,-12841.0,9451.0,-0.0,-0.01,-0.01,25103.0,-12793.0,1260.0,7.0,0.0,0.0
1742505852.723616,0.47,-0.01,0.06,25144.0,-13313.0,-6915.0,-0.0,-0.01,-0.01,25219.0,-13264.0,-15105.0,0.0,18.0,46.0
1742505852.7399964,0.47,-0.01,0.06,25263.0,-13782.0,-23280.0,-0.0,-0.01,-0.01,25338.0,-13733.0,-31470.0,34.0,0.0,12.0
1742505852.7519994,0.47,-0.01,0.06,25389.0,-14248.0,25891.0,-0.0,-0.01,-0.01,25464.0,-14199.0,17700.0,0.0,0.0,0.0
1742505852.7605042,0.47,-0.01,0.06,25519.0,-14713.0,9524.0,-0.0,-0.01,-0.01,25594.0,-14663.0,1333.0,160.0,137.0,123.0
1742505852.7725024,0.47,-0.01,0.06,25652.0,-15175.0,-6842.0,-0.0,-0.01,-0.01,25727.0,-15125.0,-15032.0,18.0,0.0,0.0
1742505852.7850027,0.47,-0.01,0.06,25789.0,-15635.0,-23207.0,-0.0,-0.01,-0.01,25864.0,-15585.0,-31397.0,0.0,0.0,0.0
1742505852.7935035,0.47,-0.01,0.06,25929.0,-16093.0,25964.0,-0.0,-0.01,-0.01,26004.0,-16043.0,17773.0,121.0,129.0,150.0
1742505852.805504,0.47,-0.01,0.06,26072.0,-16549.0,9597.0,-0.0,-0.01,-0.01,26147.0,-16499.0,1406.0,15.0,0.0,0.0
1742505852.8140035,0.47,-0.01,0.06,26219.0,-17003.0,-6769.0,-0.0,-0.01,-0.01,26294.0,-16953.0,-14959.0,0.0,0.0,0.0
1742505852.830004,0.47,-0.01,0.06,26369.0,-17456.0,-23134.0,-0.0,-0.01,-0.01,26444.0,-17406.0,-31324.0,165.0,150.0,155.0
1742505852.8430028,0.47,-0.01,0.06,26526.0,-17905.0,26036.0,-0.0,-0.01,-0.01,26601.0,-17855.0,17845.0,7.0,0.0,31.0
1742505852.8505046,0.47,-0.01,0.06,26686.0,-18352.0,9668.0,-0.0,-0.01,-0.01,26761.0,-18302.0,1477.0,18.0,44.0,0.0
1742505852.8630097,0.47,-0.01,0.06,26849.0,-18797.0,-6699.0,-0.0,-0.01,-0.01,26924.0,-18747.0,-14889.0,155.0,99.0,125.0
1742505852.8750088,0.47,-0.01,0.06,27015.0,-19241.0,-23065.0,-0.0,-0.01,-0.01,27090.0,-19191.0,-31255.0,5.0,0.0,0.0
1742505852.8835082,0.47,-0.01,0.06,27184.0,-19683.0,26105.0,-0.0,-0.01,-0.01,27259.0,-19632.0,17914.0,0.0,0.0,0.0
1742505852.8955169,0.47,-0.01,0.06,27356.0,-20122.0,9737.0,-0.0,-0.01,-0.01,27431.0,-20071.0,1546.0,165.0,138.0,120.0
1742505852.9080865,0.47,-0.01,0.06,27531.0,-20560.0,-6630.0,-0.0,-0.01,-0.01,27606.0,-20509.0,-14820.0,0.0,28.0,25.0
1742505852.9200885,0.47,-0.01,0.06,27713.0,-20995.0,-22996.0,-0.0,-0.01,-0.01,27788.0,-20944.0,-31186.0,14.0,19.0,0.0
1742505852.9325867,0.47,-0.01,0.06,27897.0,-21428.0,26174.0,-0.0,-0.01,-0.01,27972.0,-21377.0,17983.0,0.0,0.0,0.0
1742505852.9406953,0.47,-0.01,0.06,28084.0,-21859.0,9806.0,-0.0,-0.01,-0.01,28159.0,-21808.0,1615.0,106.0,91.0,99.0
1742505852.9527135,0.47,-0.01,0.06,28275.0,-22288.0,-6561.0,-0.0,-0.01,-0.01,28350.0,-22237.0,-14751.0,0.0,0.0,25.0
1742505852.965253,0.47,-0.01,0.06,28468.0,-22716.0,-22928.0,-0.0,-0.01,-0.01,28544.0,-22665.0,-31118.0,56.0,84.0,69.0
1742505852.9737475,0.47,-0.01,0.06,28665.0,-23142.0,26241.0,-0.0,-0.01,-0.01,28741.0,-23091.0,18050.0,0.0,5.0,18.0
1742505852.9857478,0.47,-0.02,0.06,28865.0,-23566.0,9872.0,-0.0,-0.01,-0.01,28941.0,-23515.0,1681.0,25.0,8.0,15.0
1742505852.99809,0.47,-0.02,0.06,29067.0,-23989.0,-6496.0,-0.0,-0.01,-0.01,29142.0,-23938.0,-14686.0,0.0,0.0,0.0
1742505853.0105894,0.47,-0.02,0.06,29274.0,-24409.0,-22863.0,-0.0,-0.01,-0.01,29349.0,-24358.0,-31053.0,183.0,158.0,173.0
1742505853.0225897,0.47,-0.02,0.06,29484.0,-24828.0,26306.0,-0.0,-0.01,-0.01,29559.0,-24777.0,18115.0,38.0,12.0,0.0
1742505853.03109,0.47,-0.02,0.06,29697.0,-25245.0,9937.0,-0.0,-0.01,-0.01,29772.0,-25194.0,1746.0,0.0,0.0,0.0
1742505853.043092,0.47,-0.02,0.06,29913.0,-25660.0,-6431.0,-0.0,-0.01,-0.01,29988.0,-25608.0,-14621.0,146.0,184.0,124.0
1742505853.0556157,0.47,-0.02,0.06,30132.0,-26072.0,-22798.0,-0.0,-0.01,-0.01,30207.0,-26020.0,-30988.0,90.0,41.0,26.0
1742505853.0636456,0.47,-0.02,0.06,30353.0,-26483.0,26371.0,-0.0,-0.01,-0.01,30428.0,-26431.0,18180.0,0.0,0.0,0.0
1742505853.0796227,0.47,-0.02,0.06,30577.0,-26893.0,10002.0,-0.0,-0.01,-0.01,30652.0,-26841.0,1811.0,127.0,109.0,161.0
1742505853.092123,0.47,-0.02,0.06,30807.0,-27300.0,-6366.0,-0.0,-0.01,-0.01,30882.0,-27248.0,-14556.0,0.0,0.0,7.0
1742505853.1006231,0.47,-0.02,0.06,31039.0,-27705.0,-22733.0,-0.0,-0.01,-0.01,31114.0,-27653.0,-30923.0,17.0,16.0,0.0
1742505853.1126597,0.47,-0.02,0.06,31273.0,-28109.0,26436.0,-0.0,-0.01,-0.01,31348.0,-28057.0,18245.0,169.0,127.0,125.0
1742505853.1246598,0.47,-0.02,0.06,31510.0,-28511.0,10067.0,-0.0,-0.01,-0.01,31585.0,-28459.0,1876.0,0.0,0.0,0.0
1742505853.1331613,0.47,-0.02,0.06,31750.0,-28912.0,-6301.0,-0.0,-0.01,-0.01,31825.0,-28860.0,-14491.0,0.0,0.0,0.0
1742505853.1456652,0.47,-0.02,0.06,31992.0,-29312.0,-22667.0,-0.0,-0.01,-0.01,32067.0,-29260.0,-30857.0,136.0,152.0,135.0
1742505853.157817,0.47,-0.02,0.06,32236.0,-29710.0,26503.0,-0.0,-0.01,-0.01,32311.0,-29658.0,18312.0,0.0,0.0,42.0
1742505853.170322,0.47,-0.02,0.05,32486.0,-30105.0,10134.0,-0.0,-0.01,-0.01,32561.0,-30053.0,1943.0,0.0,44.0,0.0
1742505853.182323,0.47,-0.02,0.05,32738.0,-30498.0,-6234.0,-0.0,-0.01,-0.01,-32723.0,-30446.0,-14424.0,0.0,0.0,0.0
1742505853.190941,0.47,-0.02,0.05,-32542.0,-30890.0,-22601.0,-0.0,-0.01,-0.01,-32466.0,-30838.0,-30791.0,88.0,59.0,118.0
1742505853.2029405,0.47,-0.02,0.05,-32283.0,-31281.0,26568.0,-0.0,-0.01,-0.01,-32207.0,-31229.0,18377.0,8.0,14.0,0.0
1742505853.214941,0.47,-0.02,0.05,-32021.0,-31670.0,10199.0,-0.0,-0.01,-0.01,-31945.0,-31618.0,2008.0,120.0,43.0,39.0
1742505853.2234435,0.47,-0.02,0.05,-31757.0,-32059.0,-6169.0,-0.0,-0.01,-0.01,-31681.0,-32006.0,-14359.0,0.0,0.0,16.0
1742505853.235754,0.47,-0.02,0.05,-31491.0,-32445.0,-22536.0,-0.0,-0.01,-0.01,-31415.0,-32392.0,-30726.0,18.0,0.0,0.0
1742505853.2477567,0.47,-0.02,0.05,-31222.0,32707.0,26633.0,-0.0,-0.01,-0.01,-31146.0,32759.0,18442.0,0.0,0.0,0.0
1742505853.260277,0.47,-0.02,0.05,-30948.0,32323.0,10264.0,-0.0,-0.01,-0.01,-30872.0,32375.0,2073.0,194.0,148.0,145.0
1742505853.2723978,0.47,-0.02,0.05,-30672.0,31940.0,-6104.0,-0.0,-0.01,-0.01,-30596.0,31992.0,-14294.0,34.0,0.0,11.0
1742505853.2808979,0.47,-0.02,0.05,-30394.0,31559.0,-22471.0,-0.0,-0.01,-0.01,-30318.0,31611.0,-30661.0,0.0,0.0,0.0
1742505853.2928977,0.47,-0.02,0.05,-30113.0,31178.0,26698.0,-0.0,-0.01,-0.01,-30037.0,31230.0,18507.0,154.0,152.0,132.0
1742505853.3048978,0.47,-0.03,0.05,-29830.0,30799.0,10329.0,-0.0,-0.01,-0.01,-29754.0,30852.0,2138.0,14.0,59.0,27.0
1742505853.3133984,0.47,-0.03,0.05,-29545.0,30423.0,-6039.0,-0.0,-0.01,-0.01,-29469.0,30476.0,-14229.0,11.0,0.0,0.0
1742505853.3298976,0.47,-0.03,0.05,-29258.0,30048.0,-22406.0,-0.0,-0.01,-0.01,-29182.0,30101.0,-30596.0,116.0,152.0,135.0
1742505853.341898,0.47,-0.03,0.05,-28966.0,29675.0,26763.0,-0.0,-0.01,-0.01,-28890.0,29728.0,18572.0,0.0,0.0,18.0
1742505853.3502216,0.47,-0.03,0.05,-28671.0,29303.0,10394.0,-0.0,-0.01,-0.01,-28595.0,29356.0,2203.0,0.0,0.0,0.0
1742505853.3626819,0.47,-0.03,0.05,-28375.0,28932.0,-5974.0,-0.0,-0.01,-0.01,-28299.0,28985.0,-14164.0,162.0,189.0,156.0
1742505853.3746817,0.47,-0.03,0.05,-28076.0,28562.0,-22341.0,-0.0,-0.01,-0.01,-28000.0,28615.0,-30531.0,0.0,0.0,0.0
1742505853.383181,0.47,-0.03,0.05,-27775.0,28193.0,26828.0,-0.0,-0.01,-0.01,-27699.0,28246.0,18637.0,0.0,0.0,0.0
1742505853.395193,0.47,-0.03,0.05,-27472.0,27826.0,10459.0,-0.0,-0.01,-0.01,-27396.0,27879.0,2268.0,219.0,142.0,177.0
1742505853.4076815,0.47,-0.03,0.05,-27167.0,27460.0,-5909.0,-0.0,-0.01,-0.01,-27091.0,27513.0,-14099.0,0.0,11.0,10.0
1742505853.4201818,0.47,-0.03,0.05,-26858.0,27096.0,-22277.0,-0.0,-0.01,-0.01,-26782.0,27149.0,-30467.0,25.0,8.0,54.0
1742505853.4316843,0.47,-0.03,0.05,-26547.0,26733.0,26891.0,-0.0,-0.01,-0.01,-26471.0,26786.0,18700.0,0.0,0.0,0.0
1742505853.440358,0.47,-0.03,0.05,-26233.0,26372.0,10521.0,-0.0,-0.01,-0.01,-26157.0,26425.0,2330.0,12.0,38.0,105.0
1742505853.4526577,0.47,-0.03,0.05,-25917.0,26011.0,-5848.0,-0.0,-0.01,-0.01,-25841.0,26064.0,-14038.0,41.0,0.0,0.0
1742505853.4648483,0.47,-0.03,0.05,-25600.0,25651.0,-22216.0,-0.0,-0.01,-0.01,-25524.0,25704.0,-30406.0,87.0,111.0,71.0
1742505853.4736438,0.47,-0.03,0.05,-25280.0,25293.0,26952.0,-0.0,-0.01,-0.01,-25204.0,25346.0,18761.0,0.0,0.0,0.0
1742505853.4851305,0.47,-0.03,0.05,-24958.0,24936.0,10582.0,-0.0,-0.01,-0.01,-24882.0,24989.0,2391.0,0.0,1.0,0.0
1742505853.4976277,0.47,-0.03,0.05,-24634.0,24580.0,-5786.0,-0.0,-0.01,-0.01,-24558.0,24634.0,-13976.0,68.0,0.0,21.0
1742505853.510133,0.47,-0.03,0.05,-24306.0,24226.0,-22153.0,-0.0,-0.01,-0.01,-24230.0,24280.0,-30343.0,132.0,126.0,163.0
1742505853.5221405,0.47,-0.03,0.05,-23976.0,23874.0,27016.0,-0.0,-0.01,-0.01,-23900.0,23928.0,18825.0,7.0,21.0,10.0
1742505853.5306287,0.47,-0.03,0.05,-23644.0,23523.0,10647.0,-0.0,-0.01,-0.01,-23568.0,23577.0,2456.0,6.0,0.0,0.0
1742505853.5427163,0.47,-0.03,0.05,-23310.0,23173.0,-5721.0,-0.0,-0.01,-0.01,-23234.0,23227.0,-13911.0,110.0,108.0,159.0
1742505853.5551627,0.47,-0.03,0.05,-22974.0,22824.0,-22088.0,-0.0,-0.01,-0.01,-22898.0,22878.0,-30278.0,39.0,0.0,55.0
1742505853.563277,0.47,-0.03,0.05,-22637.0,22476.0,27081.0,-0.0,-0.01,-0.01,-22560.0,22530.0,18890.0,23.0,44.0,0.0
1742505853.5756147,0.47,-0.03,0.05,-22297.0,22129.0,10712.0,-0.0,-0.01,-0.01,-22220.0,22183.0,2521.0,157.0,196.0,138.0
1742505853.591769,0.47,-0.03,0.05,-21952.0,21784.0,-5656.0,-0.0,-0.01,-0.01,-21875.0,21838.0,-13846.0,0.0,0.0,0.0
1742505853.6002471,0.47,-0.03,0.05,-21605.0,21440.0,-22023.0,-0.0,-0.01,-0.01,-21528.0,21494.0,-30213.0,0.0,0.0,0.0
1742505853.6124468,0.47,-0.03,0.05,-21257.0,21097.0,27146.0,-0.0,-0.01,-0.01,-21180.0,21151.0,18955.0,121.0,139.0,158.0
1742505853.6208775,0.47,-0.03,0.05,-20907.0,20754.0,10777.0,-0.0,-0.01,-0.01,-20830.0,20808.0,2586.0,0.0,0.0,0.0
1742505853.633083,0.47,-0.03,0.05,-20555.0,20413.0,-5591.0,-0.0,-0.01,-0.01,-20478.0,20468.0,-13781.0,0.0,0.0,0.0
1742505853.6450849,0.47,-0.03,0.05,-20201.0,20073.0,-21958.0,-0.0,-0.01,-0.01,-20124.0,20128.0,-30148.0,167.0,178.0,173.0
1742505853.6577508,0.47,-0.03,0.05,-19845.0,19735.0,27211.0,-0.0,-0.01,-0.01,-19768.0,19790.0,19020.0,0.0,0.0,0.0
1742505853.6699207,0.47,-0.03,0.05,-19486.0,19399.0,10842.0,-0.0,-0.01,-0.01,-19409.0,19454.0,2651.0,41.0,12.0,40.0
1742505853.6819944,0.47,-0.03,0.05,-19126.0,19064.0,-5526.0,-0.0,-0.01,-0.01,-19049.0,19119.0,-13716.0,73.0,49.0,14.0
1742505853.6903076,0.47,-0.03,0.05,-18764.0,18729.0,-21893.0,-0.0,-0.01,-0.01,-18687.0,18784.0,-30083.0,21.0,0.0,71.0
1742505853.7023082,0.47,-0.03,0.05,-18400.0,18396.0,27276.0,-0.0,-0.01,-0.01,-18323.0,18451.0,19085.0,23.0,8.0,38.0
1742505853.7144878,0.47,-0.04,0.05,-18034.0,18063.0,10907.0,-0.0,-0.01,-0.01,-17957.0,18118.0,2716.0,150.0,132.0,97.0
1742505853.7229857,0.47,-0.04,0.05,-17666.0,17732.0,-5461.0,-0.0,-0.01,-0.01,-17589.0,17787.0,-13651.0,0.0,0.0,0.0
1742505853.7352533,0.47,-0.04,0.05,-17297.0,17402.0,-21828.0,-0.0,-0.01,-0.01,-17220.0,17457.0,-30018.0,0.0,0.0,0.0
1742505853.7478597,0.47,-0.04,0.05,-16926.0,17073.0,27341.0,-0.0,-0.01,-0.01,-16849.0,17128.0,19150.0,86.0,54.0,19.0
1742505853.759923,0.47,-0.04,0.05,-16552.0,16745.0,10972.0,-0.0,-0.01,-0.01,-16475.0,16800.0,2781.0,186.0,200.0,183.0
1742505853.7719283,0.47,-0.04,0.05,-16176.0,16419.0,-5395.0,-0.0,-0.01,-0.01,-16099.0,16474.0,-13585.0,36.0,18.0,0.0
1742505853.780429,0.47,-0.04,0.05,-15798.0,16093.0,-21761.0,-0.0,-0.01,-0.01,-15721.0,16148.0,-29951.0,0.0,0.0,0.0
1742505853.792929,0.47,-0.04,0.05,-15419.0,15769.0,27409.0,-0.0,-0.01,-0.01,-15342.0,15824.0,19218.0,96.0,133.0,131.0
1742505853.8045588,0.47,-0.04,0.05,-15038.0,15445.0,11041.0,-0.0,-0.01,-0.01,-14961.0,15500.0,2850.0,3.0,36.0,8.0
1742505853.8131602,0.47,-0.04,0.05,-14656.0,15122.0,-5326.0,-0.0,-0.01,-0.01,-14579.0,15177.0,-13516.0,84.0,34.0,19.0
1742505853.8256605,0.47,-0.04,0.05,-14272.0,14800.0,-21692.0,-0.0,-0.01,-0.01,-14195.0,14855.0,-29882.0,192.0,167.0,155.0
1742505853.841663,0.47,-0.04,0.05,-13884.0,14480.0,27478.0,-0.0,-0.01,-0.01,-13807.0,14535.0,19287.0,18.0,0.0,0.0
1742505853.8498316,0.47,-0.04,0.05,-13496.0,14160.0,11110.0,-0.0,-0.01,-0.01,-13419.0,14215.0,2919.0,0.0,0.0,0.0
1742505853.8620253,0.47,-0.04,0.05,-13106.0,13841.0,-5257.0,-0.0,-0.01,-0.01,-13029.0,13896.0,-13447.0,139.0,114.0,111.0
1742505853.8709104,0.47,-0.04,0.05,-12714.0,13523.0,-21623.0,-0.0,-0.01,-0.01,-12637.0,13578.0,-29813.0,21.0,0.0,0.0
1742505853.8826241,0.47,-0.04,0.05,-12321.0,13206.0,27547.0,-0.0,-0.01,-0.01,-12244.0,13261.0,19356.0,0.0,0.0,0.0
1742505853.894929,0.47,-0.04,0.05,-11926.0,12890.0,11179.0,-0.0,-0.01,-0.01,-11849.0,12945.0,2988.0,143.0,173.0,165.0
1742505853.9033883,0.47,-0.04,0.05,-11529.0,12575.0,-5188.0,-0.0,-0.01,-0.01,-11451.0,12630.0,-13378.0,18.0,2.0,18.0
1742505853.9160187,0.47,-0.04,0.05,-11129.0,12261.0,-21555.0,-0.0,-0.01,-0.01,-11051.0,12316.0,-29745.0,0.0,0.0,0.0
1742505853.9320188,0.47,-0.04,0.04,-10727.0,11948.0,27614.0,-0.0,-0.01,-0.01,-10649.0,12003.0,19423.0,69.0,39.0,19.0
1742505853.940153,0.47,-0.04,0.04,-10324.0,11635.0,11245.0,-0.0,-0.01,-0.01,-10247.0,11690.0,3054.0,6.0,30.0,43.0
1742505853.952649,0.47,-0.04,0.04,-9920.0,11324.0,-5123.0,-0.0,-0.01,-0.01,-9842.0,11379.0,-13313.0,0.0,2.0,1.0
1742505853.960192,0.47,-0.04,0.04,-9513.0,11013.0,-21490.0,-0.0,-0.01,-0.01,-9435.0,11068.0,-29680.0,98.0,155.0,149.0
1742505853.9729543,0.47,-0.04,0.04,-9105.0,10704.0,27679.0,-0.0,-0.01,-0.01,-9027.0,10759.0,19488.0,0.0,0.0,0.0
1742505853.9809558,0.47,-0.04,0.04,-8695.0,10395.0,11310.0,-0.0,-0.01,-0.01,-8617.0,10450.0,3119.0,0.0,0.0,0.0
1742505853.993603,0.47,-0.04,0.04,-8285.0,10086.0,-5058.0,-0.0,-0.01,-0.01,-8207.0,10141.0,-13248.0,144.0,179.0,163.0
1742505854.0060992,0.47,-0.04,0.04,-7873.0,9779.0,-21425.0,-0.0,-0.01,-0.01,-7795.0,9834.0,-29615.0,0.0,0.0,0.0
1742505854.0182598,0.47,-0.04,0.04,-7458.0,9473.0,27744.0,-0.0,-0.01,-0.01,-7380.0,9528.0,19553.0,44.0,35.0,15.0
1742505854.029935,0.47,-0.04,0.04,-7042.0,9168.0,11375.0,-0.0,-0.01,-0.01,-6964.0,9223.0,3184.0,63.0,80.0,68.0
1742505854.0420477,0.47,-0.04,0.04,-6624.0,8863.0,-4993.0,-0.0,-0.01,-0.01,-6546.0,8918.0,-13183.0,0.0,0.0,0.0
1742505854.0510225,0.47,-0.04,0.04,-6205.0,8559.0,-21359.0,-0.0,-0.01,-0.01,-6127.0,8614.0,-29549.0,42.0,4.0,2.0
1742505854.0630875,0.47,-0.04,0.04,-5785.0,8256.0,27811.0,-0.0,-0.01,-0.01,-5707.0,8311.0,19620.0,150.0,154.0,126.0
1742505854.0710862,0.47,-0.04,0.04,-5363.0,7953.0,11443.0,-0.0,-0.01,-0.01,-5285.0,8008.0,3252.0,33.0,30.0,0.0
1742505854.0831242,0.47,-0.04,0.04,-4940.0,7651.0,-4924.0,-0.0,-0.01,-0.01,-4862.0,7706.0,-13114.0,0.0,0.0,0.0
1742505854.0921087,0.47,-0.04,0.04,-4515.0,7350.0,-21290.0,-0.0,-0.01,-0.01,-4437.0,7405.0,-29480.0,122.0,132.0,127.0
1742505854.103913,0.47,-0.04,0.04,-4089.0,7049.0,27880.0,-0.0,-0.01,-0.01,-4011.0,7104.0,19689.0,1.0,3.0,0.0
1742505854.1160462,0.47,-0.04,0.04,-3662.0,6749.0,11512.0,-0.0,-0.01,-0.01,-3584.0,6804.0,3321.0,0.0,0.0,0.0
1742505854.1285458,0.47,-0.04,0.04,-3232.0,6450.0,-4855.0,-0.0,-0.01,-0.01,-3154.0,6505.0,-13045.0,111.0,155.0,143.0
1742505854.1405456,0.47,-0.04,0.04,-2801.0,6152.0,-21221.0,-0.0,-0.01,-0.01,-2723.0,6207.0,-29411.0,0.0,0.0,0.0
1742505854.149049,0.47,-0.04,0.04,-2369.0,5855.0,27949.0,-0.0,-0.01,-0.01,-2291.0,5910.0,19758.0,0.0,0.0,0.0
1742505854.16105,0.47,-0.04,0.04,-1936.0,5558.0,11581.0,-0.0,-0.01,-0.01,-1858.0,5613.0,3390.0,179.0,124.0,114.0
1742505854.1695561,0.47,-0.04,0.04,-1501.0,5262.0,-4786.0,-0.0,-0.01,-0.01,-1423.0,5317.0,-12976.0,17.0,4.0,12.0
1742505854.1815565,0.47,-0.04,0.04,-1065.0,4967.0,-21152.0,-0.0,-0.01,-0.01,-987.0,5023.0,-29342.0,0.0,0.0,0.0
1742505854.1935582,0.47,-0.04,0.04,-627.0,4674.0,28018.0,-0.0,-0.01,-0.01,-549.0,4730.0,19827.0,80.0,99.0,98.0
1742505854.2020571,0.47,-0.04,0.04,-188.0,4381.0,11650.0,-0.0,-0.01,-0.01,-111.0,4437.0,3459.0,0.0,31.0,0.0
1742505854.2145574,0.47,-0.04,0.04,250.0,4089.0,-4717.0,-0.0,-0.01,-0.01,326.0,4145.0,-12907.0,140.0,109.0,91.0
1742505854.222557,0.47,-0.04,0.04,687.0,3798.0,-21083.0,-0.0,-0.01,-0.01,763.0,3854.0,-29273.0,0.0,0.0,0.0
1742505854.2345722,0.47,-0.04,0.04,1126.0,3507.0,28087.0,-0.0,-0.01,-0.01,1202.0,3563.0,19896.0,0.0,0.0,0.0
1742505854.2470586,0.47,-0.04,0.04,1566.0,3216.0,11719.0,-0.0,-0.01,-0.01,1642.0,3272.0,3528.0,140.0,102.0,85.0
1742505854.2595594,0.47,-0.04,0.04,2008.0,2927.0,-4648.0,-0.0,-0.01,-0.01,2084.0,2983.0,-12838.0,163.0,134.0,130.0
1742505854.27207,0.47,-0.05,0.04,2452.0,2638.0,-21014.0,-0.0,-0.01,-0.01,2528.0,2694.0,-29204.0,41.0,20.0,27.0
1742505854.2800696,0.47,-0.05,0.04,2897.0,2350.0,28156.0,-0.0,-0.01,-0.01,2973.0,2406.0,19965.0,71.0,16.0,30.0
1742505854.2920878,0.47,-0.05,0.04,3343.0,2063.0,11788.0,-0.0,-0.01,-0.01,3419.0,2119.0,3597.0,0.0,4.0,1.0
1742505854.30057,0.47,-0.05,0.04,3791.0,1776.0,-4579.0,-0.0,-0.01,-0.01,3867.0,1832.0,-12769.0,0.0,1.0,0.0
1742505854.3125699,0.47,-0.05,0.04,4240.0,1489.0,-20945.0,-0.0,-0.01,-0.01,4316.0,1545.0,-29135.0,138.0,126.0,153.0
1742505854.3210714,0.47,-0.05,0.04,4690.0,1203.0,28225.0,-0.0,-0.01,-0.01,4766.0,1259.0,20034.0,0.0,5.0,1.0
1742505854.3330715,0.47,-0.05,0.04,5140.0,918.0,11858.0,-0.0,-0.01,-0.01,5216.0,974.0,3667.0,0.0,0.0,0.0
1742505854.3415704,0.47,-0.05,0.04,5592.0,633.0,-4508.0,-0.0,-0.01,-0.01,5668.0,689.0,-12698.0,142.0,125.0,145.0
1742505854.3535993,0.47,-0.05,0.04,6046.0,350.0,-20873.0,-0.0,-0.01,-0.01,6122.0,406.0,-29063.0,4.0,19.0,45.0
1742505854.3660831,0.47,-0.05,0.04,6500.0,67.0,28298.0,-0.0,-0.01,-0.01,6576.0,123.0,20107.0,0.0,0.0,0.0
1742505854.3785803,0.47,-0.05,0.04,6957.0,-209.0,11930.0,-0.0,-0.01,-0.01,7033.0,-152.0,3739.0,149.0,153.0,122.0
1742505854.3905807,0.47,-0.05,0.04,7415.0,-485.0,-4437.0,-0.0,-0.01,-0.01,7491.0,-427.0,-12627.0,0.0,0.0,0.0
1742505854.3990817,0.47,-0.05,0.04,7874.0,-758.0,-20802.0,-0.0,-0.01,-0.01,7950.0,-700.0,-28992.0,0.0,0.0,0.0
1742505854.411072,0.47,-0.05,0.04,8333.0,-1029.0,28369.0,-0.0,-0.01,-0.01,8409.0,-971.0,20178.0,131.0,169.0,191.0
1742505854.4195633,0.47,-0.05,0.04,8794.0,-1298.0,12001.0,-0.0,-0.01,-0.01,8870.0,-1240.0,3810.0,50.0,2.0,0.0
1742505854.4315639,0.47,-0.05,0.04,9258.0,-1566.0,-4365.0,-0.0,-0.01,-0.01,9334.0,-1507.0,-12555.0,0.0,0.0,0.0
1742505854.4400632,0.48,-0.05,0.04,9723.0,-1831.0,-20730.0,-0.0,-0.01,-0.01,9799.0,-1772.0,-28920.0,73.0,86.0,67.0
1742505854.452066,0.48,-0.05,0.04,10192.0,-2095.0,28441.0,-0.0,-0.01,-0.01,10268.0,-2036.0,20250.0,0.0,1.0,0.0
1742505854.4640996,0.48,-0.05,0.04,10665.0,-2358.0,12074.0,-0.0,-0.01,-0.01,10740.0,-2298.0,3883.0,115.0,88.0,54.0
1742505854.4725993,0.48,-0.05,0.04,11139.0,-2617.0,-4292.0,-0.0,-0.01,-0.01,11214.0,-2556.0,-12482.0,0.0,0.0,0.0
1742505854.4850974,0.48,-0.05,0.04,11615.0,-2874.0,-20657.0,-0.0,-0.01,-0.01,11690.0,-2812.0,-28847.0,5.0,11.0,0.0
1742505854.4975972,0.48,-0.05,0.04,12091.0,-3127.0,28514.0,-0.0,-0.01,-0.01,12167.0,-3066.0,20323.0,0.0,0.0,0.0
1742505854.5095973,0.48,-0.05,0.04,12570.0,-3381.0,12147.0,-0.0,-0.01,-0.01,12646.0,-3319.0,3956.0,163.0,183.0,191.0
1742505854.5215971,0.48,-0.05,0.04,13052.0,-3631.0,-4219.0,-0.0,-0.01,-0.01,13128.0,-3568.0,-12409.0,63.0,28.0,2.0
1742505854.5300975,0.49,-0.05,0.04,13535.0,-3878.0,-20584.0,-0.0,-0.01,-0.01,13611.0,-3815.0,-28774.0,0.0,0.0,0.0
1742505854.5420983,0.49,-0.05,0.04,14017.0,-4126.0,28587.0,-0.0,-0.01,-0.01,14092.0,-4062.0,20396.0,56.0,46.0,92.0
1742505854.5503953,0.49,-0.05,0.04,14496.0,-4384.0,12220.0,-0.0,-0.01,-0.01,14571.0,-4320.0,4029.0,40.0,7.0,8.0
1742505854.5632663,0.49,-0.05,0.04,14975.0,-4649.0,-4145.0,-0.0,-0.01,-0.01,15050.0,-4586.0,-12335.0,128.0,129.0,102.0
1742505854.5747652,0.49,-0.05,0.04,15457.0,-4917.0,-20509.0,-0.0,-0.01,-0.01,15533.0,-4854.0,-28699.0,0.0,0.0,0.0
1742505854.5867648,0.49,-0.05,0.04,15942.0,-5190.0,28663.0,-0.0,-0.01,-0.01,16018.0,-5126.0,20472.0,0.0,0.0,0.0
1742505854.599606,0.49,-0.05,0.04,16428.0,-5472.0,12297.0,-0.0,-0.01,-0.01,16503.0,-5407.0,4106.0,0.0,0.0,0.0
1742505854.6116068,0.49,-0.05,0.04,16911.0,-5767.0,-4067.0,-0.0,-0.01,-0.01,16986.0,-5702.0,-12257.0,155.0,137.0,154.0
1742505854.6201062,0.49,-0.05,0.04,17397.0,-6067.0,-20430.0,-0.0,-0.01,-0.01,17472.0,-6003.0,-28620.0,46.0,0.0,43.0
1742505854.6326058,0.49,-0.05,0.05,17884.0,-6378.0,28744.0,-0.0,-0.01,-0.01,17960.0,-6314.0,20553.0,12.0,0.0,0.0
1742505854.6406066,0.49,-0.05,0.05,18374.0,-6699.0,12381.0,-0.0,-0.01,-0.01,18450.0,-6633.0,4190.0,65.0,39.0,80.0
1742505854.6531305,0.49,-0.05,0.05,18867.0,-7028.0,-3981.0,-0.0,-0.01,-0.01,18942.0,-6961.0,-12171.0,0.0,33.0,0.0
1742505854.6646295,0.49,-0.05,0.05,19362.0,-7366.0,-20341.0,-0.0,-0.01,-0.01,19437.0,-7299.0,-28531.0,101.0,133.0,108.0
1742505854.6730611,0.49,-0.05,0.05,19859.0,-7716.0,28836.0,-0.0,-0.01,-0.01,19934.0,-7648.0,20645.0,0.0,0.0,0.0
1742505854.6855602,0.49,-0.05,0.05,20358.0,-8080.0,12475.0,-0.0,-0.01,-0.01,20433.0,-8012.0,4284.0,28.0,25.0,40.0
1742505854.6980605,0.49,-0.05,0.06,20865.0,-8476.0,-3882.0,-0.0,-0.01,-0.01,20940.0,-8407.0,-12072.0,0.0,0.0,0.0
1742505854.7100606,0.49,-0.05,0.06,21377.0,-8888.0,-20237.0,-0.0,-0.01,-0.01,21452.0,-8819.0,-28427.0,112.0,164.0,183.0
1742505854.7225478,0.49,-0.05,0.06,21893.0,-9316.0,28945.0,-0.0,-0.01,-0.01,21968.0,-9246.0,20754.0,14.0,35.0,27.0
1742505854.7306173,0.49,-0.05,0.06,22415.0,-9764.0,12591.0,-0.0,-0.01,-0.01,22489.0,-9693.0,4400.0,0.0,5.0,0.0
1742505854.7427347,0.49,-0.06,0.07,22942.0,-10233.0,-3760.0,-0.0,-0.01,-0.01,23016.0,-10161.0,-11950.0,35.0,117.0,128.0
1742505854.7507362,0.49,-0.06,0.07,23475.0,-10722.0,-20109.0,-0.0,-0.01,-0.01,23548.0,-10649.0,-28299.0,32.0,85.0,51.0
1742505854.76315,0.49,-0.06,0.07,24011.0,-11229.0,29080.0,-0.0,-0.01,-0.01,24084.0,-11156.0,20889.0,39.0,126.0,36.0
1742505854.7756367,0.49,-0.06,0.07,24550.0,-11759.0,12732.0,-0.0,-0.01,-0.01,24623.0,-11687.0,4541.0,154.0,177.0,175.0
1742505854.7881377,0.49,-0.06,0.08,25088.0,-12337.0,-3611.0,-0.0,-0.01,-0.01,25161.0,-12265.0,-11801.0,0.0,0.0,0.0
1742505854.8001373,0.49,-0.06,0.08,25624.0,-12928.0,-19952.0,-0.0,-0.01,-0.01,25698.0,-12859.0,-28142.0,0.0,0.0,0.0
1742505854.81237,0.49,-0.06,0.08,26158.0,-13529.0,29243.0,-0.0,-0.01,-0.01,26232.0,-13460.0,21052.0,225.0,191.0,154.0
1742505854.8208692,0.49,-0.06,0.08,26690.0,-14137.0,12901.0,-0.0,-0.01,-0.01,26764.0,-14067.0,4710.0,15.0,8.0,0.0
1742505854.8328717,0.49,-0.06,0.08,27222.0,-14746.0,-3440.0,-0.0,-0.01,-0.01,27297.0,-14677.0,-11630.0,0.0,0.0,0.0
1742505854.8450298,0.49,-0.06,0.09,27753.0,-15371.0,-19779.0,-0.0,-0.01,-0.01,27828.0,-15301.0,-27969.0,93.0,259.0,244.0
1742505854.8575506,0.49,-0.06,0.09,28282.0,-16012.0,29419.0,-0.0,-0.01,-0.01,28356.0,-15941.0,21228.0,0.0,0.0,0.0
1742505854.8694196,0.49,-0.06,0.09,28811.0,-16682.0,13082.0,-0.0,-0.01,-0.01,28885.0,-16609.0,4891.0,0.0,0.0,6.0
1742505854.8818448,0.49,-0.06,0.09,29344.0,-17357.0,-3253.0,-0.0,-0.01,-0.01,29418.0,-17283.0,-11443.0,72.0,55.0,35.0
1742505854.8900366,0.49,-0.06,0.09,29882.0,-18033.0,-19587.0,-0.0,-0.01,-0.01,29956.0,-17959.0,-27777.0,0.0,0.0,0.0
1742505854.9025376,0.49,-0.06,0.09,30424.0,-18709.0,29616.0,-0.0,-0.01,-0.01,30498.0,-18635.0,21425.0,0.0,0.0,0.0
1742505854.911036,0.49,-0.06,0.09,30970.0,-19376.0,13281.0,-0.0,-0.01,-0.01,31045.0,-19304.0,5090.0,116.0,117.0,112.0
1742505854.9230714,0.49,-0.06,0.09,31521.0,-20028.0,-3055.0,-0.0,-0.01,-0.01,31595.0,-19957.0,-11245.0,0.0,0.0,0.0
1742505854.9354002,0.49,-0.06,0.09,32074.0,-20662.0,-19391.0,-0.0,-0.01,-0.01,32149.0,-20592.0,-27581.0,0.0,0.0,0.0
1742505854.9474037,0.49,-0.06,0.08,32629.0,-21282.0,29807.0,-0.0,-0.01,-0.01,32704.0,-21213.0,21616.0,104.0,77.0,64.0
1742505854.9602416,0.49,-0.06,0.08,-32353.0,-21896.0,13467.0,-0.0,-0.01,-0.01,-32277.0,-21827.0,5276.0,95.0,112.0,134.0
1742505854.9721897,0.49,-0.06,0.08,-31800.0,-22513.0,-2872.0,-0.0,-0.01,-0.01,-31724.0,-22443.0,-11062.0,25.0,0.0,0.0
1742505854.9808278,0.49,-0.06,0.08,-31249.0,-23136.0,-19210.0,-0.0,-0.01,-0.01,-31173.0,-23065.0,-27400.0,0.0,0.0,0.0
1742505854.9927778,0.49,-0.06,0.09,-30699.0,-23768.0,29989.0,-0.0,-0.01,-0.01,-30623.0,-23696.0,21798.0,65.0,64.0,79.0
1742505855.001277,0.49,-0.06,0.09,-30147.0,-24409.0,13651.0,-0.0,-0.01,-0.01,-30071.0,-24337.0,5460.0,7.0,2.0,29.0
1742505855.0132763,0.49,-0.06,0.09,-29593.0,-25055.0,-2686.0,-0.0,-0.01,-0.01,-29517.0,-24983.0,-10876.0,56.0,75.0,19.0
1742505855.0256252,0.49,-0.06,0.09,-29033.0,-25698.0,-19022.0,-0.0,-0.01,-0.01,-28957.0,-25626.0,-27212.0,106.0,128.0,149.0
1742505855.0382538,0.49,-0.06,0.09,-28463.0,-26323.0,30178.0,-0.0,-0.01,-0.01,-28387.0,-26252.0,21987.0,0.0,0.0,0.0
1742505855.0497506,0.49,-0.06,0.08,-27889.0,-26938.0,13839.0,-0.0,-0.01,-0.01,-27813.0,-26868.0,5648.0,0.0,0.0,0.0
1742505855.0622876,0.49,-0.06,0.08,-27312.0,-27543.0,-2500.0,-0.0,-0.01,-0.01,-27236.0,-27473.0,-10690.0,133.0,166.0,154.0
1742505855.0707884,0.49,-0.06,0.08,-26734.0,-28139.0,-18838.0,-0.0,-0.01,-0.01,-26657.0,-28070.0,-27028.0,0.0,0.0,0.0
1742505855.0827868,0.49,-0.06,0.08,-26155.0,-28734.0,30359.0,-0.0,-0.01,-0.01,-26078.0,-28665.0,22168.0,0.0,0.0,0.0
1742505855.0949452,0.49,-0.06,0.08,-25578.0,-29330.0,14018.0,-0.0,-0.01,-0.01,-25501.0,-29261.0,5827.0,88.0,150.0,132.0
1742505855.10727,0.49,-0.06,0.08,-25004.0,-29932.0,-2322.0,-0.0,-0.01,-0.01,-24927.0,-29862.0,-10512.0,0.0,0.0,0.0
1742505855.1193883,0.49,-0.06,0.08,-24433.0,-30545.0,-18659.0,-0.0,-0.01,-0.01,-24356.0,-30474.0,-26849.0,0.0,0.0,0.0
1742505855.1283724,0.49,-0.06,0.08,-23860.0,-31160.0,30540.0,-0.0,-0.01,-0.01,-23782.0,-31089.0,22349.0,88.0,75.0,52.0
1742505855.140372,0.49,-0.06,0.08,-23283.0,-31773.0,14201.0,-0.0,-0.01,-0.01,-23205.0,-31702.0,6010.0,0.0,0.0,0.0
1742505855.152374,0.49,-0.06,0.08,-22702.0,-32380.0,-2137.0,-0.0,-0.01,-0.01,-22624.0,-32309.0,-10327.0,0.0,0.0,2.0
1742505855.160505,0.49,-0.06,0.08,-22116.0,32557.0,-18475.0,-0.0,-0.01,-0.01,-22038.0,32627.0,-26665.0,141.0,123.0,132.0
1742505855.1727216,0.49,-0.06,0.08,-21525.0,31965.0,30723.0,-0.0,-0.01,-0.01,-21447.0,32034.0,22532.0,0.0,0.0,0.0
1742505855.1812234,0.49,-0.06,0.08,-20930.0,31381.0,14383.0,-0.0,-0.01,-0.01,-20852.0,31450.0,6192.0,0.0,0.0,0.0
1742505855.1972225,0.49,-0.06,0.08,-20332.0,30803.0,-1957.0,-0.0,-0.01,-0.01,-20254.0,30871.0,-10147.0,89.0,94.0,90.0
1742505855.2094026,0.49,-0.06,0.08,-19734.0,30225.0,-18296.0,-0.0,-0.01,-0.01,-19656.0,30293.0,-26486.0,104.0,107.0,138.0
1742505855.2184036,0.49,-0.06,0.08,-19139.0,29644.0,30901.0,-0.0,-0.01,-0.01,-19061.0,29712.0,22710.0,0.0,10.0,39.0
1742505855.2303896,0.49,-0.06,0.08,-18546.0,29057.0,14560.0,-0.0,-0.01,-0.01,-18468.0,29125.0,6369.0,0.0,0.0,0.0
1742505855.2425659,0.49,-0.06,0.08,-17955.0,28468.0,-1779.0,-0.0,-0.01,-0.01,-17877.0,28536.0,-9969.0,9.0,27.0,29.0
1742505855.251273,0.49,-0.06,0.08,-17364.0,27876.0,-18117.0,-0.0,-0.01,-0.01,-17286.0,27944.0,-26307.0,0.0,0.0,0.0
1742505855.2628207,0.49,-0.06,0.08,-16771.0,27288.0,31081.0,-0.0,-0.01,-0.01,-16692.0,27356.0,22890.0,80.0,104.0,72.0
1742505855.2756853,0.49,-0.06,0.08,-16174.0,26704.0,14740.0,-0.0,-0.01,-0.01,-16095.0,26772.0,6549.0,75.0,85.0,143.0
1742505855.2876718,0.49,-0.06,0.08,-15568.0,26134.0,-1600.0,-0.0,-0.01,-0.01,-15490.0,26202.0,-9790.0,0.0,0.0,0.0
1742505855.2996843,0.49,-0.06,0.08,-14958.0,25570.0,-17939.0,-0.0,-0.01,-0.01,-14880.0,25637.0,-26129.0,0.0,0.0,0.0
1742505855.312127,0.49,-0.07,0.08,-14346.0,25009.0,31258.0,-0.0,-0.01,-0.01,-14268.0,25076.0,23067.0,131.0,151.0,145.0
1742505855.3206267,0.49,-0.07,0.08,-13732.0,24449.0,14917.0,-0.0,-0.01,-0.01,-13654.0,24516.0,6726.0,16.0,8.0,0.0
1742505855.3326275,0.49,-0.07,0.08,-13118.0,23889.0,-1423.0,-0.0,-0.01,-0.01,-13040.0,23956.0,-9613.0,0.0,0.0,0.0
1742505855.3408246,0.49,-0.07,0.08,-12506.0,23327.0,-17762.0,-0.0,-0.01,-0.01,-12428.0,23394.0,-25952.0,77.0,79.0,85.0
1742505855.3529088,0.49,-0.07,0.08,-11895.0,22761.0,31435.0,-0.0,-0.01,-0.01,-11817.0,22828.0,23244.0,7.0,35.0,14.0
1742505855.365422,0.49,-0.06,0.08,-11285.0,22193.0,15094.0,-0.0,-0.01,-0.01,-11206.0,22260.0,6903.0,0.0,0.0,0.0
1742505855.3779206,0.49,-0.06,0.08,-10674.0,21627.0,-1246.0,-0.0,-0.01,-0.01,-10595.0,21694.0,-9436.0,147.0,135.0,136.0
1742505855.389986,0.49,-0.07,0.08,-10061.0,21065.0,-17585.0,-0.0,-0.01,-0.01,-9982.0,21132.0,-25775.0,0.0,0.0,0.0
1742505855.398485,0.49,-0.07,0.08,-9444.0,20510.0,31611.0,-0.0,-0.01,-0.01,-9365.0,20577.0,23420.0,0.0,0.0,0.0
1742505855.4103482,0.49,-0.07,0.08,-8824.0,19961.0,15269.0,-0.0,-0.01,-0.01,-8745.0,20028.0,7078.0,163.0,136.0,119.0
1742505855.4223647,0.49,-0.07,0.07,-8201.0,19416.0,-1072.0,-0.0,-0.01,-0.01,-8123.0,19483.0,-9262.0,0.0,9.0,0.0
1742505855.4308498,0.49,-0.07,0.07,-7575.0,18874.0,-17412.0,-0.0,-0.01,-0.01,-7497.0,18941.0,-25602.0,0.0,0.0,0.0
1742505855.4433498,0.49,-0.07,0.07,-6948.0,18333.0,31784.0,-0.0,-0.01,-0.01,-6870.0,18400.0,23593.0,95.0,101.0,113.0
1742505855.4513738,0.49,-0.07,0.07,-6320.0,17791.0,15442.0,-0.0,-0.01,-0.01,-6242.0,17858.0,7251.0,16.0,10.0,55.0
1742505855.4639955,0.49,-0.07,0.07,-5693.0,17247.0,-899.0,-0.0,-0.01,-0.01,-5614.0,17314.0,-9089.0,0.0,0.0,0.0
1742505855.4799843,0.49,-0.07,0.08,-5067.0,16699.0,-17239.0,-0.0,-0.01,-0.01,-4988.0,16766.0,-25429.0,130.0,160.0,126.0
1742505855.4883652,0.49,-0.07,0.08,-4441.0,16152.0,31957.0,-0.0,-0.01,-0.01,-4362.0,16219.0,23766.0,0.0,0.0,0.0
1742505855.5003874,0.49,-0.07,0.07,-3814.0,15608.0,15615.0,-0.0,-0.01,-0.01,-3735.0,15674.0,7424.0,0.0,4.0,0.0
1742505855.5088644,0.49,-0.07,0.07,-3186.0,15067.0,-726.0,-0.0,-0.01,-0.01,-3107.0,15133.0,-8916.0,128.0,110.0,150.0
1742505855.52103,0.49,-0.07,0.07,-2555.0,14532.0,-17066.0,-0.0,-0.01,-0.01,-2476.0,14598.0,-25256.0,0.0,0.0,0.0
1742505855.53303,0.49,-0.07,0.07,-1921.0,14002.0,32129.0,-0.0,-0.01,-0.01,-1842.0,14068.0,23938.0,0.0,0.0,0.0
1742505855.5415294,0.49,-0.07,0.07,-1285.0,13475.0,15786.0,-0.0,-0.01,-0.01,-1206.0,13541.0,7595.0,72.0,99.0,153.0
1742505855.553531,0.49,-0.07,0.07,-646.0,12951.0,-556.0,-0.0,-0.01,-0.01,-567.0,13017.0,-8746.0,0.0,7.0,21.0
1742505855.5661423,0.49,-0.07,0.07,-6.0,12426.0,-16897.0,-0.0,-0.01,-0.01,72.0,12492.0,-25087.0,0.0,0.0,0.0
1742505855.5783885,0.49,-0.07,0.07,632.0,11899.0,32298.0,-0.0,-0.01,-0.01,710.0,11965.0,24107.0,145.0,138.0,160.0
1742505855.5870497,0.49,-0.07,0.07,1270.0,11370.0,15955.0,-0.0,-0.01,-0.01,1348.0,11436.0,7764.0,3.0,0.0,0.0
1742505855.599051,0.49,-0.07,0.07,1908.0,10841.0,-387.0,-0.0,-0.01,-0.01,1986.0,10907.0,-8577.0,0.0,0.0,0.0
1742505855.6110582,0.49,-0.07,0.07,2546.0,10314.0,-16728.0,-0.0,-0.01,-0.01,2624.0,10380.0,-24918.0,92.0,151.0,160.0
1742505855.6195478,0.49,-0.07,0.07,3185.0,9789.0,32467.0,-0.0,-0.01,-0.01,3264.0,9855.0,24276.0,29.0,4.0,22.0
1742505855.6315641,0.49,-0.07,0.07,3826.0,9269.0,16124.0,-0.0,-0.01,-0.01,3905.0,9335.0,7933.0,15.0,11.0,0.0
1742505855.6400478,0.49,-0.07,0.07,4469.0,8753.0,-218.0,-0.0,-0.01,-0.01,4548.0,8819.0,-8408.0,36.0,20.0,64.0
1742505855.6520746,0.49,-0.07,0.07,5115.0,8241.0,-16559.0,-0.0,-0.01,-0.01,5194.0,8307.0,-24749.0,0.0,0.0,0.0
1742505855.6605754,0.49,-0.07,0.07,5762.0,7732.0,32636.0,-0.0,-0.01,-0.01,5840.0,7798.0,24445.0,142.0,112.0,121.0
1742505855.6762848,0.49,-0.07,0.07,6410.0,7224.0,16293.0,-0.0,-0.01,-0.01,6488.0,7290.0,8102.0,76.0,72.0,64.0
1742505855.6887906,0.49,-0.07,0.07,7060.0,6715.0,-49.0,-0.0,-0.01,-0.01,7138.0,6780.0,-8239.0,6.0,16.0,0.0
1742505855.6972048,0.49,-0.07,0.07,7710.0,6204.0,-16389.0,-0.0,-0.01,-0.01,7788.0,6269.0,-24579.0,0.0,0.0,0.0
1742505855.709517,0.49,-0.07,0.07,8360.0,5692.0,-32729.0,-0.0,-0.01,-0.01,8438.0,5758.0,24617.0,99.0,113.0,124.0
1742505855.71785,0.49,-0.07,0.07,9011.0,5182.0,16466.0,-0.0,-0.01,-0.01,9090.0,5248.0,8275.0,39.0,0.0,59.0
1742505855.7300675,0.49,-0.07,0.07,9663.0,4674.0,124.0,-0.0,-0.01,-0.01,9742.0,4740.0,-8066.0,76.0,85.0,85.0
1742505855.7385695,0.49,-0.07,0.07,10316.0,4169.0,-16217.0,-0.0,-0.01,-0.01,10395.0,4234.0,-24407.0,0.0,0.0,0.0
1742505855.7502058,0.49,-0.07,0.07,10971.0,3667.0,-32559.0,-0.0,-0.01,-0.01,11050.0,3732.0,24787.0,0.0,0.0,0.0
1742505855.7629302,0.49,-0.07,0.07,11627.0,3168.0,16634.0,-0.0,-0.01,-0.01,11706.0,3233.0,8443.0,177.0,161.0,169.0
1742505855.7711232,0.49,-0.07,0.07,12285.0,2672.0,290.0,-0.0,-0.01,-0.01,12364.0,2737.0,-7900.0,0.0,0.0,0.0
1742505855.783196,0.49,-0.07,0.07,12945.0,2178.0,-16051.0,-0.0,-0.01,-0.01,13024.0,2243.0,-24241.0,0.0,0.0,0.0
1742505855.795578,0.49,-0.07,0.07,13606.0,1685.0,-32392.0,-0.0,-0.01,-0.01,13685.0,1750.0,24954.0,128.0,158.0,108.0
1742505855.8080783,0.49,-0.07,0.07,14268.0,1190.0,16802.0,-0.0,-0.01,-0.01,14347.0,1255.0,8611.0,73.0,78.0,80.0
1742505855.8200784,0.49,-0.07,0.07,14930.0,694.0,459.0,-0.0,-0.01,-0.01,15009.0,759.0,-7731.0,34.0,34.0,0.0
1742505855.8281913,0.49,-0.07,0.07,15592.0,198.0,-15882.0,-0.0,-0.01,-0.01,15671.0,263.0,-24072.0,117.0,85.0,70.0
1742505855.8406923,0.49,-0.07,0.07,16255.0,-296.0,-32223.0,-0.0,-0.01,-0.01,16334.0,-230.0,25123.0,0.0,0.0,0.0
1742505855.8487034,0.49,-0.07,0.07,16919.0,-787.0,16971.0,-0.0,-0.01,-0.01,16998.0,-721.0,8780.0,0.0,0.0,0.0
1742505855.8611314,0.49,-0.07,0.07,17583.0,-1275.0,628.0,-0.0,-0.01,-0.01,17662.0,-1209.0,-7562.0,156.0,170.0,134.0
1742505855.873269,0.49,-0.07,0.07,18248.0,-1759.0,-15713.0,-0.0,-0.01,-0.01,18328.0,-1693.0,-23903.0,15.0,0.0,0.0
1742505855.8817682,0.49,-0.07,0.07,18916.0,-2241.0,-32054.0,-0.0,-0.01,-0.01,18996.0,-2175.0,25292.0,0.0,0.0,0.0
1742505855.8937674,0.49,-0.07,0.07,19586.0,-2720.0,17140.0,-0.0,-0.01,-0.01,19666.0,-2654.0,8949.0,97.0,111.0,86.0
1742505855.906352,0.49,-0.07,0.07,20258.0,-3199.0,797.0,-0.0,-0.01,-0.01,20338.0,-3133.0,-7393.0,7.0,34.0,19.0
1742505855.9183521,0.49,-0.07,0.07,20930.0,-3679.0,-15544.0,-0.0,-0.01,-0.01,21010.0,-3613.0,-23734.0,0.0,8.0,17.0
1742505855.9303527,0.49,-0.07,0.07,21603.0,-4158.0,-31885.0,-0.0,-0.01,-0.01,21683.0,-4092.0,25461.0,145.0,78.0,84.0
1742505855.9388516,0.49,-0.07,0.07,22276.0,-4637.0,17309.0,-0.0,-0.01,-0.01,22356.0,-4571.0,9118.0,0.0,0.0,0.0
1742505855.951357,0.49,-0.07,0.07,22950.0,-5116.0,966.0,-0.0,-0.01,-0.01,23030.0,-5050.0,-7224.0,0.0,0.0,0.0
1742505855.9593544,0.49,-0.07,0.07,23625.0,-5593.0,-15375.0,-0.0,-0.01,-0.01,23705.0,-5527.0,-23565.0,192.0,152.0,148.0
1742505855.9718616,0.49,-0.07,0.07,24300.0,-6068.0,-31716.0,-0.0,-0.01,-0.01,24380.0,-6002.0,25630.0,0.0,0.0,4.0
1742505855.9798615,0.49,-0.07,0.07,24976.0,-6540.0,17478.0,-0.0,-0.01,-0.01,25056.0,-6474.0,9287.0,0.0,0.0,0.0
1742505855.9918616,0.49,-0.07,0.07,25654.0,-7009.0,1134.0,-0.0,-0.01,-0.01,25734.0,-6943.0,-7056.0,99.0,128.0,154.0
1742505856.008362,0.49,-0.07,0.07,26334.0,-7475.0,-15208.0,-0.0,-0.01,-0.01,26414.0,-7409.0,-23398.0,0.0,20.0,59.0
1742505856.016862,0.49,-0.07,0.07,27015.0,-7940.0,-31550.0,-0.0,-0.01,-0.01,27094.0,-7873.0,25796.0,0.0,2.0,0.0
1742505856.028862,0.49,-0.07,0.07,27696.0,-8405.0,17643.0,-0.0,-0.01,-0.01,27775.0,-8338.0,9452.0,123.0,133.0,90.0
1742505856.0413625,0.49,-0.07,0.07,28377.0,-8870.0,1299.0,-0.0,-0.01,-0.01,28457.0,-8803.0,-6891.0,0.0,0.0,0.0
1742505856.049887,0.49,-0.07,0.07,29059.0,-9335.0,-15043.0,-0.0,-0.01,-0.01,29139.0,-9268.0,-23233.0,0.0,0.0,0.0
1742505856.061387,0.49,-0.07,0.07,29741.0,-9800.0,-31385.0,-0.0,-0.01,-0.01,29821.0,-9733.0,25961.0,143.0,125.0,139.0
1742505856.0698938,0.49,-0.07,0.07,30424.0,-10263.0,17808.0,-0.0,-0.01,-0.01,30504.0,-10197.0,9617.0,0.0,5.0,0.0
1742505856.081895,0.49,-0.07,0.06,31107.0,-10725.0,1464.0,-0.0,-0.01,-0.01,31187.0,-10659.0,-6726.0,0.0,0.0,0.0
1742505856.0943925,0.49,-0.07,0.06,31792.0,-11185.0,-14878.0,-0.0,-0.01,-0.01,31872.0,-11119.0,-23068.0,111.0,166.0,175.0
1742505856.1068926,0.49,-0.07,0.06,32479.0,-11640.0,-31220.0,-0.0,-0.01,-0.01,32559.0,-11574.0,26126.0,60.0,69.0,70.0
1742505856.1193924,0.49,-0.07,0.06,-32370.0,-12094.0,17973.0,-0.0,-0.01,-0.01,-32289.0,-12028.0,9782.0,0.0,0.0,0.0
1742505856.1313927,0.49,-0.07,0.06,-31680.0,-12548.0,1629.0,-0.0,-0.01,-0.01,-31599.0,-12482.0,-6561.0,118.0,107.0,53.0
1742505856.1403928,0.49,-0.07,0.06,-30990.0,-13002.0,-14713.0,-0.0,-0.01,-0.01,-30909.0,-12936.0,-22903.0,0.0,0.0,0.0
1742505856.1518953,0.49,-0.07,0.06,-30299.0,-13456.0,-31055.0,-0.0,-0.01,-0.01,-30218.0,-13390.0,26291.0,0.0,0.0,0.0
1742505856.1603951,0.49,-0.07,0.06,-29607.0,-13911.0,18138.0,-0.0,-0.01,-0.01,-29526.0,-13844.0,9947.0,155.0,155.0,86.0
1742505856.1723871,0.49,-0.07,0.06,-28915.0,-14363.0,1794.0,-0.0,-0.01,-0.01,-28834.0,-14296.0,-6396.0,0.0,0.0,0.0
1742505856.188886,0.49,-0.07,0.06,-28222.0,-14813.0,-14548.0,-0.0,-0.01,-0.01,-28141.0,-14746.0,-22738.0,0.0,15.0,0.0
1742505856.1969018,0.5,-0.07,0.06,-27529.0,-15261.0,-30890.0,-0.0,-0.01,-0.01,-27448.0,-15195.0,26456.0,0.0,0.0,0.0
1742505856.2093868,0.5,-0.07,0.06,-26834.0,-15708.0,18303.0,-0.0,-0.01,-0.01,-26753.0,-15642.0,10112.0,123.0,121.0,122.0
1742505856.2218885,0.5,-0.07,0.06,-26139.0,-16152.0,1959.0,-0.0,-0.01,-0.01,-26058.0,-16086.0,-6231.0,19.0,0.0,66.0
1742505856.2298853,0.5,-0.08,0.06,-25443.0,-16595.0,-14383.0,-0.0,-0.01,-0.01,-25362.0,-16529.0,-22573.0,0.0,0.0,1.0
1742505856.241886,0.5,-0.08,0.06,-24745.0,-17037.0,-30725.0,-0.0,-0.01,-0.01,-24664.0,-16971.0,26621.0,7.0,35.0,93.0
1742505856.2503881,0.5,-0.08,0.06,-24047.0,-17479.0,18468.0,-0.0,-0.01,-0.01,-23966.0,-17413.0,10277.0,15.0,0.0,8.0
1742505856.2659147,0.5,-0.08,0.06,-23348.0,-17921.0,2124.0,-0.0,-0.01,-0.01,-23267.0,-17855.0,-6066.0,0.0,0.0,0.0
1742505856.2789142,0.5,-0.08,0.06,-22649.0,-18363.0,-14218.0,-0.0,-0.01,-0.01,-22568.0,-18297.0,-22408.0,169.0,141.0,170.0
1742505856.2873936,0.5,-0.08,0.06,-21949.0,-18804.0,-30560.0,-0.0,-0.01,-0.01,-21868.0,-18738.0,26786.0,24.0,0.0,0.0
1742505856.2993917,0.5,-0.08,0.06,-21250.0,-19244.0,18633.0,-0.0,-0.01,-0.01,-21169.0,-19178.0,10442.0,0.0,0.0,0.0
1742505856.3114007,0.5,-0.08,0.06,-20550.0,-19682.0,2289.0,-0.0,-0.01,-0.01,-20469.0,-19616.0,-5901.0,128.0,154.0,136.0
1742505856.319892,0.5,-0.08,0.06,-19848.0,-20118.0,-14053.0,-0.0,-0.01,-0.01,-19767.0,-20052.0,-22243.0,0.0,0.0,9.0
1742505856.331892,0.5,-0.08,0.06,-19146.0,-20552.0,-30395.0,-0.0,-0.01,-0.01,-19065.0,-20486.0,26951.0,0.0,0.0,0.0
1742505856.3403919,0.5,-0.08,0.06,-18443.0,-20985.0,18798.0,-0.0,-0.01,-0.01,-18362.0,-20919.0,10607.0,80.0,95.0,97.0
1742505856.35649,0.5,-0.08,0.06,-17739.0,-21417.0,2454.0,-0.0,-0.01,-0.01,-17658.0,-21351.0,-5736.0,0.0,0.0,0.0
1742505856.368545,0.5,-0.08,0.06,-17033.0,-21849.0,-13888.0,-0.0,-0.01,-0.01,-16952.0,-21783.0,-22078.0,0.0,6.0,0.0
1742505856.377544,0.5,-0.08,0.06,-16327.0,-22281.0,-30230.0,-0.0,-0.01,-0.01,-16246.0,-22215.0,27116.0,136.0,136.0,99.0
1742505856.389044,0.5,-0.08,0.06,-15620.0,-22713.0,18963.0,-0.0,-0.01,-0.01,-15538.0,-22647.0,10772.0,0.0,0.0,0.0
1742505856.401344,0.5,-0.08,0.06,-14913.0,-23144.0,2619.0,-0.0,-0.01,-0.01,-14831.0,-23078.0,-5571.0,0.0,0.0,0.0
1742505856.4098442,0.5,-0.08,0.06,-14205.0,-23574.0,-13723.0,-0.0,-0.01,-0.01,-14123.0,-23508.0,-21913.0,169.0,148.0,151.0
1742505856.4218626,0.5,-0.08,0.06,-13496.0,-24002.0,-30065.0,-0.0,-0.01,-0.01,-13414.0,-23937.0,27281.0,0.0,6.0,0.0
1742505856.4303448,0.5,-0.08,0.06,-12787.0,-24430.0,19128.0,-0.0,-0.01,-0.01,-12705.0,-24365.0,10937.0,0.0,0.0,0.0
1742505856.446844,0.5,-0.08,0.06,-12076.0,-24854.0,2784.0,-0.0,-0.01,-0.01,-11994.0,-24789.0,-5406.0,0.0,0.0,0.0
1742505856.458865,0.5,-0.08,0.06,-11364.0,-25278.0,-13558.0,-0.0,-0.01,-0.01,-11282.0,-25212.0,-21748.0,52.0,46.0,86.0
1742505856.467399,0.5,-0.08,0.06,-10652.0,-25700.0,-29900.0,-0.0,-0.01,-0.01,-10570.0,-25634.0,27446.0,38.0,0.0,16.0
1742505856.479399,0.5,-0.08,0.06,-9939.0,-26121.0,19293.0,-0.0,-0.01,-0.01,-9857.0,-26055.0,11102.0,89.0,84.0,81.0
1742505856.4878993,0.5,-0.08,0.06,-9226.0,-26543.0,2949.0,-0.0,-0.01,-0.01,-9144.0,-26477.0,-5241.0,0.0,0.0,0.0
1742505856.5003986,0.5,-0.08,0.06,-8512.0,-26964.0,-13393.0,-0.0,-0.01,-0.01,-8430.0,-26898.0,-21583.0,0.0,0.0,0.0
1742505856.5123997,0.5,-0.08,0.06,-7798.0,-27385.0,-29735.0,-0.0,-0.01,-0.01,-7716.0,-27319.0,27611.0,146.0,127.0,147.0
1742505856.5208988,0.5,-0.08,0.06,-7083.0,-27805.0,19458.0,-0.0,-0.01,-0.01,-7001.0,-27740.0,11267.0,4.0,0.0,8.0
1742505856.5365934,0.5,-0.08,0.06,-6367.0,-28224.0,3114.0,-0.0,-0.01,-0.01,-6285.0,-28159.0,-5076.0,11.0,0.0,64.0
1742505856.5490959,0.5,-0.08,0.06,-5650.0,-28640.0,-13228.0,-0.0,-0.01,-0.01,-5568.0,-28575.0,-21418.0,0.0,0.0,0.0
1742505856.557599,0.5,-0.08,0.06,-4932.0,-29055.0,-29570.0,-0.0,-0.01,-0.01,-4850.0,-28989.0,27776.0,62.0,50.0,70.0
1742505856.569199,0.5,-0.08,0.06,-4213.0,-29469.0,19623.0,-0.0,-0.01,-0.01,-4131.0,-29403.0,11432.0,31.0,0.0,26.0
1742505856.5781987,0.5,-0.08,0.06,-3494.0,-29882.0,3279.0,-0.0,-0.01,-0.01,-3412.0,-29816.0,-4911.0,139.0,105.0,39.0
1742505856.5901988,0.5,-0.08,0.06,-2775.0,-30295.0,-13063.0,-0.0,-0.01,-0.01,-2693.0,-30229.0,-21253.0,0.0,0.0,0.0
1742505856.6021988,0.5,-0.08,0.06,-2055.0,-30707.0,-29405.0,-0.0,-0.01,-0.01,-1973.0,-30641.0,27941.0,0.0,0.0,0.0
1742505856.6106985,0.5,-0.08,0.06,-1335.0,-31119.0,19788.0,-0.0,-0.01,-0.01,-1253.0,-31053.0,11597.0,169.0,136.0,137.0
1742505856.622699,0.5,-0.08,0.06,-614.0,-31531.0,3444.0,-0.0,-0.01,-0.01,-532.0,-31466.0,-4746.0,20.0,0.0,0.0
1742505856.6351104,0.5,-0.08,0.06,107.0,-31943.0,-12898.0,-0.0,-0.01,-0.01,188.0,-31878.0,-21088.0,0.0,0.0,3.0
1742505856.6476357,0.5,-0.08,0.06,827.0,-32353.0,-29240.0,-0.0,-0.01,-0.01,908.0,-32288.0,28106.0,58.0,13.0,0.0
1742505856.6593688,0.5,-0.08,0.06,1548.0,-32762.0,19953.0,-0.0,-0.01,-0.01,1629.0,-32697.0,11762.0,39.0,50.0,50.0
1742505856.6678836,0.5,-0.08,0.06,2270.0,32367.0,3608.0,-0.0,-0.01,-0.01,2351.0,32431.0,-4582.0,0.0,30.0,0.0
1742505856.680385,0.5,-0.08,0.06,2993.0,31959.0,-12735.0,-0.0,-0.01,-0.01,3074.0,32023.0,-20925.0,128.0,73.0,103.0
1742505856.6883817,0.5,-0.08,0.06,3716.0,31551.0,-29078.0,-0.0,-0.01,-0.01,3797.0,31615.0,28268.0,0.0,0.0,0.0
1742505856.700382,0.5,-0.08,0.06,4440.0,31143.0,20114.0,-0.0,-0.01,-0.01,4521.0,31207.0,11923.0,0.0,0.0,0.0
1742505856.7090962,0.5,-0.08,0.06,5165.0,30735.0,3769.0,-0.0,-0.01,-0.01,5247.0,30799.0,-4421.0,140.0,146.0,142.0
1742505856.7210953,0.5,-0.08,0.06,5891.0,30327.0,-12573.0,-0.0,-0.01,-0.01,5973.0,30391.0,-20763.0,0.0,3.0,2.0
1742505856.7371812,0.5,-0.08,0.06,6617.0,29921.0,-28915.0,-0.0,-0.01,-0.01,6699.0,29985.0,28431.0,28.0,0.0,36.0
1742505856.7456799,0.5,-0.08,0.06,7344.0,29516.0,20278.0,-0.0,-0.01,-0.01,7426.0,29580.0,12087.0,39.0,0.0,0.0
1742505856.7579257,0.5,-0.08,0.06,8072.0,29112.0,3934.0,-0.0,-0.01,-0.01,8154.0,29176.0,-4256.0,0.0,24.0,55.0
1742505856.7664335,0.5,-0.08,0.06,8800.0,28709.0,-12408.0,-0.0,-0.01,-0.01,8882.0,28773.0,-20598.0,13.0,1.0,21.0
1742505856.7783778,0.5,-0.08,0.06,9528.0,28307.0,-28750.0,-0.0,-0.01,-0.01,9610.0,28371.0,28596.0,152.0,150.0,106.0
1742505856.7906032,0.5,-0.08,0.06,10257.0,27906.0,20443.0,-0.0,-0.01,-0.01,10339.0,27970.0,12252.0,0.0,0.0,0.0
1742505856.7991035,0.5,-0.08,0.06,10987.0,27506.0,4099.0,-0.0,-0.01,-0.01,11068.0,27570.0,-4091.0,0.0,0.0,0.0
1742505856.8111022,0.5,-0.08,0.06,11716.0,27106.0,-12243.0,-0.0,-0.01,-0.01,11797.0,27170.0,-20433.0,139.0,145.0,124.0
1742505856.8232002,0.5,-0.08,0.06,12446.0,26706.0,-28585.0,-0.0,-0.01,-0.01,12527.0,26770.0,28761.0,22.0,0.0,25.0
1742505856.8357012,0.5,-0.08,0.06,13177.0,26307.0,20608.0,-0.0,-0.01,-0.01,13259.0,26371.0,12417.0,0.0,8.0,0.0
1742505856.848466,0.5,-0.08,0.06,13910.0,25908.0,4264.0,-0.0,-0.01,-0.01,13992.0,25972.0,-3926.0,16.0,0.0,0.0
1742505856.856326,0.5,-0.08,0.06,14642.0,25510.0,-12078.0,-0.0,-0.01,-0.01,14723.0,25574.0,-20268.0,15.0,73.0,104.0
1742505856.868421,0.5,-0.08,0.06,15374.0,25114.0,-28420.0,-0.0,-0.01,-0.01,15456.0,25178.0,28926.0,6.0,17.0,0.0
1742505856.880748,0.5,-0.08,0.06,16108.0,24719.0,20773.0,-0.0,-0.01,-0.01,16190.0,24783.0,12582.0,91.0,76.0,71.0
1742505856.889247,0.5,-0.08,0.06,16843.0,24325.0,4429.0,-0.0,-0.01,-0.01,16925.0,24389.0,-3761.0,0.0,0.0,0.0
1742505856.901248,0.5,-0.08,0.06,17578.0,23931.0,-11913.0,-0.0,-0.01,-0.01,17660.0,23995.0,-20103.0,0.0,0.0,0.0
1742505856.9097474,0.5,-0.08,0.06,18314.0,23537.0,-28255.0,-0.0,-0.01,-0.01,18396.0,23601.0,29091.0,147.0,159.0,139.0
1742505856.9262488,0.5,-0.08,0.06,19050.0,23145.0,20938.0,-0.0,-0.01,-0.01,19131.0,23209.0,12747.0,140.0,146.0,126.0
1742505856.9383676,0.5,-0.08,0.06,19785.0,22753.0,4594.0,-0.0,-0.01,-0.01,19867.0,22817.0,-3596.0,17.0,0.0,0.0
1742505856.9468682,0.5,-0.08,0.06,20522.0,22361.0,-11748.0,-0.0,-0.01,-0.01,20604.0,22425.0,-19938.0,0.0,0.0,0.0
1742505856.9588811,0.5,-0.08,0.06,21259.0,21969.0,-28090.0,-0.0,-0.01,-0.01,21341.0,22033.0,29256.0,91.0,152.0,156.0
1742505856.9709122,0.5,-0.08,0.06,21997.0,21578.0,21103.0,-0.0,-0.01,-0.01,22079.0,21642.0,12912.0,25.0,8.0,0.0
1742505856.9790497,0.5,-0.08,0.06,22736.0,21188.0,4759.0,-0.0,-0.01,-0.01,22818.0,21252.0,-3431.0,18.0,14.0,0.0
1742505856.9913595,0.5,-0.08,0.06,23474.0,20799.0,-11583.0,-0.0,-0.01,-0.01,23556.0,20862.0,-19773.0,7.0,16.0,47.0
1742505857.0078588,0.5,-0.08,0.06,24214.0,20411.0,-27925.0,-0.0,-0.01,-0.01,24296.0,20474.0,29421.0,0.0,0.0,0.0
1742505857.0159512,0.5,-0.08,0.06,24954.0,20024.0,21268.0,-0.0,-0.01,-0.01,25036.0,20087.0,13077.0,0.0,0.0,0.0
1742505857.0279667,0.5,-0.08,0.06,25694.0,19637.0,4924.0,-0.0,-0.01,-0.01,25776.0,19700.0,-3266.0,152.0,139.0,136.0
1742505857.0366075,0.5,-0.08,0.06,26435.0,19250.0,-11418.0,-0.0,-0.01,-0.01,26517.0,19313.0,-19608.0,0.0,0.0,0.0
1742505857.0486803,0.5,-0.08,0.06,27176.0,18863.0,-27760.0,-0.0,-0.01,-0.01,27258.0,18926.0,29586.0,0.0,0.0,0.0
1742505857.0611842,0.5,-0.08,0.06,27918.0,18476.0,21433.0,-0.0,-0.01,-0.01,28000.0,18539.0,13242.0,134.0,168.0,215.0
1742505857.0697544,0.5,-0.08,0.05,28660.0,18090.0,5089.0,-0.0,-0.01,-0.01,28742.0,18153.0,-3101.0,1.0,0.0,26.0
1742505857.0813863,0.5,-0.08,0.05,29403.0,17704.0,-11253.0,-0.0,-0.01,-0.01,29485.0,17767.0,-19443.0,0.0,0.0,0.0
1742505857.097805,0.5,-0.08,0.05,30146.0,17321.0,-27595.0,-0.0,-0.01,-0.01,30228.0,17384.0,29751.0,78.0,74.0,36.0
1742505857.1057355,0.5,-0.08,0.05,30890.0,16938.0,21598.0,-0.0,-0.01,-0.01,30972.0,17001.0,13407.0,0.0,0.0,0.0
1742505857.118723,0.5,-0.08,0.05,31634.0,16556.0,5254.0,-0.0,-0.01,-0.01,31716.0,16619.0,-2936.0,0.0,13.0,0.0
1742505857.126724,0.5,-0.08,0.05,32378.0,16174.0,-11088.0,-0.0,-0.01,-0.01,32460.0,16237.0,-19278.0,153.0,150.0,142.0
1742505857.138911,0.5,-0.08,0.05,-32413.0,15793.0,-27430.0,-0.0,-0.01,-0.01,-32330.0,15856.0,29916.0,0.0,0.0,0.0
1742505857.1509125,0.5,-0.08,0.05,-31666.0,15412.0,21763.0,-0.0,-0.01,-0.01,-31583.0,15475.0,13572.0,0.0,0.0,0.0
1742505857.1595502,0.5,-0.08,0.05,-30918.0,15031.0,5418.0,-0.0,-0.01,-0.01,-30835.0,15094.0,-2772.0,136.0,142.0,150.0
1742505857.176001,0.5,-0.08,0.05,-30170.0,14651.0,-10924.0,-0.0,-0.01,-0.01,-30087.0,14714.0,-19114.0,91.0,156.0,167.0
1742505857.1883125,0.5,-0.08,0.05,-29422.0,14271.0,-27266.0,-0.0,-0.01,-0.01,-29339.0,14334.0,30080.0,7.0,0.0,0.0
1742505857.1963124,0.5,-0.08,0.05,-28673.0,13893.0,21927.0,-0.0,-0.01,-0.01,-28590.0,13956.0,13736.0,14.0,0.0,0.0
1742505857.208312,0.5,-0.08,0.05,-27924.0,13516.0,5583.0,-0.0,-0.01,-0.01,-27841.0,13579.0,-2607.0,54.0,53.0,44.0
1742505857.2173133,0.5,-0.08,0.05,-27175.0,13140.0,-10759.0,-0.0,-0.01,-0.01,-27092.0,13203.0,-18949.0,25.0,29.0,17.0
1742505857.2293124,0.5,-0.08,0.05,-26426.0,12764.0,-27101.0,-0.0,-0.01,-0.01,-26343.0,12827.0,30245.0,95.0,81.0,86.0
1742505857.2413125,0.5,-0.08,0.05,-25676.0,12389.0,22092.0,-0.0,-0.01,-0.01,-25593.0,12452.0,13901.0,0.0,0.0,0.0
1742505857.2498167,0.5,-0.08,0.05,-24926.0,12014.0,5748.0,-0.0,-0.01,-0.01,-24843.0,12077.0,-2442.0,0.0,0.0,0.0
1742505857.2663138,0.5,-0.08,0.05,-24175.0,11639.0,-10594.0,-0.0,-0.01,-0.01,-24092.0,11702.0,-18784.0,0.0,0.0,0.0
1742505857.2778134,0.5,-0.08,0.05,-23424.0,11264.0,-26936.0,-0.0,-0.01,-0.01,-23341.0,11327.0,30410.0,147.0,151.0,92.0
1742505857.2868135,0.5,-0.08,0.05,-22672.0,10890.0,22257.0,-0.0,-0.01,-0.01,-22589.0,10953.0,14066.0,1.0,7.0,30.0
1742505857.2986188,0.5,-0.08,0.05,-21920.0,10517.0,5913.0,-0.0,-0.01,-0.01,-21837.0,10580.0,-2277.0,0.0,0.0,0.0
1742505857.30712,0.5,-0.08,0.05,-21167.0,10145.0,-10429.0,-0.0,-0.01,-0.01,-21084.0,10208.0,-18619.0,112.0,98.0,107.0
1742505857.3191192,0.5,-0.08,0.05,-20414.0,9773.0,-26771.0,-0.0,-0.01,-0.01,-20331.0,9835.0,30575.0,3.0,17.0,31.0
1742505857.3311338,0.5,-0.08,0.05,-19662.0,9401.0,22422.0,-0.0,-0.01,-0.01,-19580.0,9463.0,14231.0,79.0,25.0,49.0
1742505857.339619,0.5,-0.08,0.05,-18910.0,9029.0,6078.0,-0.0,-0.01,-0.01,-18828.0,9091.0,-2112.0,0.0,25.0,6.0
1742505857.3556488,0.5,-0.08,0.05,-18157.0,8658.0,-10264.0,-0.0,-0.01,-0.01,-18075.0,8720.0,-18454.0,0.0,0.0,0.0
1742505857.3645594,0.5,-0.08,0.05,-17404.0,8287.0,-26606.0,-0.0,-0.01,-0.01,-17322.0,8349.0,30740.0,0.0,0.0,0.0
1742505857.376535,0.5,-0.08,0.05,-16650.0,7916.0,22587.0,-0.0,-0.01,-0.01,-16568.0,7978.0,14396.0,147.0,161.0,165.0
1742505857.3886158,0.5,-0.08,0.05,-15896.0,7545.0,6243.0,-0.0,-0.01,-0.01,-15814.0,7607.0,-1947.0,0.0,0.0,5.0
1742505857.3970108,0.5,-0.08,0.05,-15142.0,7175.0,-10099.0,-0.0,-0.01,-0.01,-15060.0,7237.0,-18289.0,0.0,0.0,0.0
1742505857.4090106,0.5,-0.08,0.05,-14387.0,6806.0,-26441.0,-0.0,-0.01,-0.01,-14305.0,6868.0,30905.0,63.0,110.0,113.0
1742505857.4175105,0.5,-0.08,0.05,-13632.0,6438.0,22752.0,-0.0,-0.01,-0.01,-13549.0,6500.0,14561.0,0.0,22.0,1.0
1742505857.4295104,0.5,-0.08,0.05,-12875.0,6070.0,6408.0,-0.0,-0.01,-0.01,-12792.0,6132.0,-1782.0,71.0,57.0,31.0
1742505857.441712,0.5,-0.08,0.05,-12119.0,5703.0,-9934.0,-0.0,-0.01,-0.01,-12036.0,5765.0,-18124.0,0.0,0.0,6.0
1742505857.4546952,0.5,-0.08,0.05,-11362.0,5336.0,-26276.0,-0.0,-0.01,-0.01,-11279.0,5398.0,31070.0,0.0,0.0,0.0
1742505857.4669416,0.5,-0.08,0.05,-10605.0,4970.0,22917.0,-0.0,-0.01,-0.01,-10522.0,5032.0,14726.0,0.0,0.0,0.0
1742505857.4749408,0.5,-0.08,0.05,-9847.0,4604.0,6573.0,-0.0,-0.01,-0.01,-9764.0,4666.0,-1617.0,153.0,133.0,155.0
1742505857.486883,0.5,-0.08,0.05,-9089.0,4238.0,-9769.0,-0.0,-0.01,-0.01,-9006.0,4300.0,-17959.0,31.0,1.0,25.0
1742505857.4950657,0.5,-0.08,0.05,-8331.0,3872.0,-26111.0,-0.0,-0.01,-0.01,-8248.0,3934.0,31235.0,0.0,0.0,0.0
1742505857.5075653,0.5,-0.08,0.05,-7572.0,3508.0,23082.0,-0.0,-0.01,-0.01,-7489.0,3570.0,14891.0,23.0,57.0,92.0
1742505857.5195844,0.5,-0.08,0.05,-6813.0,3144.0,6738.0,-0.0,-0.01,-0.01,-6730.0,3206.0,-1452.0,34.0,0.0,0.0
1742505857.5282044,0.5,-0.08,0.05,-6055.0,2781.0,-9604.0,-0.0,-0.01,-0.01,-5972.0,2843.0,-17794.0,153.0,98.0,76.0
1742505857.5401204,0.5,-0.08,0.05,-5296.0,2418.0,-25946.0,-0.0,-0.01,-0.01,-5213.0,2480.0,31400.0,0.0,0.0,0.0
1742505857.5487232,0.5,-0.08,0.05,-4537.0,2056.0,23247.0,-0.0,-0.01,-0.01,-4454.0,2118.0,15056.0,0.0,0.0,0.0
1742505857.5607276,0.5,-0.08,0.05,-3777.0,1694.0,6903.0,-0.0,-0.01,-0.01,-3694.0,1756.0,-1287.0,158.0,166.0,164.0
1742505857.577231,0.5,-0.08,0.05,-3017.0,1333.0,-9439.0,-0.0,-0.01,-0.01,-2934.0,1395.0,-17629.0,90.0,125.0,123.0
1742505857.5852306,0.5,-0.08,0.05,-2257.0,972.0,-25781.0,-0.0,-0.01,-0.01,-2174.0,1035.0,31565.0,0.0,7.0,0.0
1742505857.597231,0.5,-0.08,0.05,-1497.0,612.0,23412.0,-0.0,-0.01,-0.01,-1414.0,675.0,15221.0,102.0,35.0,60.0
1742505857.6057317,0.5,-0.08,0.05,-736.0,252.0,7068.0,-0.0,-0.01,-0.01,-653.0,315.0,-1122.0,0.0,0.0,0.0
1742505857.6176014,0.5,-0.08,0.05,24.0,-107.0,-9274.0,-0.0,-0.01,-0.01,106.0,-43.0,-17464.0,0.0,0.0,0.0
1742505857.626417,0.5,-0.08,0.05,783.0,-464.0,-25616.0,-0.0,-0.01,-0.01,865.0,-400.0,31730.0,140.0,172.0,152.0
1742505857.638418,0.5,-0.08,0.05,1543.0,-821.0,23577.0,-0.0,-0.01,-0.01,1625.0,-757.0,15386.0,9.0,14.0,2.0
1742505857.6469169,0.5,-0.08,0.05,2302.0,-1177.0,7233.0,-0.0,-0.01,-0.01,2384.0,-1113.0,-957.0,0.0,0.0,0.0
1742505857.6594431,0.5,-0.08,0.05,3062.0,-1532.0,-9110.0,-0.0,-0.01,-0.01,3144.0,-1469.0,-17300.0,41.0,116.0,122.0
1742505857.667277,0.5,-0.08,0.05,3822.0,-1887.0,-25453.0,-0.0,-0.01,-0.01,3904.0,-1824.0,31893.0,17.0,11.0,58.0
1742505857.6794724,0.5,-0.08,0.05,4582.0,-2242.0,23739.0,-0.0,-0.01,-0.01,4664.0,-2179.0,15548.0,99.0,73.0,78.0
1742505857.687698,0.5,-0.08,0.05,5343.0,-2597.0,7394.0,-0.0,-0.01,-0.01,5425.0,-2534.0,-796.0,0.0,0.0,0.0
1742505857.6999485,0.5,-0.08,0.05,6104.0,-2952.0,-8948.0,-0.0,-0.01,-0.01,6186.0,-2889.0,-17138.0,0.0,5.0,0.0
1742505857.7164464,0.5,-0.08,0.05,6865.0,-3306.0,-25290.0,-0.0,-0.01,-0.01,6947.0,-3242.0,32056.0,0.0,0.0,0.0
1742505857.7245617,0.5,-0.08,0.05,7627.0,-3659.0,23903.0,-0.0,-0.01,-0.01,7709.0,-3596.0,15712.0,86.0,115.0,145.0
1742505857.7370617,0.5,-0.08,0.05,8389.0,-4013.0,7559.0,-0.0,-0.01,-0.01,8471.0,-3950.0,-631.0,22.0,0.0,47.0
1742505857.7449868,0.5,-0.08,0.05,9151.0,-4366.0,-8783.0,-0.0,-0.01,-0.01,9233.0,-4303.0,-16973.0,77.0,37.0,0.0
1742505857.7576046,0.5,-0.08,0.05,9914.0,-4719.0,-25125.0,-0.0,-0.01,-0.01,9996.0,-4656.0,32221.0,0.0,0.0,0.0
1742505857.7657928,0.5,-0.08,0.05,10677.0,-5072.0,24068.0,-0.0,-0.01,-0.01,10759.0,-5009.0,15877.0,0.0,0.0,0.0
1742505857.7777834,0.5,-0.08,0.05,11439.0,-5424.0,7724.0,-0.0,-0.01,-0.01,11521.0,-5361.0,-466.0,114.0,155.0,135.0
1742505857.7897973,0.5,-0.08,0.05,12202.0,-5775.0,-8618.0,-0.0,-0.01,-0.01,12284.0,-5712.0,-16808.0,0.0,0.0,0.0
1742505857.7981448,0.5,-0.08,0.05,12965.0,-6126.0,-24960.0,-0.0,-0.01,-0.01,13047.0,-6063.0,32386.0,0.0,0.0,0.0
1742505857.8106942,0.5,-0.08,0.05,13728.0,-6477.0,24233.0,-0.0,-0.01,-0.01,13810.0,-6414.0,16042.0,125.0,158.0,180.0
1742505857.8267095,0.5,-0.08,0.05,14492.0,-6827.0,7889.0,-0.0,-0.01,-0.01,14574.0,-6764.0,-301.0,93.0,127.0,113.0
1742505857.8351943,0.5,-0.08,0.05,15256.0,-7177.0,-8453.0,-0.0,-0.01,-0.01,15338.0,-7114.0,-16643.0,0.0,47.0,0.0
1742505857.846986,0.5,-0.08,0.05,16021.0,-7527.0,-24795.0,-0.0,-0.01,-0.01,16103.0,-7464.0,32551.0,66.0,63.0,33.0
1742505857.8559759,0.5,-0.08,0.05,16786.0,-7877.0,24398.0,-0.0,-0.01,-0.01,16868.0,-7814.0,16207.0,0.0,0.0,0.0
1742505857.8678086,0.5,-0.08,0.05,17551.0,-8226.0,8054.0,-0.0,-0.01,-0.01,17633.0,-8163.0,-136.0,7.0,0.0,9.0
1742505857.87635,0.5,-0.08,0.05,18317.0,-8575.0,-8288.0,-0.0,-0.01,-0.01,18399.0,-8512.0,-16478.0,166.0,186.0,156.0
1742505857.8884778,0.5,-0.08,0.05,19083.0,-8924.0,-24630.0,-0.0,-0.01,-0.01,19165.0,-8861.0,32716.0,0.0,0.0,0.0
1742505857.9004433,0.5,-0.08,0.05,19849.0,-9273.0,24563.0,-0.0,-0.01,-0.01,19931.0,-9211.0,16372.0,0.0,0.0,0.0
1742505857.9089432,0.5,-0.08,0.05,20614.0,-9622.0,8219.0,-0.0,-0.01,-0.01,20696.0,-9560.0,28.0,116.0,135.0,106.0
1742505857.9254167,0.5,-0.08,0.05,21380.0,-9970.0,-8124.0,-0.0,-0.01,-0.01,21462.0,-9908.0,-16314.0,64.0,99.0,106.0
1742505857.9374173,0.5,-0.08,0.05,22146.0,-10318.0,-24466.0,-0.0,-0.01,-0.01,22228.0,-10256.0,-32656.0,22.0,8.0,44.0
1742505857.945521,0.5,-0.08,0.05,22912.0,-10666.0,24728.0,-0.0,-0.01,-0.01,22994.0,-10604.0,16537.0,101.0,69.0,20.0
1742505857.958003,0.5,-0.08,0.05,23679.0,-11014.0,8384.0,-0.0,-0.01,-0.01,23761.0,-10952.0,193.0,0.0,0.0,3.0
1742505857.9666061,0.5,-0.08,0.05,24446.0,-11361.0,-7959.0,-0.0,-0.01,-0.01,24528.0,-11299.0,-16149.0,3.0,0.0,0.0
1742505857.9786732,0.5,-0.08,0.05,25213.0,-11708.0,-24301.0,-0.0,-0.01,-0.01,25295.0,-11645.0,-32491.0,180.0,179.0,116.0
1742505857.990623,0.5,-0.08,0.05,25981.0,-12054.0,24893.0,-0.0,-0.01,-0.01,26063.0,-11991.0,16702.0,0.0,0.0,0.0
1742505857.999605,0.5,-0.08,0.05,26749.0,-12399.0,8549.0,-0.0,-0.01,-0.01,26831.0,-12336.0,358.0,0.0,0.0,0.0
1742505858.016113,0.5,-0.08,0.05,27517.0,-12744.0,-7794.0,-0.0,-0.01,-0.01,27599.0,-12681.0,-15984.0,0.0,0.0,0.0
1742505858.0241039,0.5,-0.08,0.05,28286.0,-13089.0,-24136.0,-0.0,-0.01,-0.01,28368.0,-13026.0,-32326.0,84.0,137.0,168.0
1742505858.0356033,0.5,-0.08,0.05,29055.0,-13434.0,25058.0,-0.0,-0.01,-0.01,29137.0,-13371.0,16867.0,16.0,30.0,41.0
1742505858.0481033,0.5,-0.08,0.05,29824.0,-13778.0,8714.0,-0.0,-0.01,-0.01,29906.0,-13715.0,523.0,35.0,5.0,0.0
1742505858.0566313,0.5,-0.08,0.05,30593.0,-14122.0,-7629.0,-0.0,-0.01,-0.01,30675.0,-14059.0,-15819.0,0.0,17.0,28.0
1742505858.0686238,0.5,-0.08,0.05,31363.0,-14466.0,-23971.0,-0.0,-0.01,-0.01,31445.0,-14403.0,-32161.0,0.0,0.0,8.0
1742505858.0771658,0.5,-0.08,0.05,32132.0,-14809.0,25223.0,-0.0,-0.01,-0.01,32214.0,-14746.0,17032.0,98.0,77.0,103.0
1742505858.0892951,0.5,-0.08,0.05,-32635.0,-15152.0,8879.0,-0.0,-0.01,-0.01,-32551.0,-15089.0,688.0,0.0,0.0,0.0
1742505858.105279,0.5,-0.08,0.05,-31862.0,-15493.0,-7464.0,-0.0,-0.01,-0.01,-31778.0,-15430.0,-15654.0,11.0,0.0,0.0
1742505858.1137805,0.5,-0.08,0.05,-31089.0,-15834.0,-23806.0,-0.0,-0.01,-0.01,-31005.0,-15771.0,-31996.0,0.0,0.0,0.0
1742505858.1257784,0.5,-0.08,0.05,-30316.0,-16175.0,25388.0,-0.0,-0.01,-0.01,-30232.0,-16112.0,17197.0,123.0,162.0,124.0
1742505858.1377783,0.5,-0.08,0.05,-29542.0,-16516.0,9044.0,-0.0,-0.01,-0.01,-29458.0,-16453.0,853.0,41.0,39.0,0.0
1742505858.1465287,0.5,-0.08,0.05,-28768.0,-16857.0,-7299.0,-0.0,-0.01,-0.01,-28684.0,-16794.0,-15489.0,0.0,0.0,0.0
1742505858.1589248,0.5,-0.08,0.05,-27994.0,-17198.0,-23641.0,-0.0,-0.01,-0.01,-27910.0,-17135.0,-31831.0,50.0,53.0,61.0
1742505858.1671784,0.5,-0.08,0.05,-27220.0,-17538.0,25553.0,-0.0,-0.01,-0.01,-27136.0,-17475.0,17362.0,16.0,0.0,17.0
1742505858.1831806,0.5,-0.08,0.05,-26445.0,-17878.0,9209.0,-0.0,-0.01,-0.01,-26361.0,-17815.0,1018.0,0.0,0.0,10.0
1742505858.1954932,0.5,-0.08,0.05,-25670.0,-18217.0,-7134.0,-0.0,-0.01,-0.01,-25586.0,-18154.0,-15324.0,176.0,140.0,96.0
1742505858.2039933,0.5,-0.08,0.05,-24895.0,-18556.0,-23476.0,-0.0,-0.01,-0.01,-24811.0,-18493.0,-31666.0,1.0,0.0,0.0
1742505858.215884,0.5,-0.08,0.05,-24120.0,-18895.0,25718.0,-0.0,-0.01,-0.01,-24036.0,-18832.0,17527.0,0.0,0.0,0.0
1742505858.2283735,0.5,-0.08,0.05,-23345.0,-19233.0,9374.0,-0.0,-0.01,-0.01,-23261.0,-19170.0,1183.0,142.0,134.0,161.0
1742505858.2363753,0.5,-0.08,0.05,-22570.0,-19571.0,-6969.0,-0.0,-0.01,-0.01,-22486.0,-19508.0,-15159.0,0.0,0.0,0.0
1742505858.2483904,0.5,-0.08,0.05,-21795.0,-19909.0,-23311.0,-0.0,-0.01,-0.01,-21711.0,-19847.0,-31501.0,0.0,0.0,0.0
1742505858.2610955,0.5,-0.08,0.05,-21020.0,-20248.0,25883.0,-0.0,-0.01,-0.01,-20936.0,-20186.0,17692.0,129.0,164.0,139.0
1742505858.2736018,0.5,-0.08,0.05,-20244.0,-20585.0,9539.0,-0.0,-0.01,-0.01,-20160.0,-20523.0,1348.0,21.0,51.0,97.0
1742505858.285273,0.5,-0.08,0.05,-19468.0,-20922.0,-6804.0,-0.0,-0.01,-0.01,-19384.0,-20860.0,-14994.0,1.0,0.0,8.0
1742505858.2976937,0.5,-0.08,0.05,-18692.0,-21259.0,-23146.0,-0.0,-0.01,-0.01,-18608.0,-21197.0,-31336.0,92.0,101.0,75.0
1742505858.3063555,0.5,-0.08,0.05,-17916.0,-21596.0,26048.0,-0.0,-0.01,-0.01,-17832.0,-21534.0,17857.0,0.0,0.0,0.0
1742505858.318354,0.5,-0.08,0.05,-17139.0,-21932.0,9704.0,-0.0,-0.01,-0.01,-17055.0,-21870.0,1513.0,0.0,0.0,0.0
1742505858.3268561,0.5,-0.08,0.05,-16362.0,-22268.0,-6639.0,-0.0,-0.01,-0.01,-16278.0,-22206.0,-14829.0,144.0,149.0,138.0
1742505858.3388546,0.5,-0.08,0.05,-15585.0,-22604.0,-22981.0,-0.0,-0.01,-0.01,-15501.0,-22542.0,-31171.0,0.0,0.0,0.0
1742505858.3553581,0.5,-0.08,0.05,-14808.0,-22939.0,26213.0,-0.0,-0.01,-0.01,-14724.0,-22877.0,18022.0,0.0,16.0,0.0
1742505858.363597,0.5,-0.08,0.05,-14031.0,-23274.0,9869.0,-0.0,-0.01,-0.01,-13947.0,-23212.0,1678.0,0.0,0.0,0.0
1742505858.3756983,0.5,-0.08,0.05,-13254.0,-23609.0,-6474.0,-0.0,-0.01,-0.01,-13170.0,-23547.0,-14664.0,90.0,81.0,117.0
1742505858.3842015,0.5,-0.08,0.05,-12477.0,-23944.0,-22816.0,-0.0,-0.01,-0.01,-12393.0,-23882.0,-31006.0,0.0,0.0,5.0
1742505858.3960488,0.5,-0.08,0.05,-11699.0,-24279.0,26378.0,-0.0,-0.01,-0.01,-11615.0,-24217.0,18187.0,38.0,15.0,10.0
1742505858.4082189,0.5,-0.08,0.05,-10921.0,-24614.0,10034.0,-0.0,-0.01,-0.01,-10837.0,-24552.0,1843.0,0.0,30.0,48.0
1742505858.4167185,0.5,-0.08,0.05,-10143.0,-24948.0,-6309.0,-0.0,-0.01,-0.01,-10059.0,-24886.0,-14499.0,7.0,0.0,0.0
1742505858.4292881,0.5,-0.08,0.05,-9365.0,-25282.0,-22651.0,-0.0,-0.01,-0.01,-9281.0,-25220.0,-30841.0,123.0,139.0,106.0
1742505858.4451602,0.5,-0.08,0.05,-8587.0,-25616.0,26543.0,-0.0,-0.01,-0.01,-8503.0,-25554.0,18352.0,125.0,152.0,152.0
1742505858.4536974,0.5,-0.08,0.05,-7808.0,-25950.0,10199.0,-0.0,-0.01,-0.01,-7724.0,-25888.0,2008.0,1.0,0.0,0.0
1742505858.4651859,0.5,-0.08,0.05,-7029.0,-26283.0,-6144.0,-0.0,-0.01,-0.01,-6945.0,-26221.0,-14334.0,0.0,0.0,0.0
1742505858.4741962,0.5,-0.08,0.05,-6250.0,-26616.0,-22486.0,-0.0,-0.01,-0.01,-6166.0,-26554.0,-30676.0,142.0,160.0,161.0
1742505858.4865887,0.5,-0.08,0.05,-5471.0,-26949.0,26708.0,-0.0,-0.01,-0.01,-5387.0,-26887.0,18517.0,0.0,0.0,0.0
1742505858.498548,0.5,-0.08,0.05,-4692.0,-27282.0,10364.0,-0.0,-0.01,-0.01,-4608.0,-27220.0,2173.0,1.0,0.0,0.0
1742505858.5070987,0.5,-0.08,0.05,-3913.0,-27615.0,-5979.0,-0.0,-0.01,-0.01,-3829.0,-27553.0,-14169.0,34.0,63.0,81.0
1742505858.5188031,0.5,-0.08,0.05,-3133.0,-27946.0,-22321.0,-0.0,-0.01,-0.01,-3049.0,-27884.0,-30511.0,3.0,0.0,0.0
1742505858.5278192,0.5,-0.08,0.05,-2353.0,-28277.0,26873.0,-0.0,-0.01,-0.01,-2269.0,-28215.0,18682.0,126.0,95.0,87.0
1742505858.543581,0.5,-0.08,0.05,-1573.0,-28608.0,10529.0,-0.0,-0.01,-0.01,-1489.0,-28546.0,2338.0,139.0,163.0,172.0
1742505858.5555794,0.5,-0.08,0.05,-793.0,-28939.0,-5814.0,-0.0,-0.01,-0.01,-709.0,-28877.0,-14004.0,4.0,0.0,0.0
1742505858.5636861,0.5,-0.09,0.05,-12.0,-29270.0,-22156.0,-0.0,-0.01,-0.01,71.0,-29208.0,-30346.0,0.0,0.0,0.0
1742505858.5764298,0.5,-0.09,0.05,767.0,-29601.0,27038.0,-0.0,-0.01,-0.01,851.0,-29539.0,18847.0,134.0,144.0,130.0
1742505858.5846696,0.5,-0.09,0.05,1547.0,-29932.0,10694.0,-0.0,-0.01,-0.01,1631.0,-29870.0,2503.0,5.0,3.0,0.0
1742505858.5967894,0.5,-0.09,0.05,2327.0,-30263.0,-5649.0,-0.0,-0.01,-0.01,2411.0,-30201.0,-13839.0,6.0,0.0,32.0
1742505858.6057894,0.5,-0.09,0.05,3107.0,-30593.0,-21991.0,-0.0,-0.01,-0.01,3191.0,-30531.0,-30181.0,37.0,9.0,46.0
1742505858.6173213,0.5,-0.09,0.05,3887.0,-30923.0,27203.0,-0.0,-0.01,-0.01,3971.0,-30862.0,19012.0,2.0,0.0,0.0
1742505858.6292887,0.5,-0.09,0.05,4667.0,-31254.0,10859.0,-0.0,-0.01,-0.01,4751.0,-31192.0,2668.0,165.0,141.0,121.0
1742505858.6421933,0.5,-0.09,0.05,5447.0,-31584.0,-5484.0,-0.0,-0.01,-0.01,5531.0,-31522.0,-13674.0,177.0,154.0,146.0
1742505858.6542196,0.5,-0.09,0.05,6228.0,-31914.0,-21826.0,-0.0,-0.01,-0.01,6312.0,-31852.0,-30016.0,0.0,0.0,0.0
1742505858.666366,0.5,-0.09,0.05,7009.0,-32243.0,27368.0,-0.0,-0.01,-0.01,7093.0,-32181.0,19177.0,0.0,0.0,0.0
1742505858.6749442,0.5,-0.09,0.05,7790.0,-32572.0,11024.0,-0.0,-0.01,-0.01,7874.0,-32510.0,2833.0,138.0,147.0,140.0
1742505858.6870894,0.5,-0.09,0.05,8571.0,32635.0,-5319.0,-0.0,-0.01,-0.01,8655.0,32696.0,-13509.0,13.0,10.0,53.0
1742505858.6950855,0.5,-0.09,0.05,9352.0,32304.0,-21661.0,-0.0,-0.01,-0.01,9436.0,32365.0,-29851.0,0.0,8.0,8.0
1742505858.7075853,0.5,-0.09,0.05,10133.0,31973.0,27533.0,-0.0,-0.01,-0.01,10217.0,32034.0,19342.0,23.0,33.0,95.0
1742505858.7156672,0.5,-0.09,0.05,10915.0,31643.0,11189.0,-0.0,-0.01,-0.01,10999.0,31704.0,2998.0,0.0,0.0,10.0
1742505858.7322803,0.5,-0.09,0.05,11697.0,31314.0,-5154.0,-0.0,-0.01,-0.01,11781.0,31375.0,-13344.0,0.0,0.0,0.0
1742505858.744582,0.5,-0.09,0.05,12479.0,30985.0,-21496.0,-0.0,-0.01,-0.01,12563.0,31046.0,-29686.0,122.0,154.0,160.0
1742505858.7528749,0.5,-0.09,0.05,13261.0,30656.0,27698.0,-0.0,-0.01,-0.01,13345.0,30717.0,19507.0,18.0,0.0,0.0
1742505858.764989,0.5,-0.09,0.05,14043.0,30327.0,11354.0,-0.0,-0.01,-0.01,14126.0,30388.0,3163.0,0.0,0.0,0.0
1742505858.7770355,0.5,-0.09,0.05,14824.0,29998.0,-4989.0,-0.0,-0.01,-0.01,14907.0,30059.0,-13179.0,138.0,163.0,164.0
1742505858.785536,0.5,-0.09,0.05,15606.0,29669.0,-21331.0,-0.0,-0.01,-0.01,15689.0,29730.0,-29521.0,0.0,26.0,0.0
1742505858.797779,0.5,-0.09,0.05,16388.0,29340.0,27863.0,-0.0,-0.01,-0.01,16471.0,29401.0,19672.0,0.0,0.0,0.0
1742505858.8094006,0.5,-0.09,0.05,17170.0,29011.0,11519.0,-0.0,-0.01,-0.01,17253.0,29072.0,3328.0,94.0,92.0,99.0
1742505858.8224,0.5,-0.09,0.05,17952.0,28683.0,-4824.0,-0.0,-0.01,-0.01,18035.0,28743.0,-13014.0,0.0,4.0,0.0
1742505858.8345087,0.5,-0.09,0.05,18734.0,28354.0,-21166.0,-0.0,-0.01,-0.01,18817.0,28414.0,-29356.0,0.0,0.0,0.0
1742505858.846412,0.5,-0.09,0.05,19516.0,28025.0,28028.0,-0.0,-0.01,-0.01,19599.0,28085.0,19837.0,129.0,106.0,100.0
1742505858.8549166,0.5,-0.09,0.05,20298.0,27696.0,11684.0,-0.0,-0.01,-0.01,20381.0,27756.0,3493.0,3.0,0.0,0.0
1742505858.8673065,0.5,-0.09,0.05,21079.0,27368.0,-4659.0,-0.0,-0.01,-0.01,21162.0,27428.0,-12849.0,0.0,0.0,0.0
1742505858.8754897,0.5,-0.09,0.05,21860.0,27040.0,-21001.0,-0.0,-0.01,-0.01,21943.0,27100.0,-29191.0,157.0,162.0,175.0
1742505858.8876314,0.5,-0.09,0.05,22642.0,26712.0,28193.0,-0.0,-0.01,-0.01,22725.0,26772.0,20002.0,3.0,2.0,0.0
1742505858.8959923,0.5,-0.09,0.05,23424.0,26384.0,11849.0,-0.0,-0.01,-0.01,23507.0,26444.0,3658.0,0.0,0.0,0.0
1742505858.9122286,0.5,-0.09,0.05,24206.0,26056.0,-4494.0,-0.0,-0.01,-0.01,24289.0,26116.0,-12684.0,69.0,32.0,12.0
1742505858.924481,0.5,-0.09,0.05,24988.0,25728.0,-20836.0,-0.0,-0.01,-0.01,25071.0,25788.0,-29026.0,25.0,54.0,35.0
1742505858.9331365,0.5,-0.09,0.05,25770.0,25400.0,28359.0,-0.0,-0.01,-0.01,25853.0,25460.0,20168.0,0.0,0.0,14.0
1742505858.945222,0.5,-0.09,0.05,26552.0,25073.0,12016.0,-0.0,-0.01,-0.01,26635.0,25133.0,3825.0,155.0,114.0,105.0
1742505858.9572465,0.5,-0.09,0.05,27335.0,24746.0,-4327.0,-0.0,-0.01,-0.01,27418.0,24806.0,-12517.0,0.0,0.0,0.0
1742505858.965746,0.5,-0.09,0.05,28118.0,24419.0,-20669.0,-0.0,-0.01,-0.01,28201.0,24479.0,-28859.0,0.0,0.0,0.0
1742505858.977859,0.5,-0.09,0.05,28901.0,24092.0,28525.0,-0.0,-0.01,-0.01,28984.0,24152.0,20334.0,164.0,167.0,147.0
1742505858.994069,0.5,-0.09,0.05,29684.0,23765.0,12181.0,-0.0,-0.01,-0.01,29767.0,23825.0,3990.0,117.0,140.0,156.0
1742505859.002569,0.5,-0.09,0.05,30467.0,23438.0,-4162.0,-0.0,-0.01,-0.01,30550.0,23498.0,-12352.0,48.0,29.0,0.0
1742505859.0145695,0.5,-0.09,0.05,31251.0,23112.0,-20504.0,-0.0,-0.01,-0.01,31334.0,23172.0,-28694.0,0.0,0.0,0.0
1742505859.0233023,0.5,-0.09,0.05,32035.0,22786.0,28690.0,-0.0,-0.01,-0.01,32118.0,22846.0,20499.0,71.0,86.0,83.0
1742505859.0356407,0.5,-0.09,0.05,-32717.0,22461.0,12346.0,-0.0,-0.01,-0.01,-32634.0,22521.0,4155.0,0.0,42.0,17.0
1742505859.0476365,0.5,-0.09,0.05,-31932.0,22136.0,-3997.0,-0.0,-0.01,-0.01,-31849.0,22196.0,-12187.0,34.0,43.0,21.0
1742505859.055663,0.5,-0.09,0.05,-31147.0,21811.0,-20339.0,-0.0,-0.01,-0.01,-31063.0,21871.0,-28529.0,15.0,10.0,41.0
1742505859.0676715,0.5,-0.09,0.05,-30361.0,21486.0,28855.0,-0.0,-0.01,-0.01,-30277.0,21545.0,20664.0,16.0,18.0,22.0
1742505859.0843077,0.5,-0.09,0.05,-29574.0,21160.0,12511.0,-0.0,-0.01,-0.01,-29491.0,21220.0,4320.0,0.0,0.0,0.0
1742505859.0928056,0.5,-0.09,0.05,-28788.0,20835.0,-3832.0,-0.0,-0.01,-0.01,-28704.0,20895.0,-12022.0,161.0,145.0,169.0
1742505859.1050353,0.5,-0.09,0.05,-28001.0,20510.0,-20174.0,-0.0,-0.01,-0.01,-27917.0,20570.0,-28364.0,2.0,0.0,0.0
1742505859.1133294,0.5,-0.09,0.05,-27215.0,20186.0,29020.0,-0.0,-0.01,-0.01,-27131.0,20246.0,20829.0,0.0,0.0,0.0
1742505859.1253288,0.5,-0.09,0.05,-26429.0,19862.0,12676.0,-0.0,-0.01,-0.01,-26345.0,19922.0,4485.0,180.0,150.0,175.0
1742505859.1373448,0.5,-0.09,0.05,-25643.0,19538.0,-3667.0,-0.0,-0.01,-0.01,-25559.0,19598.0,-11857.0,0.0,19.0,0.0
1742505859.1461253,0.5,-0.09,0.05,-24857.0,19214.0,-20009.0,-0.0,-0.01,-0.01,-24773.0,19273.0,-28199.0,0.0,0.0,0.0
1742505859.1623373,0.5,-0.09,0.05,-24071.0,18889.0,29185.0,-0.0,-0.01,-0.01,-23987.0,18949.0,20994.0,96.0,51.0,34.0
1742505859.174421,0.5,-0.09,0.05,-23285.0,18565.0,12841.0,-0.0,-0.01,-0.01,-23201.0,18625.0,4650.0,0.0,23.0,2.0
1742505859.1829205,0.5,-0.09,0.05,-22499.0,18242.0,-3502.0,-0.0,-0.01,-0.01,-22415.0,18302.0,-11692.0,20.0,0.0,0.0
1742505859.1950634,0.5,-0.09,0.05,-21712.0,17919.0,-19844.0,-0.0,-0.01,-0.01,-21628.0,17978.0,-28034.0,120.0,123.0,164.0
1742505859.2070441,0.5,-0.09,0.05,-20925.0,17595.0,29350.0,-0.0,-0.01,-0.01,-20841.0,17654.0,21159.0,0.0,0.0,0.0
1742505859.215529,0.5,-0.09,0.05,-20138.0,17271.0,13006.0,-0.0,-0.01,-0.01,-20054.0,17330.0,4815.0,0.0,0.0,0.0
1742505859.2275283,0.5,-0.09,0.05,-19351.0,16947.0,-3337.0,-0.0,-0.01,-0.01,-19267.0,17006.0,-11527.0,173.0,151.0,124.0
1742505859.2362309,0.5,-0.09,0.05,-18564.0,16623.0,-19679.0,-0.0,-0.01,-0.01,-18480.0,16682.0,-27869.0,0.0,13.0,0.0
1742505859.252232,0.5,-0.09,0.05,-17776.0,16299.0,29515.0,-0.0,-0.01,-0.01,-17692.0,16358.0,21324.0,0.0,4.0,15.0
1742505859.2637465,0.5,-0.09,0.05,-16988.0,15976.0,13171.0,-0.0,-0.01,-0.01,-16904.0,16034.0,4980.0,19.0,0.0,0.0
1742505859.2727375,0.5,-0.09,0.05,-16200.0,15652.0,-3172.0,-0.0,-0.01,-0.01,-16116.0,15711.0,-11362.0,46.0,61.0,51.0
1742505859.2852404,0.5,-0.09,0.05,-15412.0,15329.0,-19514.0,-0.0,-0.01,-0.01,-15328.0,15387.0,-27704.0,0.0,12.0,0.0
1742505859.2972383,0.5,-0.09,0.05,-14624.0,15005.0,29680.0,-0.0,-0.01,-0.01,-14540.0,15063.0,21489.0,69.0,60.0,72.0
1742505859.305738,0.5,-0.09,0.05,-13836.0,14681.0,13336.0,-0.0,-0.01,-0.01,-13752.0,14739.0,5145.0,0.0,0.0,0.0
1742505859.317738,0.5,-0.09,0.05,-13048.0,14357.0,-3007.0,-0.0,-0.01,-0.01,-12963.0,14415.0,-11197.0,0.0,0.0,35.0
1742505859.3262384,0.5,-0.09,0.05,-12259.0,14033.0,-19349.0,-0.0,-0.01,-0.01,-12174.0,14090.0,-27539.0,156.0,136.0,156.0
1742505859.3427713,0.5,-0.09,0.05,-11472.0,13706.0,29845.0,-0.0,-0.01,-0.01,-11387.0,13763.0,21654.0,166.0,142.0,121.0
1742505859.3544116,0.5,-0.09,0.05,-10686.0,13375.0,13502.0,-0.0,-0.01,-0.01,-10602.0,13433.0,5311.0,55.0,66.0,0.0
1742505859.3634124,0.5,-0.09,0.05,-9904.0,13044.0,-2841.0,-0.0,-0.01,-0.01,-9820.0,13103.0,-11031.0,0.0,0.0,0.0
1742505859.375377,0.5,-0.09,0.05,-9124.0,12722.0,-19184.0,-0.0,-0.01,-0.01,-9040.0,12783.0,-27374.0,143.0,143.0,151.0
1742505859.3873117,0.5,-0.08,0.05,-8346.0,12410.0,30009.0,-0.0,-0.01,-0.01,-8263.0,12473.0,21818.0,75.0,69.0,51.0
1742505859.3958702,0.49,-0.08,0.04,-7570.0,12123.0,13663.0,-0.0,-0.01,-0.01,-7487.0,12187.0,5472.0,113.0,67.0,45.0
1742505859.407863,0.49,-0.08,0.04,-6794.0,11867.0,-2683.0,-0.0,-0.01,-0.01,-6711.0,11932.0,-10873.0,29.0,77.0,68.0
1742505859.4241982,0.49,-0.09,0.03,-6013.0,11718.0,-19032.0,-0.0,-0.01,-0.01,-5929.0,11785.0,-27222.0,0.0,0.0,0.0
1742505859.432698,0.49,-0.09,0.02,-5223.0,11658.0,30154.0,-0.0,-0.01,-0.01,-5139.0,11725.0,21963.0,0.0,0.0,0.0
1742505859.4449039,0.48,-0.09,0.0,-4425.0,11698.0,13802.0,-0.0,-0.01,-0.01,-4341.0,11764.0,5611.0,151.0,124.0,145.0
1742505859.453407,0.48,-0.09,-0.01,-3616.0,11862.0,-2547.0,-0.0,-0.01,-0.01,-3531.0,11927.0,-10737.0,0.0,0.0,0.0
1742505859.465406,0.48,-0.09,-0.03,-2793.0,12174.0,-18891.0,-0.0,-0.01,-0.01,-2708.0,12238.0,-27081.0,0.0,0.0,0.0
1742505859.4776218,0.47,-0.09,-0.05,-1956.0,12650.0,30309.0,-0.0,-0.01,-0.01,-1870.0,12712.0,22118.0,113.0,155.0,128.0
1742505859.4860854,0.47,-0.09,-0.07,-1101.0,13300.0,13983.0,-0.0,-0.01,-0.01,-1015.0,13360.0,5792.0,0.0,9.0,0.0
1742505859.497904,0.47,-0.1,-0.09,-228.0,14126.0,-2325.0,-0.0,-0.01,-0.01,-141.0,14184.0,-10515.0,16.0,5.0,0.0
1742505859.5064037,0.46,-0.1,-0.12,661.0,15129.0,-18612.0,-0.0,-0.01,-0.01,748.0,15185.0,-26802.0,0.0,38.0,56.0
1742505859.5229034,0.45,-0.1,-0.16,1583.0,16481.0,30690.0,-0.0,-0.01,-0.01,1671.0,16534.0,22499.0,0.0,0.0,0.0
1742505859.5309055,0.45,-0.1,-0.18,2519.0,17990.0,14482.0,-0.0,-0.01,-0.01,2607.0,18041.0,6291.0,0.0,0.0,0.0
1742505859.5429237,0.45,-0.11,-0.2,3468.0,19638.0,-1696.0,-0.0,-0.01,-0.01,3556.0,19688.0,-9886.0,168.0,137.0,140.0
1742505859.55541,0.44,-0.11,-0.21,4429.0,21410.0,-17846.0,-0.0,-0.01,-0.01,4517.0,21460.0,-26036.0,9.0,0.0,0.0
1742505859.5634615,0.44,-0.11,-0.23,5401.0,23291.0,31565.0,-0.0,-0.01,-0.01,5489.0,23341.0,23374.0,0.0,0.0,0.0
1742505859.5755138,0.44,-0.11,-0.24,6380.0,25258.0,15460.0,-0.0,-0.01,-0.01,6469.0,25308.0,7269.0,112.0,91.0,115.0
1742505859.584362,0.44,-0.11,-0.25,7365.0,27291.0,-627.0,-0.0,-0.01,-0.01,7454.0,27340.0,-8817.0,0.0,0.0,0.0
1742505859.5964231,0.43,-0.11,-0.25,8353.0,29370.0,-16701.0,-0.0,-0.01,-0.01,8442.0,29420.0,-24891.0,35.0,10.0,0.0
1742505859.6082404,0.43,-0.11,-0.26,9343.0,31485.0,-32766.0,-0.0,-0.01,-0.01,9432.0,31534.0,24580.0,2.0,0.0,13.0
1742505859.6208618,0.43,-0.11,-0.26,10328.0,-31935.0,16704.0,-0.0,-0.01,-0.01,10416.0,-31881.0,8513.0,0.0,0.0,0.0
1742505859.633297,0.43,-0.11,-0.25,11306.0,-29841.0,629.0,-0.0,-0.01,-0.01,11393.0,-29785.0,-7561.0,0.0,0.0,0.0
1742505859.6452966,0.44,-0.11,-0.25,12275.0,-27793.0,-15458.0,-0.0,-0.01,-0.01,12362.0,-27734.0,-23648.0,124.0,148.0,166.0
1742505859.6538055,0.44,-0.11,-0.24,13236.0,-25794.0,-31558.0,-0.0,-0.01,-0.01,13322.0,-25733.0,25788.0,0.0,0.0,0.0
1742505859.6659787,0.44,-0.11,-0.23,14188.0,-23846.0,17863.0,-0.0,-0.01,-0.01,14274.0,-23783.0,9672.0,0.0,0.0,0.0
1742505859.6745715,0.44,-0.11,-0.23,15135.0,-21944.0,1735.0,-0.0,-0.01,-0.01,15222.0,-21881.0,-6455.0,145.0,131.0,115.0
1742505859.6866305,0.44,-0.1,-0.22,16079.0,-20076.0,-14399.0,-0.0,-0.01,-0.01,16166.0,-20014.0,-22589.0,0.0,9.0,0.0
1742505859.7028747,0.44,-0.1,-0.22,17019.0,-18224.0,-30536.0,-0.0,-0.01,-0.01,17107.0,-18165.0,26810.0,0.0,4.0,24.0
1742505859.7113905,0.44,-0.1,-0.22,17962.0,-16361.0,18865.0,-0.0,-0.01,-0.01,18050.0,-16305.0,10674.0,79.0,35.0,13.0
1742505859.7229917,0.44,-0.1,-0.23,18906.0,-14482.0,2733.0,-0.0,-0.01,-0.01,18995.0,-14428.0,-5457.0,0.0,0.0,0.0
1742505859.7355275,0.44,-0.1,-0.23,19850.0,-12587.0,-13393.0,-0.0,-0.01,-0.01,19939.0,-12535.0,-21583.0,0.0,0.0,0.0
1742505859.7440271,0.44,-0.1,-0.23,20790.0,-10683.0,-29517.0,-0.0,-0.01,-0.01,20878.0,-10633.0,27829.0,155.0,134.0,96.0
1742505859.7560313,0.44,-0.1,-0.23,21723.0,-8780.0,19894.0,-0.0,-0.01,-0.01,21811.0,-8730.0,11703.0,0.0,0.0,0.0
1742505859.7645314,0.44,-0.1,-0.23,22648.0,-6892.0,3764.0,-0.0,-0.01,-0.01,22736.0,-6841.0,-4426.0,0.0,0.0,0.0
1742505859.7765844,0.44,-0.1,-0.22,23562.0,-5030.0,-12372.0,-0.0,-0.01,-0.01,23650.0,-4978.0,-20562.0,157.0,135.0,108.0
1742505859.7928872,0.44,-0.1,-0.21,24453.0,-3246.0,-28527.0,-0.0,-0.01,-0.01,24541.0,-3190.0,28819.0,110.0,120.0,150.0
1742505859.8013875,0.44,-0.1,-0.21,25335.0,-1493.0,20844.0,-0.0,-0.01,-0.01,25424.0,-1436.0,12653.0,12.0,3.0,0.0
1742505859.813197,0.44,-0.1,-0.21,26214.0,232.0,4672.0,-0.0,-0.01,-0.01,26303.0,288.0,-3518.0,17.0,0.0,0.0
1742505859.8254983,0.44,-0.1,-0.2,27092.0,1936.0,-11502.0,-0.0,-0.01,-0.01,27181.0,1992.0,-19692.0,2.0,20.0,52.0
1742505859.83374,0.44,-0.1,-0.2,27973.0,3634.0,-27677.0,-0.0,-0.01,-0.01,28062.0,3689.0,29669.0,0.0,0.0,0.0
1742505859.8462172,0.44,-0.1,-0.2,28858.0,5337.0,21684.0,-0.0,-0.01,-0.01,28947.0,5392.0,13493.0,91.0,104.0,84.0
1742505859.854671,0.44,-0.1,-0.21,29747.0,7053.0,5511.0,-0.0,-0.01,-0.01,29835.0,7106.0,-2679.0,0.0,0.0,0.0
1742505859.866171,0.44,-0.1,-0.21,30638.0,8778.0,-10657.0,-0.0,-0.01,-0.01,30726.0,8830.0,-18847.0,0.0,0.0,0.0
1742505859.8829527,0.44,-0.1,-0.21,31528.0,10502.0,-26825.0,-0.0,-0.01,-0.01,31615.0,10552.0,30521.0,0.0,0.0,0.0
1742505859.8914533,0.44,-0.1,-0.21,32413.0,12212.0,22539.0,-0.0,-0.01,-0.01,32501.0,12262.0,14348.0,108.0,142.0,150.0
1742505859.903454,0.44,-0.1,-0.2,-32244.0,13900.0,6360.0,-0.0,-0.01,-0.01,-32155.0,13950.0,-1830.0,1.0,0.0,11.0
1742505859.9119534,0.44,-0.1,-0.2,-31373.0,15559.0,-9823.0,-0.0,-0.01,-0.01,-31284.0,15609.0,-18013.0,0.0,0.0,0.0
1742505859.923954,0.44,-0.09,-0.19,-30513.0,17186.0,-26014.0,-0.0,-0.01,-0.01,-30423.0,17237.0,31332.0,68.0,85.0,86.0
1742505859.9359522,0.44,-0.09,-0.19,-29662.0,18787.0,23324.0,-0.0,-0.01,-0.01,-29571.0,18839.0,15133.0,0.0,7.0,22.0
1742505859.9444537,0.44,-0.09,-0.19,-28821.0,20370.0,7120.0,-0.0,-0.01,-0.01,-28731.0,20422.0,-1070.0,77.0,37.0,65.0
1742505859.9564574,0.44,-0.09,-0.19,-27987.0,21940.0,-9084.0,-0.0,-0.01,-0.01,-27896.0,21991.0,-17274.0,0.0,0.0,0.0
1742505859.972982,0.44,-0.09,-0.19,-27151.0,23506.0,-25289.0,-0.0,-0.01,-0.01,-27059.0,23555.0,32057.0,0.0,0.0,0.0
1742505859.9814827,0.44,-0.09,-0.19,-26311.0,25077.0,24043.0,-0.0,-0.01,-0.01,-26219.0,25126.0,15852.0,0.0,0.0,0.0
1742505859.9944832,0.44,-0.09,-0.19,-25469.0,26656.0,7839.0,-0.0,-0.01,-0.01,-25378.0,26705.0,-351.0,121.0,131.0,161.0
1742505860.0029824,0.44,-0.09,-0.19,-24627.0,28237.0,-8362.0,-0.0,-0.01,-0.01,-24536.0,28286.0,-16552.0,0.0,2.0,0.0
1742505860.014482,0.44,-0.09,-0.19,-23785.0,29812.0,-24564.0,-0.0,-0.01,-0.01,-23695.0,29861.0,-32754.0,0.0,0.0,0.0
1742505860.0264814,0.44,-0.09,-0.19,-22945.0,31376.0,24767.0,-0.0,-0.01,-0.01,-22855.0,31426.0,16576.0,118.0,124.0,121.0
1742505860.0344815,0.44,-0.09,-0.18,-22108.0,-32615.0,8556.0,-0.0,-0.01,-0.01,-22018.0,-32564.0,365.0,0.0,0.0,0.0
1742505860.051286,0.44,-0.09,-0.18,-21287.0,-31120.0,-7665.0,-0.0,-0.01,-0.01,-21197.0,-31069.0,-15855.0,0.0,16.0,0.0
1742505860.0632892,0.44,-0.09,-0.17,-20473.0,-29649.0,-23889.0,-0.0,-0.01,-0.01,-20382.0,-29598.0,-32079.0,121.0,99.0,77.0
1742505860.0717928,0.44,-0.09,-0.17,-19666.0,-28194.0,25419.0,-0.0,-0.01,-0.01,-19575.0,-28144.0,17228.0,0.0,0.0,0.0
1742505860.0837932,0.44,-0.09,-0.17,-18863.0,-26750.0,9187.0,-0.0,-0.01,-0.01,-18771.0,-26701.0,996.0,0.0,0.0,0.0
1742505860.096294,0.44,-0.09,-0.17,-18062.0,-25311.0,-7046.0,-0.0,-0.01,-0.01,-17970.0,-25263.0,-15236.0,135.0,129.0,111.0
1742505860.1042933,0.44,-0.09,-0.17,-17263.0,-23870.0,-23277.0,-0.0,-0.01,-0.01,-17171.0,-23822.0,-31467.0,0.0,0.0,0.0
1742505860.1167111,0.44,-0.09,-0.17,-16464.0,-22422.0,26029.0,-0.0,-0.01,-0.01,-16372.0,-22374.0,17838.0,0.0,0.0,0.0
1742505860.1251109,0.44,-0.09,-0.17,-15664.0,-20968.0,9798.0,-0.0,-0.01,-0.01,-15572.0,-20921.0,1607.0,172.0,148.0,145.0
1742505860.1411104,0.44,-0.09,-0.17,-14864.0,-19522.0,-6433.0,-0.0,-0.01,-0.01,-14773.0,-19474.0,-14623.0,130.0,160.0,118.0
1742505860.1533277,0.45,-0.09,-0.17,-14067.0,-18088.0,-22665.0,-0.0,-0.01,-0.01,-13976.0,-18039.0,-30855.0,0.0,0.0,14.0
1742505860.1618273,0.45,-0.09,-0.17,-13274.0,-16670.0,26636.0,-0.0,-0.01,-0.01,-13183.0,-16621.0,18445.0,6.0,0.0,0.0
1742505860.1741157,0.45,-0.09,-0.17,-12485.0,-15274.0,10394.0,-0.0,-0.01,-0.01,-12394.0,-15224.0,2203.0,73.0,69.0,84.0
1742505860.1860642,0.45,-0.08,-0.16,-11701.0,-13902.0,-5851.0,-0.0,-0.01,-0.01,-11610.0,-13852.0,-14041.0,0.0,3.0,6.0
1742505860.1945658,0.45,-0.08,-0.16,-10923.0,-12550.0,-22099.0,-0.0,-0.01,-0.01,-10832.0,-12501.0,-30289.0,78.0,59.0,47.0
1742505860.210564,0.45,-0.08,-0.16,-10152.0,-11219.0,27185.0,-0.0,-0.01,-0.01,-10060.0,-11170.0,18994.0,128.0,124.0,115.0
1742505860.2230742,0.45,-0.08,-0.16,-9382.0,-9891.0,10931.0,-0.0,-0.01,-0.01,-9290.0,-9844.0,2740.0,0.0,0.0,0.0
1742505860.231157,0.45,-0.08,-0.16,-8613.0,-8563.0,-5322.0,-0.0,-0.01,-0.01,-8520.0,-8517.0,-13512.0,0.0,0.0,0.0
1742505860.2436569,0.45,-0.08,-0.16,-7844.0,-7230.0,-21574.0,-0.0,-0.01,-0.01,-7751.0,-7184.0,-29764.0,160.0,156.0,151.0
1742505860.2516568,0.45,-0.08,-0.16,-7076.0,-5893.0,27712.0,-0.0,-0.01,-0.01,-6983.0,-5847.0,19521.0,0.0,23.0,8.0
1742505860.2641613,0.45,-0.08,-0.16,-6309.0,-4557.0,11459.0,-0.0,-0.01,-0.01,-6217.0,-4511.0,3268.0,0.0,0.0,0.0
1742505860.2761664,0.45,-0.08,-0.16,-5544.0,-3228.0,-4794.0,-0.0,-0.01,-0.01,-5452.0,-3182.0,-12984.0,64.0,63.0,89.0
1742505860.284666,0.45,-0.08,-0.16,-4783.0,-1911.0,-21048.0,-0.0,-0.01,-0.01,-4691.0,-1864.0,-29238.0,0.0,5.0,0.0
1742505860.296166,0.45,-0.08,-0.15,-4025.0,-609.0,28231.0,-0.0,-0.01,-0.01,-3933.0,-562.0,20040.0,150.0,55.0,68.0
1742505860.3088067,0.45,-0.08,-0.15,-3276.0,653.0,11965.0,-0.0,-0.01,-0.01,-3184.0,700.0,3774.0,114.0,90.0,117.0
1742505860.3210547,0.45,-0.08,-0.15,-2532.0,1898.0,-4302.0,-0.0,-0.01,-0.01,-2440.0,1945.0,-12492.0,0.0,5.0,0.0
1742505860.3295538,0.45,-0.08,-0.15,-1790.0,3132.0,-20570.0,-0.0,-0.01,-0.01,-1697.0,3178.0,-28760.0,0.0,0.0,0.0
1742505860.3420534,0.45,-0.08,-0.15,-1049.0,4360.0,28696.0,-0.0,-0.01,-0.01,-956.0,4406.0,20505.0,132.0,126.0,139.0
1742505860.3540566,0.45,-0.08,-0.15,-310.0,5587.0,12424.0,-0.0,-0.01,-0.01,-217.0,5632.0,4233.0,0.0,23.0,40.0
1742505860.3625567,0.45,-0.08,-0.15,428.0,6813.0,-3847.0,-0.0,-0.01,-0.01,520.0,6858.0,-12037.0,76.0,13.0,16.0
1742505860.3743718,0.45,-0.08,-0.15,1165.0,8044.0,-20117.0,-0.0,-0.01,-0.01,1257.0,8088.0,-28307.0,6.0,23.0,16.0
1742505860.3828726,0.45,-0.08,-0.15,1902.0,9275.0,29151.0,-0.0,-0.01,-0.01,1994.0,9319.0,20960.0,0.0,0.0,4.0
1742505860.3948836,0.45,-0.08,-0.15,2638.0,10503.0,12879.0,-0.0,-0.01,-0.01,2730.0,10547.0,4688.0,92.0,172.0,132.0
1742505860.4039488,0.45,-0.08,-0.14,3371.0,11723.0,-3392.0,-0.0,-0.01,-0.01,3462.0,11767.0,-11582.0,0.0,0.0,0.0
1742505860.41565,0.45,-0.08,-0.14,4100.0,12932.0,-19664.0,-0.0,-0.01,-0.01,4191.0,12977.0,-27854.0,0.0,0.0,0.0
1742505860.4281497,0.45,-0.08,-0.14,4820.0,14111.0,29594.0,-0.0,-0.01,-0.01,4911.0,14156.0,21403.0,98.0,141.0,67.0
1742505860.4401512,0.45,-0.08,-0.14,5535.0,15275.0,13312.0,-0.0,-0.01,-0.01,5627.0,15320.0,5121.0,91.0,89.0,119.0
1742505860.4525285,0.45,-0.08,-0.14,6248.0,16426.0,-2971.0,-0.0,-0.01,-0.01,6340.0,16471.0,-11161.0,23.0,0.0,26.0
1742505860.4645305,0.45,-0.08,-0.13,6958.0,17569.0,-19255.0,-0.0,-0.01,-0.01,7050.0,17614.0,-27445.0,74.0,41.0,12.0
1742505860.4731429,0.45,-0.08,-0.13,7667.0,18708.0,29997.0,-0.0,-0.01,-0.01,7759.0,18752.0,21806.0,7.0,0.0,25.0
1742505860.485142,0.45,-0.08,-0.13,8375.0,19845.0,13711.0,-0.0,-0.01,-0.01,8467.0,19889.0,5520.0,15.0,24.0,0.0
1742505860.4936595,0.45,-0.08,-0.13,9084.0,20983.0,-2574.0,-0.0,-0.01,-0.01,9177.0,21027.0,-10764.0,145.0,157.0,69.0
1742505860.5056553,0.45,-0.08,-0.13,9793.0,22123.0,-18858.0,-0.0,-0.01,-0.01,9886.0,22166.0,-27048.0,13.0,0.0,0.0
1742505860.5178258,0.45,-0.08,-0.13,10500.0,23258.0,30394.0,-0.0,-0.01,-0.01,10592.0,23301.0,22203.0,0.0,20.0,0.0
1742505860.5303257,0.45,-0.07,-0.13,11204.0,24384.0,14106.0,-0.0,-0.01,-0.01,11296.0,24428.0,5915.0,0.0,0.0,0.0
1742505860.542463,0.45,-0.07,-0.13,11906.0,25500.0,-2183.0,-0.0,-0.01,-0.01,11998.0,25544.0,-10373.0,90.0,123.0,115.0
1742505860.5509636,0.45,-0.07,-0.13,12604.0,26604.0,-18473.0,-0.0,-0.01,-0.01,12696.0,26648.0,-26663.0,19.0,28.0,0.0
1742505860.5629735,0.45,-0.07,-0.13,13299.0,27693.0,30771.0,-0.0,-0.01,-0.01,13391.0,27737.0,22580.0,9.0,0.0,0.0
1742505860.5747974,0.45,-0.07,-0.13,13989.0,28770.0,14475.0,-0.0,-0.01,-0.01,14081.0,28814.0,6284.0,71.0,66.0,56.0
1742505860.5832946,0.45,-0.07,-0.13,14677.0,29837.0,-1821.0,-0.0,-0.01,-0.01,14770.0,29880.0,-10011.0,68.0,0.0,32.0
1742505860.595812,0.45,-0.07,-0.12,15363.0,30898.0,-18117.0,-0.0,-0.01,-0.01,15456.0,30941.0,-26307.0,86.0,44.0,60.0
1742505860.611954,0.45,-0.07,-0.12,16047.0,31956.0,31123.0,-0.0,-0.01,-0.01,16140.0,31998.0,22932.0,171.0,147.0,121.0
1742505860.6203663,0.45,-0.07,-0.12,16731.0,-32522.0,14825.0,-0.0,-0.01,-0.01,16824.0,-32479.0,6634.0,0.0,0.0,0.0
1742505860.6326773,0.45,-0.07,-0.12,17414.0,-31461.0,-1472.0,-0.0,-0.01,-0.01,17507.0,-31418.0,-9662.0,0.0,0.0,0.0
1742505860.644949,0.45,-0.07,-0.12,18096.0,-30402.0,-17768.0,-0.0,-0.01,-0.01,18189.0,-30359.0,-25958.0,159.0,151.0,126.0
1742505860.6529758,0.45,-0.07,-0.12,18778.0,-29348.0,31470.0,-0.0,-0.01,-0.01,18870.0,-29305.0,23279.0,0.0,4.0,0.0
1742505860.665067,0.45,-0.07,-0.12,19456.0,-28303.0,15170.0,-0.0,-0.01,-0.01,19548.0,-28259.0,6979.0,0.0,0.0,0.0
1742505860.6735926,0.45,-0.07,-0.12,20132.0,-27268.0,-1131.0,-0.0,-0.01,-0.01,20224.0,-27224.0,-9321.0,101.0,146.0,154.0
1742505860.6897738,0.45,-0.07,-0.12,20802.0,-26256.0,-17434.0,-0.0,-0.01,-0.01,20894.0,-26212.0,-25624.0,0.0,0.0,0.0
1742505860.7022285,0.45,-0.07,-0.12,21468.0,-25254.0,31798.0,-0.0,-0.01,-0.01,21561.0,-25211.0,23607.0,0.0,18.0,25.0
1742505860.7099664,0.45,-0.07,-0.12,22133.0,-24260.0,15490.0,-0.0,-0.01,-0.01,22226.0,-24217.0,7299.0,76.0,90.0,78.0
1742505860.722421,0.45,-0.07,-0.12,22796.0,-23269.0,-817.0,-0.0,-0.01,-0.01,22889.0,-23227.0,-9007.0,0.0,0.0,0.0
1742505860.7349217,0.45,-0.07,-0.12,23458.0,-22280.0,-17123.0,-0.0,-0.01,-0.01,23551.0,-22238.0,-25313.0,0.0,0.0,0.0
1742505860.7434218,0.45,-0.07,-0.12,24120.0,-21291.0,32107.0,-0.0,-0.01,-0.01,24213.0,-21249.0,23916.0,173.0,181.0,125.0
1742505860.7554266,0.45,-0.07,-0.12,24781.0,-20303.0,15799.0,-0.0,-0.01,-0.01,24874.0,-20261.0,7608.0,0.0,0.0,0.0
1742505860.7639275,0.45,-0.07,-0.12,25442.0,-19315.0,-508.0,-0.0,-0.01,-0.01,25535.0,-19273.0,-8698.0,0.0,0.0,0.0
1742505860.779979,0.45,-0.07,-0.11,26100.0,-18337.0,-16816.0,-0.0,-0.01,-0.01,26193.0,-18295.0,-25006.0,154.0,116.0,108.0
1742505860.7926297,0.45,-0.07,-0.11,26757.0,-17368.0,32411.0,-0.0,-0.01,-0.01,26850.0,-17325.0,24220.0,110.0,89.0,97.0
1742505860.8006258,0.45,-0.07,-0.11,27411.0,-16408.0,16099.0,-0.0,-0.01,-0.01,27504.0,-16365.0,7908.0,15.0,5.0,7.0
1742505860.8126261,0.45,-0.07,-0.11,28062.0,-15457.0,-214.0,-0.0,-0.01,-0.01,28155.0,-15414.0,-8404.0,65.0,32.0,12.0
1742505860.8251243,0.45,-0.07,-0.11,28712.0,-14516.0,-16527.0,-0.0,-0.01,-0.01,28805.0,-14474.0,-24717.0,21.0,42.0,49.0
1742505860.8336241,0.45,-0.07,-0.11,29359.0,-13583.0,32695.0,-0.0,-0.01,-0.01,29452.0,-13541.0,24504.0,18.0,0.0,57.0
1742505860.8456302,0.45,-0.07,-0.11,30004.0,-12655.0,16379.0,-0.0,-0.01,-0.01,30097.0,-12613.0,8188.0,149.0,80.0,105.0
1742505860.8580513,0.45,-0.07,-0.11,30647.0,-11730.0,62.0,-0.0,-0.01,-0.0,30740.0,-11689.0,-8128.0,135.0,117.0,124.0
1742505860.8701694,0.45,-0.07,-0.11,31290.0,-10805.0,-16253.0,-0.0,-0.01,-0.0,31383.0,-10764.0,-24443.0,21.0,0.0,3.0
1742505860.8822458,0.45,-0.07,-0.11,31932.0,-9881.0,-32568.0,-0.0,-0.01,-0.0,32025.0,-9840.0,24778.0,0.0,0.0,0.0
1742505860.8909147,0.45,-0.07,-0.11,32573.0,-8959.0,16652.0,-0.0,-0.01,-0.0,32666.0,-8918.0,8461.0,169.0,165.0,193.0
1742505860.902915,0.45,-0.07,-0.11,-32323.0,-8042.0,334.0,-0.0,-0.01,-0.0,-32229.0,-8001.0,-7856.0,0.0,0.0,0.0
1742505860.91492,0.45,-0.07,-0.11,-31683.0,-7130.0,-15982.0,-0.0,-0.01,-0.0,-31589.0,-7089.0,-24172.0,12.0,0.0,0.0
1742505860.9235635,0.45,-0.07,-0.11,-31045.0,-6227.0,-32300.0,-0.0,-0.01,-0.0,-30951.0,-6186.0,25046.0,57.0,82.0,96.0
1742505860.935701,0.45,-0.07,-0.1,-30409.0,-5333.0,16917.0,-0.0,-0.01,-0.0,-30315.0,-5292.0,8726.0,8.0,18.0,13.0
1742505860.9482007,0.45,-0.07,-0.1,-29777.0,-4455.0,595.0,-0.0,-0.01,-0.0,-29683.0,-4414.0,-7595.0,0.0,0.0,0.0
1742505860.9602258,0.45,-0.07,-0.1,-29147.0,-3582.0,-15726.0,-0.0,-0.01,-0.0,-29053.0,-3541.0,-23916.0,177.0,149.0,152.0
1742505860.9723918,0.45,-0.07,-0.1,-28518.0,-2712.0,-32048.0,-0.0,-0.01,-0.0,-28424.0,-2672.0,25298.0,0.0,1.0,0.0
1742505860.980892,0.45,-0.07,-0.1,-27890.0,-1844.0,17165.0,-0.0,-0.01,-0.0,-27795.0,-1804.0,8974.0,0.0,0.0,0.0
1742505860.992893,0.45,-0.06,-0.1,-27263.0,-976.0,841.0,-0.0,-0.01,-0.0,-27169.0,-936.0,-7349.0,107.0,171.0,178.0
1742505861.0013933,0.45,-0.06,-0.1,-26638.0,-108.0,-15481.0,-0.0,-0.01,-0.0,-26544.0,-68.0,-23671.0,4.0,5.0,0.0
1742505861.0134108,0.45,-0.06,-0.1,-26015.0,757.0,-31803.0,-0.0,-0.01,-0.0,-25921.0,796.0,25543.0,36.0,8.0,0.0
1742505861.0254872,0.45,-0.06,-0.1,-25394.0,1619.0,17410.0,-0.0,-0.01,-0.0,-25300.0,1658.0,9219.0,17.0,60.0,82.0
1742505861.0339744,0.45,-0.06,-0.1,-24775.0,2476.0,1084.0,-0.0,-0.01,-0.0,-24681.0,2515.0,-7106.0,0.0,18.0,26.0
1742505861.0464745,0.45,-0.06,-0.1,-24163.0,3319.0,-15241.0,-0.0,-0.01,-0.0,-24069.0,3358.0,-23431.0,0.0,0.0,0.0
1742505861.0584764,0.45,-0.06,-0.1,-23556.0,4155.0,-31567.0,-0.0,-0.01,-0.0,-23462.0,4194.0,25779.0,127.0,91.0,106.0
1742505861.070481,0.45,-0.06,-0.1,-22952.0,4984.0,17641.0,-0.0,-0.01,-0.0,-22857.0,5023.0,9450.0,44.0,3.0,0.0
1742505861.082983,0.45,-0.06,-0.1,-22350.0,5808.0,1311.0,-0.0,-0.01,-0.0,-22255.0,5847.0,-6879.0,0.0,0.0,0.0
1742505861.0914817,0.45,-0.06,-0.1,-21750.0,6629.0,-15017.0,-0.0,-0.01,-0.0,-21655.0,6668.0,-23207.0,153.0,123.0,135.0
1742505861.1029842,0.45,-0.06,-0.1,-21152.0,7447.0,-31345.0,-0.0,-0.01,-0.0,-21057.0,7486.0,26001.0,38.0,37.0,7.0
1742505861.1122556,0.45,-0.06,-0.1,-20554.0,8264.0,17862.0,-0.0,-0.01,-0.0,-20459.0,8302.0,9671.0,36.0,0.0,0.0
1742505861.1242545,0.45,-0.06,-0.1,-19957.0,9080.0,1532.0,-0.0,-0.01,-0.0,-19862.0,9118.0,-6658.0,18.0,38.0,63.0
1742505861.1357543,0.45,-0.06,-0.1,-19359.0,9895.0,-14796.0,-0.0,-0.01,-0.0,-19264.0,9933.0,-22986.0,40.0,21.0,0.0
1742505861.1487541,0.45,-0.06,-0.09,-18763.0,10704.0,-31126.0,-0.0,-0.01,-0.0,-18668.0,10742.0,26220.0,0.0,0.0,0.0
1742505861.1607578,0.45,-0.06,-0.09,-18168.0,11508.0,18079.0,-0.0,-0.01,-0.0,-18073.0,11546.0,9888.0,181.0,190.0,137.0
1742505861.1692624,0.45,-0.06,-0.09,-17575.0,12306.0,1747.0,-0.0,-0.01,-0.0,-17480.0,12345.0,-6443.0,0.0,0.0,0.0
1742505861.1812623,0.45,-0.06,-0.09,-16983.0,13098.0,-14584.0,-0.0,-0.01,-0.0,-16888.0,13137.0,-22774.0,0.0,0.0,0.0
1742505861.1937623,0.45,-0.06,-0.09,-16393.0,13884.0,-30916.0,-0.0,-0.01,-0.0,-16298.0,13923.0,26430.0,124.0,159.0,151.0
1742505861.201915,0.45,-0.06,-0.09,-15804.0,14664.0,18287.0,-0.0,-0.01,-0.0,-15709.0,14702.0,10096.0,39.0,6.0,14.0
1742505861.2135587,0.45,-0.06,-0.09,-15217.0,15440.0,1952.0,-0.0,-0.01,-0.0,-15122.0,15478.0,-6238.0,0.0,0.0,0.0
1742505861.2262547,0.45,-0.06,-0.09,-14631.0,16213.0,-14381.0,-0.0,-0.01,-0.0,-14536.0,16251.0,-22571.0,111.0,109.0,164.0
1742505861.2388873,0.45,-0.06,-0.09,-14046.0,16984.0,-30715.0,-0.0,-0.01,-0.0,-13951.0,17022.0,26631.0,25.0,0.0,0.0
1742505861.2508874,0.45,-0.06,-0.09,-13461.0,17754.0,18486.0,-0.0,-0.01,-0.0,-13365.0,17792.0,10295.0,0.0,0.0,35.0
1742505861.2628918,0.45,-0.06,-0.09,-12875.0,18523.0,2150.0,-0.0,-0.01,-0.0,-12779.0,18561.0,-6040.0,148.0,114.0,122.0
1742505861.271444,0.45,-0.06,-0.09,-12291.0,19289.0,-14184.0,-0.0,-0.01,-0.0,-12195.0,19327.0,-22374.0,0.0,0.0,0.0
1742505861.2839432,0.45,-0.06,-0.09,-11707.0,20051.0,-30518.0,-0.0,-0.01,-0.0,-11611.0,20089.0,26828.0,0.0,0.0,0.0
1742505861.2919433,0.45,-0.06,-0.09,-11124.0,20807.0,18682.0,-0.0,-0.01,-0.0,-11028.0,20845.0,10491.0,157.0,168.0,121.0
1742505861.3039434,0.45,-0.06,-0.09,-10543.0,21558.0,2344.0,-0.0,-0.01,-0.0,-10447.0,21596.0,-5846.0,0.0,0.0,0.0
