Timestamp,1_Yaw,1_Pitch,1_Roll,1_Ax,1_Ay,1_Az,2_Yaw,2_Pitch,2_Roll,2_Ax,2_Ay,2_Az,Audio_A5,Audio_A6,Audio_A7
1742508484.7015407,0.0,0.0,0.0,-16.0,-26.0,-16382.0,0.0,-0.0,0.01,-13.0,-88.0,-24572.0,113.0,123.0,94.0
1742508484.7100403,0.0,0.0,0.0,-21.0,-101.0,-32763.0,0.0,-0.0,0.01,-18.0,-162.0,24583.0,0.0,0.0,20.0
1742508484.7220418,0.0,0.0,0.0,-26.0,-174.0,16392.0,0.0,-0.0,0.01,-23.0,-234.0,8201.0,34.0,15.0,0.0
1742508484.7300413,0.0,0.0,0.0,-31.0,-246.0,9.0,0.0,-0.0,0.01,-28.0,-305.0,-8181.0,0.0,0.0,0.0
1742508484.7425406,0.0,0.0,0.0,-36.0,-317.0,-16372.0,0.0,-0.0,0.01,-33.0,-375.0,-24562.0,0.0,0.0,0.0
1742508484.7510421,0.0,0.0,0.0,-41.0,-387.0,-32753.0,0.0,-0.0,0.01,-38.0,-445.0,24593.0,79.0,116.0,118.0
1742508484.7630472,0.0,0.0,0.0,-46.0,-457.0,16401.0,0.0,-0.0,0.01,-43.0,-514.0,8210.0,39.0,13.0,9.0
1742508484.771047,0.0,0.0,0.0,-51.0,-526.0,18.0,0.0,-0.0,0.01,-48.0,-582.0,-8172.0,0.0,0.0,0.0
1742508484.783169,0.0,0.0,0.0,-56.0,-594.0,-16363.0,0.0,-0.0,0.01,-53.0,-650.0,-24553.0,0.0,0.0,15.0
1742508484.791657,0.0,0.0,0.0,-61.0,-662.0,-32744.0,0.0,-0.0,0.01,-59.0,-717.0,24602.0,4.0,0.0,4.0
1742508484.803655,0.0,0.0,0.0,-68.0,-729.0,16410.0,0.0,-0.0,0.01,-65.0,-783.0,8219.0,113.0,116.0,110.0
1742508484.8121533,0.0,0.0,0.0,-74.0,-795.0,27.0,0.0,-0.0,0.01,-71.0,-849.0,-8163.0,0.0,12.0,0.0
1742508484.8241544,0.0,0.0,0.0,-80.0,-861.0,-16354.0,0.0,-0.0,0.01,-77.0,-914.0,-24544.0,0.0,0.0,0.0
1742508484.8331547,0.0,0.0,0.0,-86.0,-926.0,-32735.0,0.0,-0.0,0.01,-83.0,-978.0,24611.0,79.0,105.0,101.0
1742508484.8446538,0.0,0.0,0.0,-91.0,-989.0,16419.0,0.0,-0.0,0.01,-88.0,-1040.0,8228.0,19.0,0.0,29.0
1742508484.8531573,0.0,0.0,0.0,-96.0,-1051.0,36.0,0.0,-0.0,0.01,-93.0,-1102.0,-8154.0,64.0,51.0,64.0
1742508484.8651822,0.0,0.0,0.0,-101.0,-1113.0,-16345.0,0.0,-0.0,0.01,-98.0,-1163.0,-24535.0,0.0,0.0,0.0
1742508484.8736825,0.0,0.0,0.0,-106.0,-1174.0,-32726.0,0.0,-0.0,0.01,-103.0,-1223.0,24620.0,0.0,31.0,0.0
1742508484.8861825,0.0,0.0,0.0,-111.0,-1234.0,16428.0,0.0,-0.0,0.01,-109.0,-1283.0,8237.0,82.0,140.0,83.0
1742508484.8941824,0.0,0.0,0.0,-118.0,-1294.0,45.0,0.0,-0.0,0.01,-116.0,-1342.0,-8145.0,0.0,0.0,17.0
1742508484.9066823,0.0,0.0,0.0,-125.0,-1353.0,-16336.0,0.0,-0.0,0.01,-123.0,-1400.0,-24526.0,0.0,0.0,0.0
1742508484.914682,0.0,0.0,0.0,-132.0,-1411.0,-32717.0,0.0,-0.0,0.01,-130.0,-1458.0,24629.0,23.0,38.0,58.0
1742508484.926683,0.0,0.0,0.0,-139.0,-1469.0,16437.0,0.0,-0.0,0.01,-137.0,-1515.0,8246.0,27.0,31.0,15.0
1742508484.9351819,0.0,0.0,0.0,-146.0,-1526.0,54.0,0.0,-0.0,0.01,-144.0,-1571.0,-8136.0,81.0,61.0,92.0
1742508484.9472196,0.0,0.0,0.0,-153.0,-1582.0,-16327.0,0.0,-0.0,0.01,-151.0,-1627.0,-24517.0,0.0,0.0,0.0
1742508484.959221,0.0,0.0,0.0,-160.0,-1638.0,-32708.0,0.0,-0.0,0.01,-158.0,-1681.0,24638.0,0.0,23.0,0.0
1742508484.9722352,0.0,0.0,0.0,-167.0,-1692.0,16446.0,0.0,-0.0,0.01,-165.0,-1735.0,8255.0,0.0,0.0,0.0
1742508484.9842353,0.0,0.0,0.0,-174.0,-1746.0,63.0,0.0,-0.0,0.01,-172.0,-1788.0,-8127.0,21.0,11.0,76.0
1742508484.9927337,0.0,0.0,0.0,-181.0,-1799.0,-16318.0,0.0,-0.0,0.01,-179.0,-1840.0,-24508.0,7.0,16.0,9.0
1742508485.004733,0.0,0.0,0.0,-188.0,-1851.0,-32699.0,0.0,-0.0,0.01,-186.0,-1892.0,24647.0,65.0,0.0,22.0
1742508485.012862,0.0,0.0,0.0,-195.0,-1903.0,16455.0,0.0,-0.0,0.01,-193.0,-1943.0,8264.0,0.0,0.0,0.0
1742508485.025348,0.0,0.0,0.0,-203.0,-1954.0,72.0,0.0,-0.0,0.0,-201.0,-1993.0,-8118.0,0.0,5.0,0.0
1742508485.033346,0.0,0.0,0.0,-211.0,-2004.0,-16309.0,0.0,-0.0,0.0,-209.0,-2043.0,-24499.0,102.0,113.0,94.0
1742508485.045351,0.0,0.0,0.0,-219.0,-2054.0,-32690.0,0.0,-0.0,0.0,-217.0,-2092.0,24656.0,31.0,0.0,41.0
1742508485.053851,0.0,0.0,0.0,-227.0,-2103.0,16464.0,0.0,-0.0,0.0,-225.0,-2141.0,8273.0,0.0,0.0,0.0
1742508485.066354,0.0,0.0,0.0,-235.0,-2151.0,81.0,0.0,-0.0,0.0,-234.0,-2188.0,-8109.0,42.0,39.0,43.0
1742508485.0743542,0.0,0.0,0.0,-244.0,-2198.0,-16300.0,0.0,-0.0,0.0,-243.0,-2235.0,-24490.0,11.0,0.0,0.0
1742508485.086854,0.0,0.0,0.0,-253.0,-2245.0,-32681.0,0.0,-0.0,0.0,-252.0,-2281.0,24665.0,107.0,110.0,71.0
1742508485.0948548,0.0,0.0,0.0,-261.0,-2291.0,16473.0,0.0,-0.0,0.0,-260.0,-2326.0,8282.0,0.0,0.0,0.0
1742508485.1072187,0.0,0.0,0.0,-269.0,-2336.0,90.0,0.0,-0.0,0.0,-268.0,-2371.0,-8100.0,0.0,0.0,0.0
1742508485.1192193,0.0,0.0,0.0,-277.0,-2381.0,-16291.0,0.0,-0.0,0.0,-276.0,-2415.0,-24481.0,119.0,67.0,109.0
1742508485.1312351,0.0,0.0,0.0,-286.0,-2425.0,-32672.0,0.0,-0.0,0.0,-285.0,-2458.0,24674.0,0.0,0.0,0.0
1742508485.1437335,0.0,0.0,0.0,-295.0,-2468.0,16482.0,0.0,-0.0,0.0,-294.0,-2500.0,8291.0,12.0,0.0,13.0
1742508485.152224,0.0,0.0,0.0,-304.0,-2510.0,99.0,0.0,-0.0,0.0,-303.0,-2541.0,-8091.0,87.0,132.0,42.0
1742508485.164249,0.0,0.0,0.0,-313.0,-2551.0,-16282.0,0.0,-0.0,0.0,-312.0,-2582.0,-24472.0,0.0,6.0,0.0
1742508485.172853,0.0,0.0,0.0,-322.0,-2592.0,-32663.0,0.0,-0.0,0.0,-321.0,-2622.0,24683.0,0.0,0.0,0.0
1742508485.1848545,0.0,0.0,0.0,-331.0,-2631.0,16491.0,0.0,-0.0,0.0,-330.0,-2661.0,8300.0,98.0,143.0,80.0
1742508485.1933532,0.0,0.0,0.0,-340.0,-2670.0,108.0,0.0,-0.0,0.0,-339.0,-2699.0,-8082.0,8.0,22.0,0.0
1742508485.2054887,0.0,0.0,0.0,-349.0,-2708.0,-16273.0,0.0,-0.0,0.0,-348.0,-2737.0,-24463.0,8.0,0.0,0.0
1742508485.2139885,0.0,0.0,0.0,-358.0,-2746.0,-32654.0,0.0,-0.0,0.0,-357.0,-2774.0,24692.0,0.0,0.0,0.0
1742508485.225504,0.0,0.0,0.0,-367.0,-2783.0,16500.0,0.0,-0.0,0.0,-366.0,-2810.0,8309.0,0.0,0.0,0.0
1742508485.2344894,0.0,0.0,0.0,-376.0,-2819.0,117.0,0.0,-0.0,0.0,-375.0,-2846.0,-8073.0,112.0,89.0,72.0
1742508485.2464952,0.0,0.0,0.0,-385.0,-2855.0,-16264.0,0.0,-0.0,0.0,-384.0,-2881.0,-24454.0,0.0,8.0,8.0
1742508485.2544944,0.0,0.0,0.0,-394.0,-2890.0,-32645.0,0.0,-0.0,0.0,-393.0,-2916.0,24701.0,0.0,0.0,0.0
1742508485.2666962,0.0,0.0,0.0,-403.0,-2924.0,16509.0,0.0,-0.0,0.0,-402.0,-2949.0,8318.0,59.0,60.0,53.0
1742508485.2751799,0.0,0.0,0.0,-412.0,-2957.0,126.0,0.0,-0.0,0.0,-411.0,-2981.0,-8064.0,10.0,72.0,25.0
1742508485.2871785,0.0,0.0,0.0,-420.0,-2989.0,-16255.0,0.0,-0.0,0.0,-419.0,-3013.0,-24445.0,51.0,104.0,81.0
1742508485.299763,0.0,0.0,0.0,-428.0,-3021.0,-32636.0,0.0,-0.0,0.0,-427.0,-3044.0,24710.0,43.0,47.0,90.0
1742508485.3118389,0.0,0.0,0.0,-436.0,-3052.0,16518.0,0.0,-0.0,0.0,-435.0,-3074.0,8327.0,0.0,0.0,0.0
1742508485.3238423,0.0,0.0,0.0,-444.0,-3082.0,135.0,0.0,-0.0,0.0,-443.0,-3104.0,-8055.0,0.0,0.0,0.0
1742508485.3323398,0.0,0.0,0.0,-453.0,-3112.0,-16246.0,0.0,-0.0,0.0,-452.0,-3133.0,-24436.0,53.0,28.0,79.0
1742508485.3448436,0.0,0.0,0.0,-462.0,-3141.0,-32627.0,0.0,-0.0,0.0,-461.0,-3162.0,24719.0,0.0,61.0,21.0
1742508485.352986,0.0,0.0,0.0,-471.0,-3170.0,16527.0,0.0,-0.0,0.0,-470.0,-3190.0,8336.0,92.0,65.0,71.0
1742508485.365023,0.0,0.0,0.0,-480.0,-3198.0,144.0,0.0,-0.0,0.0,-479.0,-3218.0,-8046.0,0.0,0.0,0.0
1742508485.373389,0.0,0.0,0.0,-489.0,-3226.0,-16237.0,0.0,-0.0,0.0,-488.0,-3245.0,-24427.0,0.0,0.0,0.0
1742508485.38552,0.0,0.0,0.0,-498.0,-3253.0,-32618.0,0.0,-0.0,0.0,-497.0,-3272.0,24728.0,115.0,83.0,103.0
1742508485.3940196,0.0,0.0,0.0,-507.0,-3280.0,16536.0,0.0,-0.0,0.0,-506.0,-3299.0,8345.0,0.0,0.0,0.0
1742508485.406019,0.0,0.0,0.0,-516.0,-3307.0,153.0,0.0,-0.0,0.0,-515.0,-3325.0,-8037.0,0.0,0.0,0.0
1742508485.4148521,0.0,0.0,0.0,-525.0,-3332.0,-16228.0,0.0,-0.0,0.0,-524.0,-3350.0,-24418.0,0.0,9.0,67.0
1742508485.4268239,0.0,0.0,0.0,-534.0,-3357.0,-32609.0,0.0,-0.0,0.0,-533.0,-3374.0,24737.0,32.0,49.0,24.0
1742508485.4348214,0.0,0.0,0.0,-543.0,-3381.0,16545.0,0.0,-0.0,0.0,-542.0,-3398.0,8354.0,99.0,70.0,109.0
1742508485.4468756,0.0,0.0,0.0,-552.0,-3406.0,162.0,0.0,0.0,0.0,-552.0,-3422.0,-8028.0,13.0,9.0,0.0
1742508485.455346,0.0,0.0,0.0,-562.0,-3430.0,-16219.0,0.0,0.0,0.0,-562.0,-3446.0,-24409.0,0.0,0.0,0.0
1742508485.4679003,0.0,0.0,0.0,-572.0,-3453.0,-32600.0,0.0,0.0,0.0,-572.0,-3468.0,24746.0,87.0,117.0,45.0
1742508485.4838989,0.0,0.0,0.0,-582.0,-3475.0,16554.0,0.0,0.0,0.0,-582.0,-3489.0,8363.0,39.0,22.0,59.0
1742508485.4919147,0.0,0.0,0.0,-592.0,-3496.0,171.0,0.0,0.0,0.0,-592.0,-3510.0,-8019.0,2.0,0.0,0.0
1742508485.5043995,0.0,0.0,0.0,-602.0,-3517.0,-16210.0,0.0,0.0,0.0,-602.0,-3530.0,-24400.0,128.0,80.0,93.0
1742508485.5128999,0.0,0.0,0.0,-612.0,-3537.0,-32591.0,0.0,0.0,0.0,-612.0,-3550.0,24755.0,0.0,0.0,0.0
1742508485.5248992,0.0,0.0,0.0,-622.0,-3557.0,16563.0,0.0,0.0,0.0,-622.0,-3569.0,8372.0,0.0,0.0,0.0
1742508485.5333993,0.0,0.0,0.0,-632.0,-3576.0,180.0,0.0,0.0,0.0,-632.0,-3588.0,-8010.0,124.0,146.0,134.0
1742508485.5454247,0.0,0.0,0.0,-642.0,-3595.0,-16201.0,0.0,0.0,0.0,-642.0,-3606.0,-24391.0,20.0,0.0,24.0
1742508485.5539248,0.0,0.0,0.0,-652.0,-3613.0,-32582.0,0.0,0.0,0.0,-652.0,-3624.0,24764.0,0.0,0.0,0.0
1742508485.5659323,0.0,0.0,0.0,-662.0,-3631.0,16572.0,0.0,0.0,0.0,-662.0,-3641.0,8381.0,15.0,47.0,46.0
1742508485.5739498,0.0,0.0,0.0,-672.0,-3648.0,189.0,0.0,0.0,0.0,-672.0,-3658.0,-8001.0,0.0,1.0,0.0
1742508485.5864313,0.0,0.0,0.0,-682.0,-3665.0,-16192.0,0.0,0.0,0.0,-682.0,-3675.0,-24382.0,97.0,120.0,73.0
1742508485.5944312,0.0,0.0,0.0,-692.0,-3682.0,-32573.0,0.0,0.0,0.0,-692.0,-3691.0,24773.0,0.0,0.0,0.0
1742508485.606703,0.0,0.0,0.0,-702.0,-3697.0,16581.0,0.0,0.0,0.0,-702.0,-3706.0,8390.0,0.0,0.0,0.0
1742508485.6192029,0.0,0.0,0.0,-712.0,-3712.0,198.0,0.0,0.0,0.0,-712.0,-3720.0,-7992.0,112.0,47.0,88.0
1742508485.6313405,0.0,0.0,0.0,-722.0,-3726.0,-16183.0,0.0,0.0,0.0,-722.0,-3734.0,-24373.0,29.0,9.0,35.0
1742508485.6438396,0.0,0.0,0.0,-731.0,-3740.0,-32564.0,0.0,0.0,0.0,-731.0,-3747.0,24781.0,23.0,21.0,30.0
1742508485.651934,0.0,0.0,0.0,-740.0,-3753.0,16589.0,0.0,0.0,0.0,-740.0,-3760.0,8398.0,96.0,47.0,66.0
1742508485.6638088,0.0,0.0,0.0,-750.0,-3766.0,206.0,0.0,0.0,0.0,-751.0,-3773.0,-7984.0,0.0,6.0,0.0
1742508485.672324,0.0,0.0,0.0,-761.0,-3779.0,-16175.0,0.0,0.0,0.0,-761.0,-3785.0,-24366.0,0.0,0.0,0.0
1742508485.6848075,0.0,0.0,0.0,-770.0,-3791.0,-32557.0,0.0,0.0,0.0,-770.0,-3796.0,24788.0,109.0,95.0,117.0
1742508485.6928072,0.0,0.0,0.0,-779.0,-3802.0,16596.0,0.0,0.0,0.0,-779.0,-3807.0,8405.0,11.0,16.0,0.0
1742508485.7053075,0.0,0.0,0.0,-788.0,-3813.0,213.0,0.0,0.0,0.0,-788.0,-3818.0,-7977.0,0.0,0.0,0.0
1742508485.7173076,0.0,0.0,0.0,-797.0,-3824.0,-16168.0,0.0,0.0,0.0,-797.0,-3829.0,-24359.0,23.0,33.0,20.0
1742508485.725914,0.0,0.0,0.0,-806.0,-3835.0,-32550.0,0.0,0.0,0.0,-807.0,-3840.0,24795.0,23.0,16.0,17.0
1742508485.7374322,0.0,0.0,0.0,-816.0,-3846.0,16603.0,0.0,0.0,0.0,-817.0,-3851.0,8412.0,111.0,44.0,79.0
1742508485.7500045,0.0,0.0,0.0,-826.0,-3857.0,220.0,0.0,0.0,0.0,-827.0,-3861.0,-7971.0,63.0,30.0,58.0
1742508485.7625341,0.0,0.0,0.0,-836.0,-3867.0,-16162.0,0.0,0.0,0.0,-837.0,-3870.0,-24353.0,6.0,25.0,31.0
1742508485.77055,0.0,0.0,0.0,-846.0,-3876.0,-32544.0,0.0,0.0,0.0,-846.0,-3879.0,24801.0,0.0,0.0,0.0
1742508485.7830336,0.0,0.0,0.0,-855.0,-3885.0,16609.0,0.0,0.0,0.0,-855.0,-3888.0,8418.0,68.0,0.0,87.0
1742508485.7915342,0.0,0.0,0.0,-864.0,-3894.0,226.0,0.0,0.0,0.0,-865.0,-3896.0,-7965.0,14.0,34.0,19.0
1742508485.8032477,0.0,0.0,0.0,-874.0,-3902.0,-16156.0,0.0,0.0,0.0,-875.0,-3904.0,-24347.0,66.0,47.0,32.0
1742508485.8154387,0.0,0.0,0.0,-884.0,-3910.0,-32538.0,0.0,0.0,0.0,-885.0,-3912.0,24807.0,0.0,0.0,0.0
1742508485.8239396,0.0,0.0,0.0,-894.0,-3918.0,16615.0,0.0,0.0,0.0,-895.0,-3919.0,8424.0,0.0,0.0,0.0
1742508485.8359375,0.0,0.0,0.0,-904.0,-3925.0,232.0,0.0,0.0,0.0,-905.0,-3926.0,-7959.0,92.0,105.0,123.0
1742508485.844587,0.0,0.0,0.0,-914.0,-3932.0,-16150.0,0.0,0.0,0.0,-915.0,-3933.0,-24341.0,16.0,0.0,15.0
1742508485.8565953,0.0,0.0,0.0,-924.0,-3939.0,-32532.0,0.0,0.0,0.0,-925.0,-3939.0,24813.0,0.0,0.0,0.0
1742508485.8650553,0.0,0.0,0.0,-934.0,-3944.0,16621.0,0.0,0.0,0.0,-935.0,-3944.0,8430.0,42.0,18.0,76.0
1742508485.8770542,0.0,0.0,0.0,-944.0,-3949.0,238.0,0.0,0.0,0.0,-945.0,-3949.0,-7953.0,0.0,0.0,0.0
1742508485.885274,0.0,0.0,0.0,-954.0,-3954.0,-16144.0,0.0,0.0,-0.0,-956.0,-3953.0,-24335.0,90.0,29.0,37.0
1742508485.8977733,0.0,0.0,0.0,-965.0,-3958.0,-32526.0,0.0,0.0,-0.0,-967.0,-3957.0,24819.0,54.0,63.0,75.0
1742508485.9097939,0.0,0.0,0.0,-976.0,-3962.0,16627.0,0.0,0.0,-0.0,-978.0,-3960.0,8436.0,0.0,0.0,4.0
1742508485.9222748,0.0,0.0,0.0,-988.0,-3965.0,244.0,0.0,0.0,-0.0,-990.0,-3963.0,-7947.0,0.0,0.0,0.0
1742508485.9342759,0.0,0.0,0.0,-1000.0,-3968.0,-16138.0,0.0,0.0,-0.0,-1002.0,-3966.0,-24329.0,58.0,67.0,44.0
1742508485.9425423,0.0,0.0,0.0,-1012.0,-3971.0,-32520.0,0.0,0.0,-0.0,-1014.0,-3968.0,24825.0,0.0,13.0,6.0
1742508485.9550369,0.0,0.0,0.0,-1024.0,-3973.0,16633.0,0.0,0.0,-0.0,-1026.0,-3970.0,8442.0,43.0,3.0,40.0
1742508485.9635336,0.0,0.0,0.0,-1036.0,-3975.0,250.0,0.0,0.0,-0.0,-1038.0,-3972.0,-7941.0,0.0,0.0,0.0
1742508485.9753747,0.0,0.0,0.0,-1048.0,-3977.0,-16132.0,0.0,0.0,-0.0,-1050.0,-3973.0,-24323.0,0.0,0.0,0.0
1742508485.9839709,0.0,0.0,0.0,-1060.0,-3978.0,-32514.0,0.0,0.0,-0.0,-1062.0,-3974.0,24831.0,88.0,92.0,90.0
1742508485.996472,0.0,0.0,0.0,-1072.0,-3979.0,16639.0,0.0,0.0,-0.0,-1074.0,-3975.0,8448.0,35.0,0.0,0.0
1742508486.00497,0.0,0.0,0.0,-1084.0,-3980.0,256.0,0.0,0.0,-0.0,-1086.0,-3975.0,-7934.0,0.0,0.0,0.0
1742508486.0164692,0.0,0.0,0.0,-1096.0,-3980.0,-16125.0,0.0,0.0,-0.0,-1098.0,-3975.0,-24316.0,83.0,118.0,105.0
1742508486.0289693,0.0,0.0,0.0,-1108.0,-3980.0,-32507.0,0.0,0.0,-0.0,-1110.0,-3974.0,24838.0,15.0,0.0,0.0
1742508486.0414135,0.0,0.0,0.0,-1120.0,-3979.0,16646.0,0.0,0.0,-0.0,-1122.0,-3973.0,8455.0,0.0,11.0,0.0
1742508486.0530818,0.0,0.0,0.0,-1132.0,-3978.0,263.0,0.0,0.0,-0.0,-1134.0,-3972.0,-7927.0,70.0,56.0,84.0
1742508486.0616355,0.0,0.0,0.0,-1144.0,-3977.0,-16118.0,0.0,0.0,-0.0,-1146.0,-3970.0,-24309.0,3.0,0.0,0.0
1742508486.0737693,0.0,0.0,0.0,-1156.0,-3975.0,-32500.0,0.0,0.0,-0.0,-1158.0,-3968.0,24845.0,0.0,0.0,0.0
1742508486.085769,0.0,0.0,0.0,-1168.0,-3973.0,16653.0,0.0,0.0,-0.0,-1170.0,-3966.0,8462.0,113.0,137.0,139.0
1742508486.094408,0.0,0.0,0.0,-1180.0,-3971.0,270.0,0.0,0.0,-0.0,-1182.0,-3964.0,-7920.0,10.0,0.0,11.0
1742508486.1064065,0.0,0.0,0.0,-1192.0,-3969.0,-16111.0,0.0,0.0,-0.0,-1194.0,-3961.0,-24301.0,0.0,0.0,0.0
1742508486.1148124,0.0,0.0,0.0,-1204.0,-3966.0,-32492.0,0.0,0.0,-0.0,-1206.0,-3958.0,24853.0,49.0,41.0,36.0
1742508486.1269243,0.0,0.0,0.0,-1216.0,-3963.0,16661.0,0.0,0.0,-0.0,-1218.0,-3955.0,8470.0,2.0,2.0,33.0
1742508486.138925,0.0,0.0,0.0,-1228.0,-3960.0,278.0,0.0,0.0,-0.0,-1230.0,-3951.0,-7912.0,0.0,0.0,0.0
1742508486.151549,0.0,0.0,0.0,-1239.0,-3956.0,-16103.0,0.0,0.0,-0.0,-1241.0,-3947.0,-24293.0,102.0,134.0,111.0
1742508486.1637108,0.0,0.0,0.0,-1251.0,-3952.0,-32484.0,0.0,0.0,-0.0,-1253.0,-3943.0,24861.0,18.0,10.0,4.0
1742508486.1722121,0.0,0.0,0.0,-1263.0,-3947.0,16669.0,0.0,0.0,-0.0,-1265.0,-3938.0,8478.0,0.0,0.0,0.0
1742508486.1843019,0.0,0.0,0.0,-1275.0,-3942.0,286.0,0.0,0.0,-0.0,-1277.0,-3933.0,-7904.0,130.0,62.0,64.0
1742508486.1928036,0.0,0.0,0.0,-1287.0,-3937.0,-16095.0,0.0,0.0,-0.0,-1289.0,-3928.0,-24285.0,12.0,2.0,0.0
1742508486.2049146,0.0,0.0,0.0,-1299.0,-3932.0,-32476.0,0.0,0.0,-0.0,-1301.0,-3922.0,24869.0,0.0,28.0,0.0
1742508486.2129147,0.0,0.0,0.0,-1310.0,-3926.0,16677.0,0.0,0.0,-0.0,-1312.0,-3916.0,8486.0,7.0,6.0,13.0
1742508486.224946,0.0,0.0,0.0,-1321.0,-3920.0,294.0,0.0,0.0,-0.0,-1323.0,-3910.0,-7896.0,0.0,6.0,0.0
1742508486.2374141,0.0,0.0,0.0,-1332.0,-3914.0,-16087.0,0.0,0.0,-0.0,-1334.0,-3904.0,-24277.0,108.0,105.0,86.0
1742508486.2495236,0.0,0.0,0.0,-1344.0,-3908.0,-32468.0,0.0,0.0,-0.0,-1346.0,-3897.0,24878.0,30.0,47.0,23.0
1742508486.26206,0.0,0.0,0.0,-1356.0,-3901.0,16686.0,0.0,0.0,-0.0,-1358.0,-3890.0,8495.0,36.0,36.0,32.0
1742508486.27106,0.0,0.0,0.0,-1368.0,-3894.0,303.0,0.0,0.0,-0.0,-1370.0,-3883.0,-7887.0,0.0,0.0,0.0
1742508486.28256,0.0,0.0,0.0,-1380.0,-3887.0,-16078.0,0.0,0.0,-0.0,-1382.0,-3876.0,-24268.0,55.0,61.0,107.0
1742508486.2946908,0.0,0.0,0.0,-1391.0,-3880.0,-32459.0,0.0,0.0,-0.0,-1393.0,-3869.0,24887.0,9.0,0.0,41.0
1742508486.3031907,0.0,0.0,0.0,-1402.0,-3873.0,16695.0,0.0,0.0,-0.0,-1404.0,-3861.0,8504.0,49.0,22.0,28.0
1742508486.315191,0.0,0.0,0.0,-1414.0,-3865.0,312.0,0.0,0.0,-0.0,-1416.0,-3853.0,-7878.0,0.0,0.0,0.0
1742508486.323693,0.0,0.0,0.0,-1426.0,-3857.0,-16069.0,0.0,0.0,-0.0,-1428.0,-3845.0,-24259.0,0.0,0.0,0.0
1742508486.3356917,0.0,0.0,0.0,-1438.0,-3849.0,-32450.0,0.0,0.0,-0.0,-1440.0,-3837.0,24896.0,119.0,136.0,95.0
1742508486.3443606,0.0,0.0,0.0,-1450.0,-3841.0,16704.0,0.0,0.0,-0.0,-1452.0,-3828.0,8513.0,19.0,11.0,0.0
1742508486.3565042,0.0,0.0,0.0,-1462.0,-3832.0,321.0,0.0,0.0,-0.0,-1464.0,-3819.0,-7869.0,0.0,0.0,0.0
1742508486.3685446,0.0,0.0,0.0,-1474.0,-3823.0,-16060.0,0.0,0.0,-0.0,-1476.0,-3810.0,-24250.0,104.0,93.0,90.0
1742508486.38112,0.0,0.0,0.0,-1486.0,-3814.0,-32441.0,0.0,0.0,-0.0,-1489.0,-3800.0,24905.0,3.0,32.0,55.0
1742508486.3931196,0.0,0.0,0.0,-1499.0,-3803.0,16713.0,0.0,0.0,-0.0,-1502.0,-3789.0,8522.0,7.0,21.0,37.0
1742508486.4017525,0.0,0.0,0.0,-1512.0,-3792.0,330.0,0.0,0.0,-0.0,-1515.0,-3778.0,-7860.0,95.0,64.0,65.0
1742508486.4137518,0.0,0.0,0.0,-1525.0,-3781.0,-16051.0,0.0,0.0,-0.0,-1528.0,-3767.0,-24241.0,0.0,0.0,0.0
1742508486.422078,0.0,0.0,0.0,-1538.0,-3770.0,-32432.0,0.0,0.0,-0.0,-1541.0,-3756.0,24914.0,0.0,0.0,0.0
1742508486.4342358,0.0,0.0,0.0,-1551.0,-3759.0,16722.0,0.0,0.0,-0.0,-1554.0,-3744.0,8531.0,107.0,126.0,104.0
1742508486.4462554,0.0,0.0,0.0,-1564.0,-3747.0,339.0,0.0,0.0,-0.0,-1567.0,-3732.0,-7851.0,0.0,0.0,0.0
1742508486.45474,0.0,0.0,0.0,-1577.0,-3736.0,-16042.0,0.0,0.0,-0.0,-1580.0,-3721.0,-24232.0,0.0,0.0,0.0
1742508486.4667864,0.0,0.0,0.0,-1590.0,-3725.0,-32423.0,0.0,0.0,-0.0,-1593.0,-3710.0,24923.0,25.0,46.0,81.0
1742508486.4752767,0.0,0.0,0.0,-1604.0,-3714.0,16731.0,0.0,0.0,-0.0,-1607.0,-3699.0,8540.0,15.0,0.0,25.0
1742508486.4872756,0.0,0.0,0.0,-1618.0,-3703.0,348.0,0.0,0.0,-0.0,-1621.0,-3687.0,-7842.0,0.0,0.0,0.0
1742508486.5000055,0.0,0.0,0.0,-1631.0,-3691.0,-16033.0,0.0,0.0,-0.0,-1634.0,-3675.0,-24223.0,84.0,69.0,81.0
1742508486.5122247,0.0,0.0,0.0,-1644.0,-3678.0,-32414.0,0.0,0.0,-0.0,-1647.0,-3662.0,24932.0,23.0,38.0,0.0
1742508486.5243363,0.0,0.0,0.0,-1658.0,-3665.0,16740.0,0.0,0.0,-0.0,-1661.0,-3648.0,8549.0,0.0,0.0,0.0
1742508486.5322344,0.0,0.0,0.0,-1672.0,-3651.0,357.0,0.0,0.0,-0.0,-1675.0,-3634.0,-7833.0,54.0,80.0,70.0
1742508486.5445051,0.0,0.0,0.0,-1685.0,-3637.0,-16024.0,0.0,0.0,-0.0,-1688.0,-3620.0,-24214.0,14.0,24.0,0.0
1742508486.5530148,0.0,0.0,0.0,-1698.0,-3624.0,-32405.0,0.0,0.0,-0.0,-1701.0,-3607.0,24941.0,14.0,48.0,34.0
1742508486.5655203,0.0,0.0,0.0,-1711.0,-3611.0,16749.0,0.0,0.0,-0.0,-1714.0,-3594.0,8558.0,0.0,0.0,0.0
1742508486.5735202,0.0,0.0,0.0,-1725.0,-3598.0,366.0,0.0,0.0,-0.0,-1728.0,-3580.0,-7824.0,0.0,0.0,0.0
1742508486.5855243,0.0,0.0,0.0,-1739.0,-3584.0,-16015.0,0.0,0.0,-0.0,-1742.0,-3566.0,-24205.0,105.0,83.0,95.0
1742508486.5940216,0.0,0.0,0.0,-1753.0,-3570.0,-32396.0,0.0,0.0,-0.0,-1756.0,-3552.0,24950.0,0.0,0.0,0.0
1742508486.6100376,0.0,0.0,0.0,-1767.0,-3556.0,16758.0,0.0,0.0,-0.0,-1770.0,-3538.0,8567.0,0.0,0.0,57.0
1742508486.6225212,0.0,0.0,0.0,-1781.0,-3541.0,375.0,0.0,0.0,-0.0,-1784.0,-3523.0,-7815.0,0.0,0.0,0.0
1742508486.6310203,0.0,0.0,0.0,-1795.0,-3526.0,-16006.0,0.0,0.0,-0.0,-1798.0,-3507.0,-24196.0,12.0,51.0,34.0
1742508486.6430206,0.0,0.0,0.0,-1809.0,-3510.0,-32387.0,0.0,0.0,-0.0,-1812.0,-3491.0,24959.0,0.0,31.0,35.0
1742508486.651523,0.0,0.0,0.0,-1823.0,-3494.0,16767.0,0.0,0.0,-0.0,-1826.0,-3475.0,8576.0,94.0,100.0,55.0
1742508486.6635346,0.0,0.0,0.0,-1837.0,-3478.0,384.0,0.0,0.0,-0.0,-1840.0,-3458.0,-7806.0,0.0,0.0,0.0
1742508486.6720343,0.0,0.0,0.0,-1851.0,-3461.0,-15997.0,0.0,0.0,-0.0,-1855.0,-3441.0,-24187.0,0.0,0.0,0.0
1742508486.684035,0.0,0.0,0.0,-1866.0,-3444.0,-32378.0,0.0,0.0,-0.0,-1870.0,-3424.0,24968.0,124.0,114.0,107.0
1742508486.6960342,0.0,0.0,0.0,-1881.0,-3427.0,16776.0,0.0,0.0,-0.0,-1885.0,-3407.0,8585.0,19.0,0.0,0.0
1742508486.7045357,0.0,0.0,0.0,-1897.0,-3410.0,393.0,0.0,0.0,-0.0,-1901.0,-3390.0,-7797.0,0.0,0.0,0.0
1742508486.7167068,0.0,0.0,0.0,-1913.0,-3393.0,-15988.0,0.0,0.0,-0.0,-1917.0,-3373.0,-24178.0,39.0,61.0,86.0
1742508486.7290444,0.0,0.0,0.0,-1928.0,-3376.0,-32369.0,0.0,0.0,-0.0,-1932.0,-3355.0,24977.0,9.0,0.0,0.0
1742508486.7410579,0.0,0.0,0.0,-1943.0,-3358.0,16785.0,0.0,0.0,-0.0,-1947.0,-3337.0,8594.0,0.0,0.0,0.0
1742508486.7500663,0.0,0.0,0.0,-1958.0,-3340.0,402.0,0.0,0.0,-0.0,-1962.0,-3319.0,-7788.0,105.0,84.0,77.0
1742508486.7620957,0.0,0.0,0.0,-1973.0,-3322.0,-15979.0,0.0,0.0,-0.0,-1977.0,-3301.0,-24169.0,0.0,23.0,17.0
1742508486.7740922,0.0,0.0,0.0,-1988.0,-3304.0,-32360.0,0.0,0.0,-0.0,-1992.0,-3282.0,24986.0,0.0,0.0,0.0
1742508486.7825933,0.0,0.0,0.0,-2004.0,-3285.0,16794.0,0.0,0.0,-0.0,-2008.0,-3263.0,8603.0,51.0,67.0,82.0
1742508486.7944336,0.0,0.0,0.0,-2020.0,-3266.0,411.0,0.0,0.0,-0.0,-2024.0,-3244.0,-7779.0,12.0,25.0,30.0
1742508486.8030581,0.0,0.0,0.0,-2036.0,-3247.0,-15970.0,0.0,0.0,-0.0,-2040.0,-3225.0,-24160.0,55.0,0.0,7.0
1742508486.8150575,0.0,0.0,0.0,-2052.0,-3228.0,-32351.0,0.0,0.0,-0.0,-2056.0,-3206.0,24995.0,0.0,0.0,0.0
1742508486.8232,0.0,0.0,0.0,-2068.0,-3209.0,16803.0,0.0,0.0,-0.0,-2072.0,-3186.0,8612.0,0.0,0.0,0.0
1742508486.8355427,0.0,0.0,0.0,-2084.0,-3188.0,420.0,0.0,0.0,-0.0,-2088.0,-3165.0,-7770.0,84.0,113.0,115.0
1742508486.8440442,0.0,0.0,0.0,-2100.0,-3167.0,-15961.0,0.0,0.0,-0.0,-2104.0,-3144.0,-24151.0,0.0,0.0,0.0
1742508486.8597271,0.0,0.0,0.0,-2116.0,-3146.0,-32342.0,0.0,0.0,-0.0,-2120.0,-3123.0,25004.0,0.0,5.0,20.0
1742508486.8722563,0.0,0.0,0.0,-2132.0,-3125.0,16812.0,0.0,0.0,-0.0,-2137.0,-3101.0,8621.0,0.0,0.0,20.0
1742508486.880738,0.0,0.0,0.0,-2149.0,-3103.0,429.0,0.0,0.0,-0.0,-2153.0,-3079.0,-7761.0,0.0,0.0,24.0
1742508486.8927503,0.0,0.0,0.0,-2165.0,-3081.0,-15952.0,0.0,0.0,-0.0,-2169.0,-3057.0,-24142.0,0.0,6.0,0.0
1742508486.901275,0.0,0.0,0.0,-2181.0,-3059.0,-32333.0,0.0,0.0,-0.0,-2185.0,-3035.0,25013.0,95.0,85.0,109.0
1742508486.9133997,0.0,0.0,0.0,-2197.0,-3037.0,16821.0,0.0,0.0,-0.0,-2201.0,-3013.0,8630.0,0.0,17.0,0.0
1742508486.9218998,0.0,0.0,0.0,-2213.0,-3015.0,438.0,0.0,0.0,-0.0,-2217.0,-2991.0,-7752.0,0.0,0.0,0.0
1742508486.9339,0.0,0.0,0.0,-2229.0,-2993.0,-15943.0,0.0,0.0,-0.0,-2233.0,-2968.0,-24133.0,108.0,140.0,72.0
1742508486.946097,0.0,0.0,0.0,-2245.0,-2970.0,-32324.0,0.0,0.0,-0.0,-2249.0,-2945.0,25022.0,0.0,12.0,22.0
1742508486.9545977,0.0,0.0,0.0,-2261.0,-2947.0,16830.0,0.0,0.0,-0.0,-2265.0,-2922.0,8639.0,0.0,0.0,0.0
1742508486.966731,0.0,0.0,0.0,-2277.0,-2924.0,447.0,0.0,0.0,-0.0,-2282.0,-2899.0,-7743.0,0.0,52.0,42.0
1742508486.978729,0.0,0.0,0.0,-2294.0,-2901.0,-15934.0,0.0,0.0,-0.0,-2299.0,-2875.0,-24124.0,0.0,0.0,0.0
1742508486.9912288,0.0,0.0,0.0,-2311.0,-2877.0,-32315.0,0.0,0.0,-0.0,-2316.0,-2851.0,25031.0,0.0,0.0,0.0
1742508486.9997287,0.0,0.0,0.0,-2328.0,-2853.0,16839.0,0.0,0.0,-0.0,-2333.0,-2827.0,8648.0,104.0,122.0,64.0
1742508487.011729,0.0,0.0,0.0,-2345.0,-2829.0,456.0,0.0,0.0,-0.0,-2350.0,-2803.0,-7734.0,30.0,0.0,18.0
1742508487.0237443,0.0,0.0,0.0,-2362.0,-2805.0,-15925.0,0.0,0.0,-0.0,-2367.0,-2779.0,-24115.0,0.0,0.0,0.0
1742508487.0322287,0.0,0.0,0.0,-2379.0,-2781.0,-32306.0,0.0,0.0,-0.0,-2384.0,-2755.0,25040.0,68.0,63.0,86.0
1742508487.0441456,0.0,0.0,0.0,-2396.0,-2757.0,16848.0,0.0,0.0,-0.0,-2401.0,-2730.0,8657.0,5.0,9.0,15.0
1742508487.0526478,0.0,0.0,0.0,-2413.0,-2732.0,465.0,0.0,0.0,-0.0,-2418.0,-2705.0,-7725.0,68.0,65.0,33.0
1742508487.0647752,0.0,0.0,0.0,-2430.0,-2707.0,-15916.0,0.0,0.0,-0.0,-2435.0,-2680.0,-24106.0,0.0,0.0,0.0
1742508487.0732734,0.0,0.0,0.0,-2447.0,-2682.0,-32297.0,0.0,0.0,-0.0,-2452.0,-2655.0,25049.0,0.0,0.0,0.0
1742508487.0852728,0.0,0.0,0.0,-2464.0,-2657.0,16857.0,0.0,0.0,-0.0,-2469.0,-2630.0,8666.0,131.0,106.0,94.0
1742508487.0937736,0.0,0.0,0.0,-2481.0,-2632.0,474.0,0.0,0.0,-0.0,-2486.0,-2605.0,-7716.0,29.0,0.0,0.0
1742508487.1096768,0.0,0.0,0.0,-2498.0,-2607.0,-15907.0,0.0,0.0,-0.0,-2503.0,-2579.0,-24097.0,0.0,0.0,0.0
1742508487.1222985,0.0,0.0,0.0,-2515.0,-2581.0,-32288.0,0.0,0.0,-0.0,-2520.0,-2553.0,25058.0,46.0,0.0,10.0
1742508487.1302993,0.0,0.0,0.0,-2532.0,-2555.0,16866.0,0.0,0.0,-0.0,-2537.0,-2527.0,8675.0,0.0,0.0,9.0
1742508487.1427183,0.0,0.0,0.0,-2549.0,-2529.0,483.0,0.0,0.0,-0.0,-2554.0,-2501.0,-7707.0,0.0,0.0,29.0
1742508487.1512425,0.0,0.0,0.0,-2566.0,-2502.0,-15898.0,0.0,0.0,-0.0,-2571.0,-2474.0,-24088.0,89.0,113.0,98.0
1742508487.1632476,0.0,0.0,0.0,-2583.0,-2475.0,-32279.0,0.0,0.0,-0.0,-2588.0,-2446.0,25067.0,0.0,41.0,0.0
1742508487.1717467,0.0,0.0,0.0,-2600.0,-2447.0,16875.0,0.0,0.0,-0.0,-2605.0,-2418.0,8684.0,0.0,0.0,0.0
1742508487.1837468,0.0,0.0,0.0,-2617.0,-2419.0,492.0,0.0,0.0,-0.0,-2622.0,-2390.0,-7698.0,89.0,100.0,137.0
1742508487.1961737,0.0,0.0,0.0,-2634.0,-2391.0,-15889.0,0.0,0.0,-0.0,-2639.0,-2362.0,-24079.0,0.0,23.0,26.0
1742508487.2041721,0.0,0.0,0.0,-2651.0,-2363.0,-32270.0,0.0,0.0,-0.0,-2656.0,-2334.0,25076.0,0.0,0.0,0.0
1742508487.2162,0.0,0.0,0.0,-2668.0,-2335.0,16884.0,0.0,0.0,-0.0,-2673.0,-2306.0,8693.0,39.0,36.0,63.0
1742508487.2286716,0.0,0.0,0.0,-2685.0,-2307.0,501.0,0.0,0.0,-0.0,-2690.0,-2278.0,-7689.0,14.0,22.0,9.0
1742508487.2411711,0.0,0.0,0.0,-2702.0,-2279.0,-15880.0,0.0,0.0,-0.0,-2707.0,-2249.0,-24070.0,0.0,0.0,0.0
1742508487.253174,0.0,0.0,0.0,-2719.0,-2250.0,-32261.0,0.0,0.0,-0.0,-2724.0,-2220.0,25085.0,108.0,124.0,115.0
1742508487.2616777,0.0,0.0,0.0,-2736.0,-2221.0,16893.0,0.0,0.0,-0.0,-2741.0,-2191.0,8702.0,21.0,0.0,0.0
1742508487.2736895,0.0,0.0,0.0,-2753.0,-2192.0,510.0,0.0,0.0,-0.0,-2758.0,-2163.0,-7680.0,0.0,0.0,0.0
1742508487.282179,0.0,0.0,0.0,-2770.0,-2164.0,-15871.0,0.0,0.0,-0.0,-2775.0,-2134.0,-24061.0,71.0,64.0,117.0
1742508487.2941813,0.0,0.0,0.0,-2787.0,-2135.0,-32252.0,0.0,0.0,-0.0,-2792.0,-2105.0,25094.0,0.0,4.0,4.0
1742508487.3029373,0.0,0.0,0.0,-2804.0,-2106.0,16902.0,0.0,0.0,-0.0,-2809.0,-2076.0,8711.0,41.0,37.0,2.0
1742508487.3144526,0.0,0.0,0.0,-2821.0,-2077.0,519.0,0.0,0.0,-0.0,-2826.0,-2047.0,-7671.0,0.0,0.0,0.0
1742508487.3234372,0.0,0.0,0.0,-2838.0,-2048.0,-15862.0,0.0,0.0,-0.0,-2843.0,-2018.0,-24052.0,0.0,0.0,4.0
1742508487.335595,0.0,0.0,0.0,-2855.0,-2019.0,-32243.0,0.0,0.0,-0.0,-2860.0,-1989.0,25103.0,114.0,111.0,98.0
1742508487.3480403,0.0,0.0,0.0,-2872.0,-1990.0,16911.0,0.0,0.0,-0.0,-2877.0,-1960.0,8720.0,0.0,0.0,0.0
1742508487.3597624,0.0,0.0,0.0,-2889.0,-1961.0,528.0,0.0,0.0,-0.0,-2894.0,-1931.0,-7662.0,16.0,15.0,9.0
1742508487.3717704,0.0,0.0,0.0,-2906.0,-1931.0,-15853.0,0.0,0.0,-0.0,-2911.0,-1901.0,-24043.0,9.0,0.0,0.0
1742508487.3802693,0.0,0.0,0.0,-2923.0,-1901.0,-32234.0,0.0,0.0,-0.0,-2928.0,-1871.0,25112.0,0.0,0.0,3.0
1742508487.3927693,0.0,0.0,0.0,-2940.0,-1871.0,16920.0,0.0,0.0,-0.0,-2945.0,-1841.0,8729.0,0.0,19.0,0.0
1742508487.4007692,0.0,0.0,0.0,-2957.0,-1841.0,537.0,0.0,0.0,-0.0,-2962.0,-1811.0,-7653.0,85.0,63.0,72.0
1742508487.4129753,0.0,0.0,0.0,-2974.0,-1812.0,-15844.0,0.0,0.0,-0.0,-2979.0,-1782.0,-24034.0,0.0,18.0,0.0
1742508487.421668,0.0,0.0,0.0,-2991.0,-1783.0,-32225.0,0.0,0.0,-0.0,-2996.0,-1753.0,25121.0,0.0,0.0,0.0
1742508487.4332652,0.0,0.0,0.0,-3009.0,-1754.0,16929.0,0.0,0.0,-0.0,-3014.0,-1723.0,8738.0,96.0,120.0,69.0
1742508487.44577,0.0,0.0,0.0,-3027.0,-1724.0,546.0,0.0,0.0,-0.0,-3032.0,-1693.0,-7644.0,29.0,5.0,0.0
1742508487.4541378,0.0,0.0,0.0,-3045.0,-1694.0,-15835.0,0.0,0.0,-0.0,-3050.0,-1663.0,-24025.0,0.0,0.0,0.0
1742508487.466158,0.0,0.0,0.0,-3063.0,-1664.0,-32216.0,0.0,0.0,-0.0,-3068.0,-1633.0,25130.0,0.0,20.0,38.0
1742508487.4742222,0.0,0.0,0.0,-3081.0,-1634.0,16938.0,0.0,0.0,-0.0,-3086.0,-1603.0,8747.0,0.0,0.0,3.0
1742508487.4867063,0.0,0.0,0.0,-3099.0,-1604.0,555.0,0.0,0.0,-0.0,-3104.0,-1573.0,-7635.0,12.0,0.0,0.0
1742508487.4992063,0.0,0.0,0.0,-3116.0,-1573.0,-15826.0,0.0,0.0,-0.0,-3121.0,-1542.0,-24016.0,97.0,118.0,75.0
1742508487.511278,0.0,0.0,0.0,-3133.0,-1542.0,-32207.0,0.0,0.0,-0.0,-3138.0,-1511.0,25139.0,26.0,12.0,0.0
1742508487.519778,0.0,0.0,0.0,-3150.0,-1511.0,16947.0,0.0,0.0,-0.0,-3155.0,-1479.0,8756.0,6.0,0.0,0.0
1742508487.5317426,0.0,0.0,0.0,-3167.0,-1479.0,564.0,0.0,0.0,-0.0,-3172.0,-1447.0,-7626.0,23.0,28.0,38.0
1742508487.5402424,0.0,0.0,0.0,-3184.0,-1447.0,-15817.0,0.0,0.0,-0.0,-3189.0,-1415.0,-24007.0,0.0,0.0,0.0
1742508487.552267,0.0,0.0,0.0,-3201.0,-1415.0,-32198.0,0.0,0.0,-0.0,-3206.0,-1383.0,25148.0,105.0,71.0,79.0
1742508487.5642748,0.0,0.0,0.0,-3218.0,-1383.0,16956.0,0.0,0.0,-0.0,-3223.0,-1351.0,8765.0,0.0,0.0,0.0
1742508487.5726867,0.0,0.0,0.0,-3235.0,-1351.0,573.0,0.0,0.0,-0.0,-3240.0,-1319.0,-7617.0,0.0,0.0,0.0
1742508487.5851886,0.0,0.0,0.0,-3252.0,-1319.0,-15808.0,0.0,0.0,-0.0,-3257.0,-1287.0,-23998.0,112.0,112.0,108.0
1742508487.5933456,0.0,0.0,0.0,-3269.0,-1287.0,-32189.0,0.0,0.0,-0.0,-3274.0,-1255.0,25157.0,17.0,7.0,13.0
1742508487.6054385,0.0,0.0,0.0,-3286.0,-1255.0,16965.0,0.0,0.0,-0.0,-3291.0,-1223.0,8774.0,0.0,0.0,0.0
1742508487.6139376,0.0,0.0,0.0,-3303.0,-1223.0,582.0,0.0,0.0,-0.0,-3308.0,-1190.0,-7608.0,0.0,25.0,0.0
1742508487.6261506,0.0,0.0,0.0,-3320.0,-1190.0,-15799.0,0.0,0.0,-0.0,-3325.0,-1158.0,-23989.0,0.0,0.0,0.0
1742508487.638284,0.0,0.0,0.0,-3337.0,-1158.0,-32180.0,0.0,0.0,-0.0,-3342.0,-1125.0,25166.0,5.0,0.0,0.0
1742508487.6502898,0.0,0.0,0.0,-3354.0,-1125.0,16974.0,0.0,0.0,-0.0,-3359.0,-1092.0,8783.0,106.0,112.0,112.0
1742508487.6631258,0.0,0.0,0.0,-3371.0,-1092.0,591.0,0.0,0.0,-0.0,-3377.0,-1059.0,-7599.0,17.0,16.0,15.0
1742508487.6711144,0.0,0.0,0.0,-3389.0,-1059.0,-15790.0,0.0,0.0,-0.0,-3395.0,-1026.0,-23980.0,0.0,0.0,0.0
1742508487.6833012,0.0,0.0,0.0,-3407.0,-1026.0,-32171.0,0.0,0.0,-0.0,-3413.0,-993.0,25175.0,0.0,15.0,6.0
1742508487.6915576,0.0,0.0,0.0,-3425.0,-993.0,16983.0,0.0,0.0,-0.0,-3431.0,-960.0,8792.0,0.0,0.0,24.0
1742508487.703557,0.0,0.0,0.0,-3443.0,-960.0,600.0,0.0,0.0,-0.0,-3449.0,-927.0,-7590.0,122.0,95.0,88.0
1742508487.7120883,0.0,0.0,-0.0,-3462.0,-926.0,-15781.0,0.0,0.0,-0.0,-3468.0,-893.0,-23971.0,0.0,5.0,0.0
1742508487.724099,0.0,0.0,-0.0,-3481.0,-892.0,-32162.0,0.0,0.0,-0.0,-3487.0,-859.0,25184.0,0.0,0.0,0.0
1742508487.7328153,0.0,0.0,-0.0,-3500.0,-858.0,16992.0,0.0,0.0,-0.0,-3506.0,-824.0,8801.0,102.0,66.0,94.0
1742508487.744904,0.0,0.0,0.0,-3518.0,-824.0,609.0,0.0,0.0,-0.0,-3523.0,-791.0,-7581.0,51.0,5.0,3.0
1742508487.7531,0.0,0.0,0.0,-3535.0,-791.0,-15772.0,0.0,0.0,-0.0,-3541.0,-757.0,-23962.0,32.0,6.0,36.0
1742508487.765787,0.0,0.0,0.0,-3553.0,-757.0,-32153.0,0.0,0.0,-0.0,-3559.0,-723.0,25193.0,0.0,0.0,14.0
1742508487.7738044,0.0,0.0,0.0,-3571.0,-723.0,17001.0,0.0,0.0,-0.0,-3577.0,-689.0,8810.0,0.0,0.0,0.0
1742508487.7862866,0.0,0.0,0.0,-3589.0,-689.0,618.0,0.0,0.0,-0.0,-3595.0,-655.0,-7572.0,121.0,110.0,108.0
1742508487.7981985,0.0,0.0,-0.0,-3609.0,-654.0,-15763.0,0.0,0.0,-0.0,-3614.0,-620.0,-23953.0,0.0,0.0,8.0
1742508487.8101888,0.0,0.0,-0.0,-3628.0,-619.0,-32144.0,0.0,0.0,-0.0,-3633.0,-585.0,25202.0,20.0,15.0,0.0
1742508487.8189914,0.0,0.0,-0.0,-3647.0,-584.0,17010.0,0.0,0.0,-0.0,-3652.0,-550.0,8819.0,46.0,0.0,0.0
1742508487.8305566,0.0,0.0,-0.0,-3666.0,-549.0,627.0,0.0,0.0,-0.0,-3671.0,-515.0,-7563.0,0.0,0.0,0.0
1742508487.843176,0.0,0.0,-0.0,-3685.0,-514.0,-15754.0,0.0,0.0,-0.0,-3690.0,-480.0,-23944.0,0.0,0.0,20.0
1742508487.8511786,0.0,0.0,-0.0,-3703.0,-479.0,-32135.0,0.0,0.0,-0.0,-3708.0,-445.0,25211.0,111.0,71.0,83.0
1742508487.8628986,0.0,0.0,-0.0,-3722.0,-444.0,17019.0,0.0,0.0,-0.0,-3727.0,-410.0,8828.0,3.0,0.0,0.0
1742508487.8718429,0.0,0.0,-0.0,-3741.0,-409.0,636.0,0.0,0.0,-0.0,-3746.0,-375.0,-7554.0,0.0,0.0,0.0
1742508487.8840365,0.0,0.0,-0.0,-3760.0,-374.0,-15745.0,0.0,0.0,-0.0,-3765.0,-340.0,-23935.0,41.0,85.0,94.0
1742508487.8925352,0.0,0.0,-0.0,-3779.0,-339.0,-32126.0,0.0,0.0,-0.0,-3784.0,-305.0,25220.0,42.0,47.0,34.0
1742508487.9045343,0.0,0.0,-0.0,-3798.0,-304.0,17028.0,0.0,0.0,-0.0,-3803.0,-270.0,8837.0,113.0,42.0,29.0
1742508487.9130359,0.0,0.0,-0.0,-3817.0,-269.0,645.0,0.0,0.0,-0.0,-3822.0,-235.0,-7545.0,0.0,0.0,0.0
1742508487.9248638,0.0,0.0,-0.0,-3836.0,-234.0,-15736.0,0.0,0.0,-0.0,-3841.0,-200.0,-23926.0,0.0,16.0,0.0
1742508487.9333532,0.0,0.0,-0.0,-3855.0,-199.0,-32117.0,0.0,0.0,-0.0,-3860.0,-165.0,25229.0,135.0,62.0,101.0
1742508487.9455063,0.0,0.0,-0.0,-3874.0,-164.0,17037.0,0.0,0.0,-0.0,-3879.0,-130.0,8846.0,0.0,0.0,0.0
1742508487.9580147,0.0,0.0,-0.0,-3893.0,-129.0,654.0,0.0,0.0,-0.0,-3898.0,-95.0,-7536.0,32.0,15.0,44.0
1742508487.969947,0.0,0.0,-0.0,-3912.0,-94.0,-15727.0,0.0,0.0,-0.0,-3918.0,-60.0,-23917.0,33.0,66.0,8.0
1742508487.9784477,0.0,0.0,-0.0,-3932.0,-59.0,-32108.0,0.0,0.0,-0.0,-3938.0,-25.0,25238.0,0.0,0.0,0.0
1742508487.9901316,0.0,0.0,-0.0,-3953.0,-24.0,17046.0,0.0,0.0,-0.0,-3959.0,9.0,8855.0,0.0,0.0,0.0
1742508487.9989336,0.0,0.0,-0.0,-3974.0,10.0,663.0,0.0,0.0,-0.0,-3980.0,44.0,-7527.0,89.0,57.0,88.0
1742508488.0111897,0.0,0.0,-0.0,-3995.0,45.0,-15718.0,0.0,0.0,-0.0,-4001.0,79.0,-23908.0,28.0,22.0,8.0
1742508488.019765,0.0,0.0,-0.0,-4016.0,80.0,-32099.0,0.0,0.0,-0.0,-4022.0,114.0,25247.0,0.0,0.0,0.0
1742508488.0317607,0.0,0.0,-0.0,-4037.0,115.0,17055.0,0.0,0.0,-0.0,-4043.0,149.0,8864.0,20.0,22.0,78.0
1742508488.0402439,0.0,0.0,-0.0,-4058.0,150.0,672.0,0.0,0.0,-0.0,-4064.0,184.0,-7518.0,0.0,0.0,0.0
1742508488.0521464,0.0,0.0,-0.0,-4078.0,185.0,-15709.0,0.0,0.0,-0.0,-4084.0,219.0,-23899.0,103.0,88.0,101.0
1742508488.064157,0.0,0.0,-0.0,-4098.0,220.0,-32090.0,0.0,0.0,-0.0,-4104.0,254.0,25256.0,0.0,0.0,0.0
1742508488.0725703,0.0,0.0,-0.0,-4118.0,255.0,17064.0,0.0,0.0,-0.0,-4124.0,289.0,8873.0,0.0,0.0,0.0
1742508488.08469,0.0,0.0,-0.0,-4138.0,290.0,681.0,0.0,0.0,-0.0,-4144.0,324.0,-7509.0,114.0,79.0,94.0
1742508488.0929856,0.0,0.0,-0.0,-4158.0,325.0,-15700.0,0.0,0.0,-0.0,-4164.0,359.0,-23890.0,0.0,39.0,13.0
1742508488.1058207,0.0,0.0,-0.0,-4178.0,360.0,-32081.0,0.0,0.0,-0.0,-4184.0,394.0,25265.0,0.0,0.0,0.0
1742508488.1216204,0.01,0.0,-0.0,-4198.0,395.0,17073.0,0.0,0.0,-0.0,-4204.0,429.0,8882.0,28.0,50.0,55.0
1742508488.1296208,0.01,0.0,-0.0,-4218.0,430.0,690.0,0.0,0.0,-0.0,-4224.0,464.0,-7500.0,0.0,0.0,0.0
1742508488.1416197,0.01,0.0,-0.0,-4238.0,465.0,-15691.0,0.0,0.0,-0.0,-4244.0,499.0,-23881.0,0.0,0.0,0.0
1742508488.1506226,0.01,0.0,-0.0,-4258.0,500.0,-32072.0,0.0,0.0,-0.0,-4264.0,534.0,25274.0,99.0,116.0,101.0
1742508488.1622682,0.01,0.0,-0.0,-4278.0,535.0,17082.0,0.0,0.0,-0.0,-4284.0,569.0,8891.0,53.0,26.0,10.0
1742508488.170756,0.01,0.0,-0.0,-4298.0,570.0,699.0,0.0,0.0,-0.0,-4304.0,604.0,-7491.0,0.0,0.0,0.0
1742508488.1831355,0.01,0.0,-0.0,-4318.0,605.0,-15682.0,0.0,0.0,-0.0,-4324.0,639.0,-23872.0,42.0,25.0,54.0
1742508488.191301,0.01,0.0,-0.0,-4338.0,640.0,-32063.0,0.0,0.0,-0.0,-4344.0,674.0,25283.0,0.0,25.0,9.0
1742508488.2033029,0.01,0.0,-0.0,-4358.0,675.0,17091.0,0.0,0.0,-0.0,-4364.0,709.0,8900.0,117.0,58.0,92.0
1742508488.2118046,0.01,0.0,-0.0,-4378.0,710.0,708.0,0.0,0.0,-0.0,-4384.0,744.0,-7482.0,0.0,0.0,0.0
1742508488.223887,0.01,0.0,-0.0,-4398.0,745.0,-15673.0,0.0,0.0,-0.0,-4404.0,779.0,-23863.0,0.0,0.0,0.0
1742508488.232388,0.01,0.0,-0.0,-4418.0,780.0,-32054.0,0.0,0.0,-0.0,-4424.0,815.0,25292.0,102.0,109.0,116.0
1742508488.244888,0.01,0.0,-0.0,-4438.0,816.0,17100.0,0.0,0.0,-0.0,-4444.0,851.0,8909.0,0.0,0.0,20.0
1742508488.25289,0.01,0.0,-0.0,-4458.0,852.0,717.0,0.0,0.0,-0.0,-4464.0,887.0,-7473.0,0.0,36.0,0.0
1742508488.2685153,0.01,0.0,-0.0,-4478.0,888.0,-15664.0,0.0,0.0,-0.0,-4484.0,923.0,-23854.0,92.0,114.0,97.0
1742508488.2813363,0.01,0.0,-0.0,-4498.0,924.0,-32045.0,0.0,0.0,-0.0,-4504.0,959.0,25301.0,0.0,0.0,0.0
1742508488.2898352,0.01,0.0,-0.0,-4518.0,959.0,17109.0,0.0,0.0,-0.0,-4524.0,994.0,8918.0,0.0,0.0,0.0
1742508488.3017495,0.01,0.0,-0.0,-4538.0,994.0,726.0,0.0,0.0,-0.0,-4544.0,1030.0,-7464.0,99.0,84.0,65.0
1742508488.3102503,0.01,0.0,-0.0,-4558.0,1030.0,-15655.0,0.0,0.0,-0.0,-4564.0,1066.0,-23845.0,23.0,56.0,36.0
1742508488.3222506,0.01,0.0,-0.0,-4578.0,1066.0,-32036.0,0.0,0.0,-0.0,-4584.0,1102.0,25310.0,0.0,0.0,0.0
1742508488.330764,0.01,0.0,-0.0,-4598.0,1102.0,17118.0,0.0,0.0,-0.0,-4604.0,1138.0,8927.0,14.0,58.0,67.0
1742508488.3427553,0.01,0.0,-0.0,-4618.0,1138.0,735.0,0.0,0.0,-0.0,-4624.0,1174.0,-7455.0,29.0,14.0,42.0
1742508488.3517747,0.01,0.0,-0.0,-4638.0,1174.0,-15646.0,0.0,0.0,-0.0,-4644.0,1210.0,-23836.0,89.0,21.0,56.0
1742508488.3632405,0.01,0.0,-0.0,-4659.0,1210.0,-32027.0,0.0,0.0,-0.0,-4665.0,1246.0,25319.0,0.0,0.0,0.0
1742508488.3717399,0.01,0.0,-0.0,-4679.0,1246.0,17127.0,0.0,0.0,-0.0,-4685.0,1282.0,8936.0,0.0,0.0,0.0
1742508488.383879,0.01,0.0,-0.0,-4699.0,1282.0,744.0,0.0,0.0,-0.0,-4705.0,1318.0,-7446.0,122.0,109.0,101.0
1742508488.3963482,0.01,0.0,-0.0,-4719.0,1318.0,-15637.0,0.0,0.0,-0.0,-4725.0,1354.0,-23827.0,0.0,0.0,0.0
1742508488.4088469,0.01,0.0,-0.0,-4739.0,1354.0,-32018.0,0.0,0.0,-0.0,-4745.0,1390.0,25328.0,1.0,1.0,27.0
1742508488.420348,0.01,0.0,-0.0,-4759.0,1390.0,17136.0,0.0,0.0,-0.0,-4765.0,1426.0,8945.0,40.0,7.0,2.0
1742508488.4289827,0.01,0.0,-0.0,-4779.0,1426.0,753.0,0.0,0.0,-0.0,-4785.0,1462.0,-7437.0,0.0,0.0,0.0
1742508488.441483,0.01,0.0,-0.0,-4799.0,1462.0,-15628.0,0.0,0.0,-0.0,-4805.0,1498.0,-23818.0,0.0,0.0,0.0
1742508488.4530013,0.01,0.0,-0.0,-4819.0,1498.0,-32009.0,0.0,0.0,-0.0,-4825.0,1534.0,25337.0,110.0,73.0,102.0
1742508488.4615226,0.01,0.0,-0.0,-4839.0,1534.0,17145.0,0.0,0.0,-0.0,-4845.0,1570.0,8954.0,7.0,0.0,0.0
1742508488.4735405,0.01,0.0,-0.0,-4859.0,1570.0,762.0,0.0,0.0,-0.0,-4865.0,1606.0,-7428.0,0.0,0.0,0.0
1742508488.4825416,0.01,0.0,-0.0,-4879.0,1606.0,-15619.0,0.0,0.0,-0.0,-4885.0,1642.0,-23809.0,88.0,75.0,54.0
1742508488.4940562,0.01,0.0,-0.0,-4899.0,1642.0,-32000.0,0.0,0.0,-0.0,-4905.0,1678.0,25346.0,0.0,0.0,1.0
1742508488.5026317,0.01,0.0,-0.0,-4919.0,1678.0,17154.0,0.0,0.0,-0.0,-4925.0,1714.0,8963.0,41.0,0.0,0.0
1742508488.514648,0.01,0.0,-0.0,-4939.0,1714.0,771.0,0.0,0.0,-0.0,-4945.0,1750.0,-7419.0,0.0,0.0,0.0
1742508488.5271308,0.01,0.0,-0.0,-4959.0,1750.0,-15610.0,0.0,0.0,-0.0,-4965.0,1786.0,-23800.0,0.0,28.0,16.0
1742508488.5391314,0.01,0.0,-0.0,-4979.0,1786.0,-31991.0,0.0,0.0,-0.0,-4985.0,1822.0,25355.0,0.0,0.0,0.0
1742508488.5516357,0.01,0.0,-0.0,-4999.0,1822.0,17163.0,0.0,0.0,-0.0,-5005.0,1858.0,8972.0,99.0,153.0,107.0
1742508488.5602689,0.01,0.0,-0.0,-5019.0,1858.0,780.0,0.0,0.0,-0.0,-5025.0,1894.0,-7410.0,14.0,10.0,23.0
1742508488.571789,0.01,0.0,-0.0,-5039.0,1894.0,-15601.0,0.0,0.0,-0.0,-5045.0,1930.0,-23791.0,0.0,5.0,0.0
1742508488.580278,0.01,0.0,-0.0,-5059.0,1930.0,-31982.0,0.0,0.0,-0.0,-5065.0,1967.0,25364.0,7.0,21.0,82.0
1742508488.592844,0.01,0.0,-0.0,-5079.0,1967.0,17172.0,0.0,0.0,-0.0,-5085.0,2004.0,8981.0,0.0,19.0,9.0
1742508488.6008434,0.01,0.0,-0.0,-5099.0,2004.0,789.0,0.0,0.0,-0.0,-5105.0,2041.0,-7401.0,94.0,59.0,39.0
1742508488.6128428,0.01,0.0,-0.0,-5119.0,2041.0,-15592.0,0.0,0.0,-0.0,-5125.0,2078.0,-23782.0,0.0,0.0,0.0
1742508488.6213427,0.01,0.0,0.0,-5138.0,2077.0,-31973.0,0.0,0.0,-0.0,-5143.0,2114.0,25373.0,0.0,0.0,0.0
1742508488.6338425,0.01,0.0,-0.0,-5157.0,2114.0,17181.0,0.0,0.0,-0.0,-5162.0,2151.0,8990.0,103.0,128.0,97.0
1742508488.645843,0.01,0.0,-0.0,-5176.0,2151.0,798.0,0.0,0.0,-0.0,-5181.0,2188.0,-7392.0,21.0,48.0,20.0
1742508488.657845,0.01,0.0,-0.0,-5195.0,2188.0,-15583.0,0.0,0.0,-0.0,-5200.0,2225.0,-23773.0,0.0,0.0,0.0
1742508488.6701524,0.01,0.0,0.0,-5213.0,2224.0,-31964.0,0.0,0.0,-0.0,-5218.0,2261.0,25382.0,91.0,95.0,58.0
1742508488.6786516,0.01,0.0,0.0,-5231.0,2260.0,17190.0,0.0,0.0,-0.0,-5236.0,2297.0,8999.0,0.0,0.0,0.0
1742508488.6906514,0.01,0.0,0.0,-5249.0,2296.0,807.0,0.0,0.0,-0.0,-5254.0,2333.0,-7383.0,0.0,0.0,0.0
1742508488.6996515,0.01,0.0,0.0,-5267.0,2332.0,-15574.0,0.0,0.0,-0.0,-5272.0,2369.0,-23764.0,104.0,138.0,105.0
1742508488.711654,0.01,0.0,0.0,-5285.0,2368.0,-31955.0,0.0,0.0,-0.0,-5290.0,2405.0,25391.0,21.0,0.0,0.0
1742508488.7197993,0.01,0.0,0.0,-5303.0,2404.0,17199.0,0.0,0.0,-0.0,-5308.0,2441.0,9008.0,0.0,0.0,0.0
1742508488.7317991,0.01,0.0,-0.0,-5322.0,2441.0,816.0,0.0,0.0,-0.0,-5328.0,2478.0,-7374.0,44.0,36.0,57.0
1742508488.7442987,0.01,0.0,-0.0,-5342.0,2478.0,-15565.0,0.0,0.0,-0.0,-5348.0,2515.0,-23755.0,26.0,62.0,55.0
1742508488.7524314,0.01,0.0,0.0,-5361.0,2514.0,-31946.0,0.0,0.0,-0.0,-5367.0,2551.0,25400.0,95.0,37.0,34.0
1742508488.7646878,0.01,0.0,0.0,-5380.0,2550.0,17208.0,0.0,0.0,-0.0,-5385.0,2588.0,9017.0,0.0,0.0,0.0
1742508488.772688,0.01,0.0,-0.0,-5399.0,2588.0,825.0,0.0,0.0,-0.0,-5404.0,2626.0,-7365.0,0.0,25.0,0.0
1742508488.7851522,0.01,0.0,-0.0,-5418.0,2626.0,-15556.0,0.0,0.0,-0.0,-5424.0,2664.0,-23746.0,115.0,85.0,105.0
1742508488.797653,0.01,0.0,-0.0,-5438.0,2664.0,-31937.0,0.0,0.0,-0.0,-5444.0,2702.0,25409.0,87.0,90.0,64.0
1742508488.8096516,0.01,0.0,-0.0,-5458.0,2702.0,17217.0,0.0,0.0,-0.0,-5464.0,2740.0,9026.0,36.0,0.0,10.0
1742508488.8216696,0.01,0.0,-0.0,-5478.0,2740.0,834.0,0.0,0.0,-0.0,-5484.0,2778.0,-7356.0,51.0,38.0,10.0
1742508488.8301525,0.01,0.0,-0.0,-5498.0,2778.0,-15547.0,0.0,0.0,-0.0,-5504.0,2816.0,-23737.0,0.0,0.0,15.0
1742508488.8421683,0.01,0.0,-0.0,-5518.0,2816.0,-31928.0,0.0,0.0,-0.0,-5524.0,2854.0,25418.0,0.0,14.0,0.0
1742508488.8506558,0.01,0.0,-0.0,-5538.0,2854.0,17226.0,0.0,0.0,-0.0,-5544.0,2892.0,9035.0,104.0,131.0,106.0
1742508488.863176,0.01,0.0,-0.0,-5558.0,2892.0,843.0,0.0,0.0,-0.0,-5564.0,2930.0,-7347.0,11.0,0.0,0.0
1742508488.8711917,0.01,0.0,-0.0,-5578.0,2930.0,-15538.0,0.0,0.0,-0.0,-5584.0,2968.0,-23728.0,0.0,0.0,0.0
1742508488.8835316,0.01,0.0,-0.0,-5598.0,2968.0,-31919.0,0.0,0.0,-0.0,-5604.0,3006.0,25427.0,123.0,77.0,122.0
1742508488.891887,0.01,0.0,-0.0,-5618.0,3006.0,17235.0,0.0,0.0,-0.0,-5624.0,3044.0,9044.0,0.0,10.0,0.0
1742508488.9079866,0.01,0.0,-0.0,-5638.0,3044.0,852.0,0.0,0.0,-0.0,-5644.0,3082.0,-7338.0,0.0,0.0,0.0
1742508488.9204874,0.01,0.0,-0.0,-5658.0,3082.0,-15529.0,0.0,0.0,-0.0,-5664.0,3120.0,-23719.0,95.0,71.0,17.0
1742508488.9284863,0.01,0.0,-0.0,-5678.0,3120.0,-31910.0,0.0,0.0,-0.0,-5684.0,3158.0,25436.0,0.0,0.0,0.0
1742508488.9404862,0.01,0.0,-0.0,-5698.0,3158.0,17244.0,0.0,0.0,-0.0,-5704.0,3197.0,9053.0,0.0,0.0,0.0
1742508488.9489913,0.01,0.0,-0.0,-5718.0,3197.0,861.0,0.0,0.0,-0.0,-5725.0,3236.0,-7329.0,105.0,84.0,93.0
1742508488.96099,0.01,0.0,-0.0,-5739.0,3236.0,-15520.0,0.0,0.0,-0.0,-5745.0,3275.0,-23710.0,34.0,30.0,0.0
1742508488.9699984,0.01,0.0,-0.0,-5759.0,3275.0,-31901.0,0.0,0.0,-0.0,-5765.0,3314.0,25445.0,0.0,0.0,0.0
1742508488.9819987,0.01,0.0,-0.0,-5779.0,3314.0,17253.0,0.0,0.0,-0.0,-5785.0,3352.0,9062.0,75.0,44.0,31.0
1742508488.9936554,0.01,0.0,-0.0,-5799.0,3352.0,870.0,0.0,0.0,-0.0,-5805.0,3390.0,-7320.0,0.0,0.0,0.0
1742508489.0021312,0.01,0.0,0.0,-5818.0,3389.0,-15511.0,0.0,0.0,-0.0,-5824.0,3427.0,-23701.0,112.0,82.0,42.0
1742508489.014632,0.01,0.0,-0.0,-5838.0,3427.0,-31892.0,0.0,0.0,-0.0,-5843.0,3465.0,25454.0,0.0,0.0,0.0
1742508489.0226276,0.01,0.0,0.0,-5856.0,3464.0,17262.0,0.0,0.0,-0.0,-5861.0,3502.0,9071.0,0.0,0.0,0.0
1742508489.0351274,0.01,0.0,-0.0,-5875.0,3502.0,879.0,0.0,0.0,-0.0,-5880.0,3540.0,-7311.0,53.0,40.0,63.0
1742508489.0477674,0.01,0.0,0.0,-5893.0,3539.0,-15502.0,0.0,0.0,-0.0,-5898.0,3577.0,-23692.0,67.0,70.0,66.0
1742508489.0597668,0.01,0.0,-0.0,-5912.0,3577.0,-31883.0,0.0,0.0,-0.0,-5918.0,3615.0,25463.0,25.0,38.0,13.0
1742508489.0717707,0.01,0.0,-0.0,-5932.0,3615.0,17271.0,0.0,0.0,-0.0,-5938.0,3653.0,9080.0,29.0,16.0,3.0
1742508489.080272,0.01,0.0,-0.0,-5952.0,3653.0,888.0,0.0,0.0,-0.0,-5958.0,3691.0,-7302.0,0.0,0.0,0.0
1742508489.0922701,0.01,0.0,-0.0,-5972.0,3691.0,-15493.0,0.0,0.0,-0.0,-5978.0,3729.0,-23683.0,0.0,0.0,0.0
1742508489.1007714,0.01,0.0,-0.0,-5992.0,3729.0,-31874.0,0.0,0.0,-0.0,-5998.0,3767.0,25472.0,112.0,78.0,93.0
1742508489.1127703,0.01,0.0,-0.0,-6012.0,3767.0,17280.0,0.0,0.0,-0.0,-6018.0,3805.0,9089.0,0.0,0.0,0.0
1742508489.1212704,0.01,0.0,0.0,-6031.0,3804.0,897.0,0.0,0.0,-0.0,-6037.0,3842.0,-7293.0,0.0,0.0,0.0
1742508489.1331651,0.01,0.0,0.0,-6050.0,3841.0,-15484.0,0.0,0.0,-0.0,-6056.0,3879.0,-23674.0,63.0,84.0,94.0
1742508489.141667,0.01,0.0,0.0,-6069.0,3878.0,-31865.0,0.0,0.0,-0.0,-6075.0,3916.0,25481.0,32.0,11.0,0.0
1742508489.1538382,0.01,0.0,0.0,-6088.0,3915.0,17289.0,0.0,0.0,-0.0,-6094.0,3953.0,9098.0,38.0,36.0,11.0
1742508489.1698868,0.01,0.0,-0.0,-6108.0,3953.0,906.0,0.0,0.0,-0.0,-6114.0,3991.0,-7284.0,99.0,91.0,118.0
1742508489.17857,0.01,0.0,-0.0,-6128.0,3991.0,-15475.0,0.0,0.0,-0.0,-6134.0,4029.0,-23665.0,0.0,0.0,0.0
1742508489.1903985,0.01,0.0,0.0,-6147.0,4028.0,-31856.0,0.0,0.0,-0.0,-6153.0,4066.0,25490.0,0.0,0.0,0.0
1742508489.198863,0.01,0.0,-0.0,-6167.0,4066.0,17298.0,0.0,0.0,-0.0,-6173.0,4104.0,9107.0,64.0,59.0,108.0
1742508489.210957,0.01,0.0,-0.0,-6187.0,4104.0,915.0,0.0,0.0,-0.0,-6193.0,4143.0,-7275.0,31.0,0.0,14.0
1742508489.219456,0.01,0.0,-0.0,-6207.0,4143.0,-15466.0,0.0,0.0,-0.0,-6213.0,4182.0,-23656.0,0.0,0.0,1.0
1742508489.231459,0.01,0.0,-0.0,-6227.0,4182.0,-31847.0,0.0,0.0,-0.0,-6233.0,4221.0,25499.0,0.0,25.0,39.0
1742508489.2404575,0.01,0.0,-0.0,-6247.0,4221.0,17307.0,0.0,0.0,-0.0,-6253.0,4260.0,9116.0,11.0,0.0,7.0
1742508489.2526078,0.01,0.0,-0.0,-6267.0,4260.0,924.0,0.0,0.0,-0.0,-6273.0,4299.0,-7266.0,96.0,124.0,76.0
1742508489.264121,0.01,0.0,-0.0,-6287.0,4299.0,-15457.0,0.0,0.0,-0.0,-6293.0,4338.0,-23647.0,0.0,0.0,0.0
1742508489.2726212,0.01,0.0,-0.0,-6307.0,4338.0,-31838.0,0.0,0.0,-0.0,-6313.0,4377.0,25508.0,0.0,0.0,0.0
1742508489.2846248,0.01,0.0,-0.0,-6327.0,4377.0,17316.0,0.0,0.0,-0.0,-6333.0,4416.0,9125.0,97.0,114.0,102.0
1742508489.2971256,0.01,0.0,-0.0,-6347.0,4416.0,933.0,0.0,0.0,-0.0,-6353.0,4455.0,-7257.0,42.0,68.0,80.0
1742508489.3093336,0.01,0.0,-0.0,-6367.0,4455.0,-15448.0,0.0,0.0,-0.0,-6373.0,4494.0,-23638.0,0.0,25.0,35.0
1742508489.3212886,0.01,0.0,-0.0,-6387.0,4494.0,-31829.0,0.0,0.0,-0.0,-6393.0,4533.0,25517.0,74.0,29.0,91.0
1742508489.3306398,0.01,0.0,-0.0,-6407.0,4533.0,17325.0,0.0,0.0,-0.0,-6413.0,4572.0,9134.0,0.0,36.0,11.0
1742508489.341797,0.01,0.0,-0.0,-6427.0,4572.0,942.0,0.0,0.0,-0.0,-6433.0,4611.0,-7248.0,0.0,0.0,11.0
1742508489.3507996,0.01,0.0,-0.0,-6447.0,4611.0,-15439.0,0.0,0.0,-0.0,-6453.0,4650.0,-23629.0,95.0,77.0,94.0
1742508489.3623152,0.01,0.0,0.0,-6466.0,4649.0,-31820.0,0.0,0.0,-0.0,-6472.0,4688.0,25526.0,0.0,16.0,0.0
1742508489.3708258,0.01,0.0,-0.0,-6486.0,4688.0,17334.0,0.0,0.0,-0.0,-6492.0,4727.0,9143.0,0.0,0.0,0.0
1742508489.3832774,0.01,0.0,-0.0,-6506.0,4727.0,951.0,0.0,0.0,-0.0,-6512.0,4766.0,-7239.0,88.0,71.0,86.0
1742508489.3952243,0.01,0.0,-0.0,-6526.0,4766.0,-15430.0,0.0,0.0,-0.0,-6532.0,4805.0,-23620.0,4.0,0.0,26.0
1742508489.4082248,0.01,0.0,-0.0,-6546.0,4805.0,-31811.0,0.0,0.0,-0.0,-6552.0,4844.0,25535.0,19.0,9.0,26.0
1742508489.41974,0.01,0.0,-0.0,-6566.0,4844.0,17343.0,0.0,0.0,-0.0,-6572.0,4883.0,9152.0,65.0,70.0,48.0
1742508489.4282246,0.01,0.0,-0.0,-6586.0,4883.0,960.0,0.0,0.0,-0.0,-6592.0,4922.0,-7230.0,0.0,0.0,0.0
1742508489.4405816,0.01,0.0,-0.0,-6606.0,4922.0,-15421.0,0.0,0.0,-0.0,-6612.0,4961.0,-23611.0,0.0,0.0,0.0
1742508489.4491084,0.01,0.0,-0.0,-6626.0,4961.0,-31802.0,0.0,0.0,-0.0,-6632.0,5000.0,25544.0,72.0,99.0,83.0
1742508489.4607117,0.01,0.0,-0.0,-6646.0,5000.0,17352.0,0.0,0.0,-0.0,-6652.0,5039.0,9161.0,34.0,0.0,19.0
1742508489.4692252,0.01,0.0,0.0,-6665.0,5038.0,969.0,0.0,0.0,-0.0,-6671.0,5077.0,-7221.0,0.0,0.0,0.0
1742508489.4812236,0.01,0.0,-0.0,-6685.0,5077.0,-15412.0,0.0,0.0,-0.0,-6691.0,5116.0,-23602.0,25.0,9.0,56.0
1742508489.4936986,0.01,0.0,0.0,-6704.0,5115.0,-31793.0,0.0,0.0,-0.0,-6710.0,5154.0,25553.0,0.0,0.0,0.0
1742508489.5021968,0.01,0.0,0.0,-6723.0,5153.0,17361.0,0.0,0.0,-0.0,-6729.0,5192.0,9170.0,67.0,63.0,38.0
1742508489.5141973,0.01,0.0,0.0,-6742.0,5191.0,978.0,0.0,0.0,-0.0,-6748.0,5230.0,-7212.0,0.0,0.0,0.0
1742508489.5222144,0.01,0.0,0.0,-6761.0,5229.0,-15403.0,0.0,0.0,-0.0,-6767.0,5268.0,-23593.0,0.0,0.0,0.0
1742508489.5341964,0.01,0.0,0.0,-6780.0,5267.0,-31784.0,0.0,0.0,-0.0,-6786.0,5306.0,25562.0,111.0,53.0,101.0
1742508489.5471966,0.01,0.0,-0.0,-6800.0,5306.0,17370.0,0.0,0.0,-0.0,-6806.0,5345.0,9179.0,36.0,52.0,22.0
1742508489.5592027,0.01,0.0,0.0,-6819.0,5344.0,987.0,0.0,0.0,-0.0,-6825.0,5383.0,-7203.0,28.0,0.0,0.0
1742508489.5677438,0.01,0.0,0.0,-6838.0,5382.0,-15394.0,0.0,0.0,-0.0,-6844.0,5421.0,-23584.0,58.0,108.0,64.0
1742508489.579707,0.01,0.0,0.0,-6857.0,5420.0,-31775.0,0.0,0.0,-0.0,-6863.0,5459.0,25571.0,0.0,0.0,0.0
1742508489.5882094,0.01,0.0,0.0,-6876.0,5458.0,17379.0,0.0,0.0,-0.0,-6882.0,5497.0,9188.0,0.0,0.0,0.0
1742508489.6002073,0.01,0.0,0.0,-6895.0,5496.0,996.0,0.0,0.0,-0.0,-6901.0,5535.0,-7194.0,105.0,71.0,113.0
1742508489.6122074,0.01,0.0,-0.0,-6915.0,5535.0,-15385.0,0.0,0.0,-0.0,-6921.0,5574.0,-23575.0,9.0,21.0,28.0
1742508489.6207085,0.01,0.0,-0.0,-6935.0,5574.0,-31766.0,0.0,0.0,-0.0,-6941.0,5613.0,25580.0,0.0,0.0,0.0
1742508489.6328409,0.01,0.0,-0.0,-6955.0,5613.0,17388.0,0.0,0.0,-0.01,-6961.0,5653.0,9197.0,23.0,0.0,40.0
1742508489.6413405,0.01,0.0,-0.0,-6975.0,5653.0,1005.0,0.0,0.0,-0.01,-6981.0,5693.0,-7185.0,15.0,37.0,14.0
1742508489.6533592,0.01,0.0,-0.0,-6995.0,5693.0,-15376.0,0.0,0.0,-0.01,-7001.0,5733.0,-23566.0,81.0,98.0,65.0
1742508489.662023,0.01,0.0,-0.0,-7015.0,5733.0,-31757.0,0.0,0.0,-0.01,-7021.0,5773.0,25589.0,0.0,0.0,0.0
1742508489.6780276,0.01,0.0,-0.0,-7035.0,5773.0,17397.0,0.0,0.0,-0.01,-7041.0,5813.0,9206.0,0.0,0.0,9.0
1742508489.6902497,0.01,0.0,-0.0,-7055.0,5813.0,1014.0,0.0,0.0,-0.01,-7061.0,5853.0,-7176.0,0.0,0.0,0.0
1742508489.698669,0.01,0.0,-0.0,-7075.0,5853.0,-15367.0,0.0,0.0,-0.01,-7081.0,5893.0,-23557.0,68.0,104.0,74.0
1742508489.7106683,0.01,0.0,-0.0,-7095.0,5893.0,-31748.0,0.0,0.0,-0.01,-7101.0,5933.0,25598.0,1.0,0.0,0.0
1742508489.7191687,0.01,0.0,-0.0,-7115.0,5933.0,17406.0,0.0,0.0,-0.01,-7121.0,5973.0,9215.0,46.0,34.0,0.0
1742508489.7311697,0.01,0.0,-0.0,-7135.0,5973.0,1023.0,0.0,0.0,-0.01,-7141.0,6013.0,-7167.0,0.0,0.0,0.0
1742508489.7396696,0.01,0.0,-0.0,-7155.0,6013.0,-15358.0,0.0,0.0,-0.01,-7161.0,6053.0,-23548.0,0.0,0.0,0.0
1742508489.7521737,0.01,0.0,-0.0,-7175.0,6053.0,-31739.0,0.0,0.0,-0.01,-7181.0,6093.0,25607.0,90.0,111.0,143.0
1742508489.7601721,0.01,0.0,-0.0,-7195.0,6093.0,17415.0,0.0,0.0,-0.01,-7201.0,6133.0,9224.0,0.0,0.0,0.0
1742508489.7721915,0.01,0.0,-0.0,-7215.0,6133.0,1032.0,0.0,0.0,-0.01,-7221.0,6173.0,-7158.0,0.0,0.0,0.0
1742508489.7841902,0.01,0.0,-0.0,-7235.0,6173.0,-15349.0,0.0,0.0,-0.01,-7241.0,6213.0,-23539.0,71.0,86.0,57.0
1742508489.7971904,0.01,0.0,-0.0,-7255.0,6213.0,-31730.0,0.0,0.0,-0.01,-7261.0,6253.0,25616.0,7.0,20.0,68.0
1742508489.8091905,0.01,0.0,-0.0,-7275.0,6253.0,17424.0,0.0,0.0,-0.01,-7281.0,6293.0,9233.0,0.0,19.0,20.0
1742508489.8172057,0.01,0.0,-0.0,-7295.0,6293.0,1041.0,0.0,0.0,-0.01,-7301.0,6333.0,-7149.0,92.0,42.0,51.0
1742508489.8296897,0.01,0.0,-0.0,-7315.0,6333.0,-15340.0,0.0,0.0,-0.01,-7321.0,6373.0,-23530.0,0.0,0.0,0.0
1742508489.8376892,0.01,0.0,-0.0,-7335.0,6373.0,-31721.0,0.0,0.0,-0.01,-7341.0,6413.0,25625.0,0.0,0.0,0.0
1742508489.8502934,0.01,0.0,-0.0,-7355.0,6413.0,17433.0,0.0,0.0,-0.01,-7361.0,6453.0,9242.0,108.0,75.0,100.0
1742508489.862293,0.01,0.0,-0.0,-7375.0,6453.0,1050.0,0.0,0.0,-0.01,-7381.0,6493.0,-7140.0,1.0,16.0,12.0
1742508489.870799,0.01,0.0,-0.0,-7395.0,6493.0,-15331.0,0.0,0.0,-0.01,-7401.0,6533.0,-23521.0,0.0,0.0,0.0
1742508489.8827994,0.01,0.0,-0.0,-7415.0,6533.0,-31712.0,0.0,0.0,-0.01,-7421.0,6573.0,25634.0,63.0,102.0,66.0
1742508489.8910067,0.01,0.0,-0.0,-7435.0,6573.0,17442.0,0.0,0.0,-0.0,-7441.0,6612.0,9251.0,3.0,0.0,0.0
1742508489.9075027,0.01,0.0,-0.0,-7455.0,6612.0,1059.0,0.0,0.0,-0.0,-7461.0,6651.0,-7131.0,0.0,0.0,0.0
1742508489.919018,0.01,0.0,-0.0,-7475.0,6651.0,-15322.0,0.0,0.0,-0.0,-7481.0,6690.0,-23512.0,115.0,97.0,96.0
1742508489.9279075,0.01,0.0,-0.0,-7495.0,6690.0,-31703.0,0.0,0.0,-0.01,-7501.0,6730.0,25643.0,0.0,0.0,0.0
1742508489.9399238,0.01,0.0,0.0,-7514.0,6729.0,17451.0,0.0,0.0,-0.01,-7520.0,6769.0,9260.0,0.0,0.0,0.0
1742508489.948413,0.01,0.0,0.0,-7533.0,6768.0,1068.0,0.0,0.0,-0.01,-7539.0,6808.0,-7122.0,72.0,103.0,96.0
1742508489.9604301,0.01,0.0,0.0,-7552.0,6807.0,-15313.0,0.0,0.0,-0.01,-7558.0,6847.0,-23503.0,27.0,15.0,17.0
1742508489.9689727,0.01,0.0,0.0,-7571.0,6846.0,-31694.0,0.0,0.0,-0.01,-7577.0,6886.0,25652.0,55.0,0.0,19.0
1742508489.9814737,0.01,0.0,0.0,-7590.0,6885.0,17460.0,0.0,0.0,-0.01,-7596.0,6925.0,9269.0,0.0,0.0,0.0
1742508489.9894729,0.01,0.0,0.0,-7609.0,6924.0,1077.0,0.0,0.0,-0.01,-7615.0,6964.0,-7113.0,0.0,0.0,17.0
1742508490.00159,0.01,0.0,0.0,-7628.0,6963.0,-15304.0,0.0,0.0,-0.01,-7634.0,7003.0,-23494.0,122.0,39.0,80.0
1742508490.0095916,0.01,0.0,0.0,-7647.0,7002.0,-31685.0,0.0,0.0,-0.01,-7653.0,7042.0,25661.0,5.0,0.0,0.0
1742508490.0218294,0.01,0.0,0.0,-7666.0,7041.0,17469.0,0.0,0.0,-0.01,-7672.0,7081.0,9278.0,0.0,0.0,0.0
1742508490.0341842,0.01,0.0,0.0,-7685.0,7080.0,1086.0,0.0,0.0,-0.01,-7691.0,7120.0,-7104.0,38.0,81.0,77.0
1742508490.0466838,0.01,0.0,0.0,-7704.0,7119.0,-15295.0,0.0,0.0,-0.01,-7710.0,7159.0,-23485.0,0.0,0.0,22.0
1742508490.0592134,0.01,0.0,0.0,-7723.0,7158.0,-31676.0,0.0,0.0,-0.01,-7729.0,7198.0,25670.0,0.0,0.0,0.0
1742508490.0672414,0.01,0.0,0.0,-7742.0,7197.0,17478.0,0.0,0.0,-0.01,-7748.0,7237.0,9287.0,110.0,114.0,87.0
1742508490.079458,0.01,0.0,0.0,-7761.0,7236.0,1095.0,0.0,0.0,-0.01,-7767.0,7276.0,-7095.0,16.0,0.0,0.0
1742508490.0874617,0.01,0.0,0.0,-7780.0,7275.0,-15286.0,0.0,0.0,-0.01,-7786.0,7315.0,-23476.0,0.0,0.0,0.0
1742508490.1000714,0.01,0.0,0.0,-7799.0,7314.0,-31667.0,0.0,0.0,-0.01,-7805.0,7354.0,25679.0,53.0,121.0,87.0
1742508490.1082246,0.01,0.0,0.0,-7818.0,7353.0,17487.0,0.0,0.0,-0.01,-7824.0,7393.0,9296.0,10.0,39.0,6.0
1742508490.1202152,0.01,0.0,0.0,-7837.0,7392.0,1104.0,0.0,0.0,-0.01,-7843.0,7432.0,-7086.0,41.0,14.0,27.0
1742508490.1287138,0.01,0.0,-0.0,-7856.0,7432.0,-15277.0,0.0,0.0,-0.01,-7862.0,7472.0,-23467.0,0.0,0.0,0.0
1742508490.141217,0.01,0.0,-0.0,-7876.0,7472.0,-31658.0,0.0,0.0,-0.01,-7882.0,7512.0,25688.0,0.0,0.0,0.0
1742508490.1529984,0.01,0.0,-0.0,-7896.0,7512.0,17496.0,0.0,0.0,-0.0,-7902.0,7551.0,9305.0,99.0,119.0,119.0
1742508490.1614847,0.01,0.0,-0.0,-7916.0,7551.0,1113.0,0.0,0.0,-0.0,-7922.0,7590.0,-7077.0,1.0,0.0,6.0
1742508490.1775029,0.01,0.0,0.0,-7935.0,7589.0,-15268.0,0.0,0.0,-0.0,-7941.0,7628.0,-23458.0,0.0,0.0,0.0
1742508490.1859753,0.01,0.0,0.0,-7954.0,7627.0,-31649.0,0.0,0.0,-0.0,-7960.0,7666.0,25697.0,0.0,0.0,0.0
1742508490.1979747,0.01,0.0,0.0,-7973.0,7665.0,17505.0,0.0,0.0,-0.01,-7979.0,7705.0,9314.0,0.0,0.0,0.0
1742508490.2064755,0.01,0.0,0.0,-7992.0,7704.0,1122.0,0.0,0.0,-0.01,-7998.0,7744.0,-7068.0,0.0,22.0,1.0
1742508490.2184758,0.01,0.0,0.0,-8011.0,7743.0,-15259.0,0.0,0.0,-0.0,-8017.0,7782.0,-23449.0,87.0,91.0,64.0
1742508490.2269757,0.01,0.0,0.0,-8030.0,7781.0,-31640.0,0.0,0.0,-0.0,-8036.0,7820.0,25706.0,16.0,23.0,3.0
1742508490.2389748,0.01,0.0,0.0,-8049.0,7819.0,17514.0,0.0,0.0,-0.01,-8055.0,7859.0,9323.0,0.0,0.0,0.0
1742508490.251496,0.01,0.0,0.0,-8068.0,7858.0,1131.0,0.0,0.0,-0.01,-8074.0,7898.0,-7059.0,117.0,69.0,92.0
1742508490.2596312,0.01,0.0,0.0,-8087.0,7897.0,-15250.0,0.0,0.0,-0.0,-8093.0,7936.0,-23440.0,32.0,40.0,10.0
1742508490.2716918,0.01,0.0,0.0,-8106.0,7935.0,-31631.0,0.0,0.0,-0.0,-8112.0,7974.0,25715.0,0.0,0.0,0.0
1742508490.280165,0.01,0.0,0.0,-8125.0,7973.0,17523.0,0.0,0.0,-0.01,-8131.0,8013.0,9332.0,0.0,0.0,0.0
1742508490.2926638,0.01,0.0,0.0,-8144.0,8012.0,1140.0,0.0,0.0,-0.01,-8150.0,8052.0,-7050.0,0.0,1.0,2.0
1742508490.3006647,0.01,0.0,0.0,-8163.0,8051.0,-15241.0,0.0,0.0,-0.01,-8169.0,8091.0,-23431.0,95.0,110.0,117.0
1742508490.3127494,0.01,0.0,0.0,-8182.0,8090.0,-31622.0,0.0,0.0,-0.01,-8188.0,8130.0,25724.0,0.0,0.0,0.0
1742508490.32525,0.01,0.0,0.0,-8200.0,8129.0,17532.0,0.0,0.0,-0.01,-8206.0,8169.0,9341.0,4.0,39.0,12.0
1742508490.3373733,0.01,0.0,0.0,-8218.0,8168.0,1149.0,0.0,0.0,-0.01,-8224.0,8208.0,-7041.0,0.0,0.0,0.0
1742508490.3458738,0.01,0.0,0.0,-8237.0,8207.0,-15232.0,0.0,0.0,-0.01,-8243.0,8247.0,-23422.0,0.0,6.0,3.0
1742508490.3578758,0.01,0.0,0.0,-8256.0,8246.0,-31613.0,0.0,0.0,-0.01,-8262.0,8286.0,25733.0,0.0,22.0,0.0
1742508490.3703804,0.01,0.0,0.0,-8275.0,8285.0,17541.0,0.0,0.0,-0.01,-8281.0,8325.0,9350.0,85.0,112.0,71.0
1742508490.3783817,0.01,0.0,0.0,-8293.0,8323.0,1158.0,0.0,0.0,-0.01,-8299.0,8363.0,-7032.0,0.0,0.0,0.0
1742508490.3903873,0.01,0.0,0.0,-8311.0,8361.0,-15223.0,0.0,0.0,-0.01,-8317.0,8401.0,-23413.0,0.0,0.0,21.0
1742508490.3993804,0.01,0.0,0.0,-8330.0,8399.0,-31604.0,0.0,0.0,-0.01,-8336.0,8439.0,25742.0,91.0,100.0,85.0
1742508490.4112797,0.01,0.0,0.0,-8348.0,8437.0,17550.0,0.0,0.0,-0.01,-8354.0,8477.0,9359.0,29.0,47.0,29.0
1742508490.419286,0.01,0.0,0.0,-8366.0,8475.0,1167.0,0.0,0.0,-0.01,-8372.0,8515.0,-7023.0,0.0,0.0,0.0
1742508490.4313185,0.01,0.0,0.0,-8384.0,8513.0,-15214.0,0.0,0.0,-0.01,-8390.0,8553.0,-23404.0,4.0,15.0,34.0
1742508490.439819,0.01,0.0,0.0,-8402.0,8551.0,-31595.0,0.0,0.0,-0.01,-8408.0,8591.0,25751.0,0.0,0.0,0.0
1742508490.4564626,0.01,0.0,0.0,-8420.0,8589.0,17559.0,0.0,0.0,-0.01,-8426.0,8629.0,9368.0,0.0,0.0,0.0
1742508490.468469,0.01,0.0,0.0,-8438.0,8627.0,1176.0,0.0,0.0,-0.01,-8445.0,8667.0,-7014.0,86.0,131.0,103.0
1742508490.476608,0.01,0.0,0.0,-8457.0,8665.0,-15205.0,0.0,0.0,-0.01,-8464.0,8705.0,-23395.0,29.0,11.0,0.0
1742508490.4886353,0.01,0.0,0.0,-8476.0,8703.0,-31586.0,0.0,0.0,-0.01,-8482.0,8743.0,25760.0,0.0,0.0,0.0
1742508490.4974663,0.01,0.0,0.0,-8495.0,8741.0,17568.0,0.0,0.0,-0.01,-8501.0,8781.0,9377.0,56.0,32.0,66.0
1742508490.5093918,0.01,0.0,0.0,-8514.0,8779.0,1185.0,0.0,0.0,-0.01,-8520.0,8819.0,-7005.0,30.0,16.0,0.0
1742508490.521922,0.01,0.0,0.0,-8532.0,8817.0,-15196.0,0.0,0.0,-0.01,-8538.0,8857.0,-23386.0,30.0,46.0,6.0
1742508490.529922,0.01,0.0,0.0,-8550.0,8855.0,-31577.0,0.0,0.0,-0.01,-8556.0,8895.0,25769.0,0.0,0.0,0.0
1742508490.541922,0.01,0.0,0.0,-8569.0,8893.0,17577.0,0.0,0.0,-0.01,-8575.0,8933.0,9386.0,0.0,0.0,0.0
1742508490.550424,0.01,0.0,0.0,-8587.0,8931.0,1194.0,0.0,0.0,-0.01,-8593.0,8971.0,-6996.0,142.0,109.0,74.0
1742508490.5624244,0.01,0.0,0.0,-8606.0,8969.0,-15187.0,0.0,0.0,-0.01,-8612.0,9009.0,-23377.0,28.0,3.0,0.0
1742508490.57493,0.01,0.0,0.0,-8625.0,9007.0,-31568.0,0.0,0.0,-0.01,-8631.0,9047.0,25778.0,10.0,36.0,19.0
1742508490.5869453,0.01,0.0,0.0,-8643.0,9045.0,17586.0,0.0,0.0,-0.01,-8649.0,9085.0,9395.0,0.0,8.0,0.0
1742508490.5994313,0.01,0.0,0.0,-8661.0,9083.0,1203.0,0.0,0.0,-0.01,-8667.0,9123.0,-6987.0,20.0,0.0,42.0
1742508490.6079297,0.01,0.0,0.0,-8680.0,9121.0,-15178.0,0.0,0.0,-0.01,-8686.0,9161.0,-23368.0,0.0,0.0,25.0
1742508490.6200912,0.01,0.0,0.0,-8699.0,9159.0,-31559.0,0.0,0.0,-0.01,-8705.0,9199.0,25787.0,94.0,108.0,82.0
1742508490.6281075,0.01,0.0,0.0,-8718.0,9197.0,17595.0,0.0,0.0,-0.01,-8724.0,9237.0,9404.0,0.0,0.0,0.0
1742508490.6405907,0.01,0.0,0.0,-8737.0,9235.0,1212.0,0.0,0.0,-0.01,-8743.0,9275.0,-6978.0,0.0,0.0,0.0
1742508490.6490638,0.01,0.0,0.0,-8756.0,9273.0,-15169.0,0.0,0.0,-0.01,-8762.0,9313.0,-23359.0,86.0,99.0,67.0
1742508490.6610675,0.01,0.0,0.0,-8775.0,9311.0,-31550.0,0.0,0.0,-0.01,-8781.0,9351.0,25796.0,9.0,21.0,0.0
1742508490.669573,0.01,0.0,0.0,-8794.0,9349.0,17604.0,0.0,0.0,-0.01,-8800.0,9389.0,9413.0,0.0,0.0,0.0
1742508490.6815724,0.01,0.0,0.0,-8813.0,9387.0,1221.0,0.0,0.0,-0.01,-8819.0,9427.0,-6969.0,25.0,57.0,27.0
1742508490.6975727,0.01,0.0,0.0,-8832.0,9425.0,-15160.0,0.0,0.0,-0.01,-8838.0,9465.0,-23350.0,0.0,0.0,0.0
1742508490.7060735,0.01,0.0,0.0,-8851.0,9463.0,-31541.0,0.0,0.0,-0.01,-8857.0,9503.0,25805.0,0.0,0.0,0.0
1742508490.7180743,0.01,0.0,0.0,-8870.0,9501.0,17613.0,0.0,0.0,-0.01,-8876.0,9541.0,9422.0,115.0,132.0,86.0
1742508490.726917,0.01,0.0,0.0,-8889.0,9539.0,1230.0,0.0,0.0,-0.01,-8895.0,9579.0,-6960.0,0.0,0.0,0.0
1742508490.738917,0.01,0.0,0.0,-8908.0,9577.0,-15151.0,0.0,0.0,-0.01,-8914.0,9617.0,-23341.0,0.0,0.0,0.0
1742508490.7509181,0.01,0.0,0.0,-8927.0,9615.0,-31532.0,0.0,0.0,-0.01,-8932.0,9655.0,25814.0,70.0,99.0,117.0
1742508490.759418,0.01,0.0,0.0,-8945.0,9653.0,17622.0,0.0,0.0,-0.01,-8950.0,9693.0,9431.0,0.0,10.0,1.0
1742508490.7714229,0.01,0.0,0.0,-8963.0,9691.0,1239.0,0.0,0.0,-0.01,-8968.0,9731.0,-6951.0,33.0,27.0,30.0
1742508490.7799237,0.01,0.0,0.0,-8981.0,9729.0,-15142.0,0.0,0.0,-0.01,-8986.0,9769.0,-23332.0,0.0,1.0,1.0
1742508490.7920785,0.01,0.0,0.0,-8999.0,9766.0,-31523.0,0.0,0.0,-0.01,-9004.0,9806.0,25823.0,11.0,23.0,8.0
1742508490.8047006,0.01,0.0,0.0,-9017.0,9803.0,17631.0,0.0,0.0,-0.01,-9022.0,9843.0,9440.0,0.0,0.0,0.0
1742508490.8168602,0.01,0.0,0.0,-9035.0,9840.0,1248.0,0.0,0.0,-0.01,-9040.0,9880.0,-6942.0,89.0,110.0,103.0
1742508490.8293588,0.01,0.0,0.0,-9053.0,9877.0,-15133.0,0.0,0.0,-0.01,-9058.0,9917.0,-23323.0,27.0,6.0,12.0
1742508490.8373597,0.01,0.0,0.0,-9071.0,9914.0,-31514.0,0.0,0.0,-0.01,-9076.0,9954.0,25832.0,0.0,0.0,0.0
1742508490.8493629,0.01,0.0,0.0,-9089.0,9951.0,17640.0,0.0,0.0,-0.01,-9094.0,9991.0,9449.0,0.0,8.0,0.0
1742508490.8578627,0.01,0.0,0.0,-9107.0,9988.0,1257.0,0.0,0.0,-0.01,-9113.0,10028.0,-6933.0,0.0,0.0,0.0
1742508490.8698726,0.01,0.0,0.0,-9126.0,10025.0,-15124.0,0.0,0.0,-0.01,-9132.0,10065.0,-23314.0,69.0,80.0,9.0
1742508490.8783727,0.01,0.0,0.0,-9145.0,10062.0,-31505.0,0.0,0.0,-0.01,-9150.0,10102.0,25841.0,0.0,0.0,0.0
1742508490.8903735,0.01,0.0,0.0,-9163.0,10099.0,17649.0,0.0,0.0,-0.01,-9168.0,10139.0,9458.0,0.0,0.0,0.0
1742508490.9023883,0.01,0.0,0.0,-9181.0,10136.0,1266.0,0.0,0.0,-0.01,-9186.0,10176.0,-6924.0,110.0,81.0,117.0
1742508490.9109738,0.01,0.0,0.0,-9199.0,10173.0,-15115.0,0.0,0.0,-0.01,-9204.0,10213.0,-23305.0,0.0,0.0,0.0
1742508490.927108,0.01,0.0,0.0,-9217.0,10210.0,-31496.0,0.0,0.0,-0.01,-9222.0,10250.0,25850.0,42.0,20.0,16.0
1742508490.9355927,0.01,0.0,0.0,-9235.0,10247.0,17658.0,0.0,0.0,-0.01,-9240.0,10287.0,9467.0,0.0,0.0,11.0
1742508490.9475915,0.01,0.0,0.0,-9253.0,10284.0,1275.0,0.0,0.0,-0.01,-9258.0,10324.0,-6915.0,0.0,2.0,31.0
1742508490.9560943,0.01,0.0,0.0,-9271.0,10321.0,-15106.0,0.0,0.0,-0.01,-9276.0,10361.0,-23296.0,0.0,17.0,0.0
1742508490.968101,0.01,0.0,0.0,-9289.0,10358.0,-31487.0,0.0,0.0,-0.01,-9294.0,10398.0,25859.0,88.0,87.0,71.0
1742508490.9802547,0.01,0.0,0.0,-9307.0,10395.0,17667.0,0.0,0.0,-0.01,-9313.0,10435.0,9476.0,0.0,0.0,0.0
1742508490.9887547,0.01,0.0,0.0,-9326.0,10432.0,1284.0,0.0,0.0,-0.01,-9332.0,10472.0,-6906.0,0.0,0.0,0.0
1742508491.0007548,0.01,0.0,0.0,-9345.0,10469.0,-15097.0,0.0,0.0,-0.01,-9350.0,10509.0,-23287.0,92.0,105.0,120.0
1742508491.0092547,0.01,0.0,0.0,-9363.0,10506.0,-31478.0,0.0,0.0,-0.01,-9369.0,10546.0,25868.0,0.0,0.0,0.0
1742508491.0252554,0.01,0.0,0.0,-9382.0,10543.0,17676.0,0.0,0.0,-0.01,-9388.0,10583.0,9485.0,2.0,29.0,28.0
1742508491.0377545,0.01,0.0,0.0,-9401.0,10580.0,1293.0,0.0,0.0,-0.01,-9407.0,10620.0,-6897.0,62.0,51.0,0.0
1742508491.0462568,0.01,0.0,0.0,-9420.0,10617.0,-15088.0,0.0,0.0,-0.01,-9426.0,10657.0,-23278.0,0.0,0.0,0.0
1742508491.0587602,0.01,0.0,0.0,-9439.0,10654.0,-31469.0,0.0,0.0,-0.01,-9445.0,10694.0,25877.0,0.0,0.0,0.0
1742508491.0667675,0.01,0.0,0.0,-9458.0,10691.0,17685.0,0.0,0.0,-0.01,-9464.0,10731.0,9494.0,106.0,46.0,75.0
1742508491.0787666,0.01,0.0,0.0,-9477.0,10728.0,1302.0,0.0,0.0,-0.01,-9483.0,10768.0,-6888.0,8.0,0.0,0.0
1742508491.0912664,0.01,0.0,0.0,-9496.0,10765.0,-15079.0,0.0,0.0,-0.01,-9502.0,10805.0,-23269.0,0.0,0.0,0.0
1742508491.0992665,0.01,0.0,0.0,-9515.0,10802.0,-31460.0,0.0,0.0,-0.01,-9521.0,10842.0,25886.0,99.0,124.0,107.0
1742508491.111767,0.01,0.0,0.0,-9534.0,10839.0,17694.0,0.0,0.0,-0.01,-9540.0,10879.0,9503.0,13.0,27.0,0.0
1742508491.123769,0.01,0.0,0.0,-9553.0,10876.0,1311.0,0.0,0.0,-0.01,-9559.0,10916.0,-6879.0,0.0,18.0,17.0
1742508491.1358988,0.01,0.0,0.0,-9572.0,10913.0,-15070.0,0.0,0.0,-0.01,-9578.0,10953.0,-23260.0,73.0,41.0,64.0
1742508491.1483989,0.01,0.0,0.0,-9591.0,10950.0,-31451.0,0.0,0.0,-0.01,-9597.0,10990.0,25895.0,0.0,0.0,0.0
1742508491.1569006,0.01,0.0,0.0,-9610.0,10987.0,17703.0,0.0,0.0,-0.01,-9616.0,11027.0,9512.0,0.0,0.0,0.0
1742508491.1689262,0.01,0.0,0.0,-9629.0,11024.0,1320.0,0.0,0.0,-0.01,-9635.0,11064.0,-6870.0,95.0,87.0,134.0
1742508491.1774251,0.01,0.0,0.0,-9648.0,11061.0,-15061.0,0.0,0.0,-0.01,-9654.0,11101.0,-23251.0,15.0,0.0,0.0
1742508491.1894252,0.01,0.0,0.0,-9667.0,11098.0,-31442.0,0.0,0.0,-0.01,-9673.0,11138.0,25904.0,0.0,0.0,0.0
1742508491.201093,0.01,0.0,0.0,-9686.0,11135.0,17712.0,0.0,0.0,-0.01,-9692.0,11175.0,9521.0,100.0,127.0,130.0
1742508491.2097356,0.01,0.0,0.0,-9705.0,11172.0,1329.0,0.0,0.0,-0.01,-9711.0,11212.0,-6861.0,18.0,0.0,0.0
1742508491.2218916,0.01,0.0,0.0,-9724.0,11209.0,-15052.0,0.0,0.0,-0.01,-9730.0,11249.0,-23242.0,0.0,0.0,0.0
1742508491.234543,0.01,0.0,0.0,-9743.0,11246.0,-31433.0,0.0,0.0,-0.01,-9749.0,11286.0,25913.0,90.0,85.0,70.0
1742508491.2470438,0.01,0.0,0.0,-9762.0,11283.0,17721.0,0.0,0.0,-0.01,-9768.0,11324.0,9530.0,0.0,0.0,0.0
1742508491.25868,0.01,0.0,0.0,-9781.0,11321.0,1338.0,0.0,0.0,-0.01,-9787.0,11362.0,-6852.0,0.0,1.0,3.0
1742508491.2673757,0.01,0.0,0.0,-9800.0,11359.0,-15043.0,0.0,0.0,-0.01,-9806.0,11400.0,-23233.0,114.0,80.0,92.0
1742508491.2790413,0.01,0.0,0.0,-9819.0,11397.0,-31424.0,0.0,0.0,-0.01,-9825.0,11438.0,25922.0,38.0,0.0,0.0
1742508491.2876275,0.01,0.0,0.0,-9838.0,11435.0,17730.0,0.0,0.0,-0.01,-9844.0,11476.0,9539.0,0.0,0.0,0.0
1742508491.2996168,0.01,0.0,0.0,-9857.0,11473.0,1347.0,0.0,0.0,-0.01,-9863.0,11514.0,-6843.0,65.0,113.0,98.0
1742508491.308419,0.01,0.0,0.0,-9877.0,11511.0,-15034.0,0.0,0.0,-0.01,-9883.0,11552.0,-23224.0,6.0,8.0,0.0
1742508491.3204186,0.01,0.0,0.0,-9896.0,11549.0,-31415.0,0.0,0.0,-0.01,-9902.0,11590.0,25931.0,15.0,0.0,0.0
1742508491.3366933,0.01,0.0,0.0,-9915.0,11586.0,17739.0,0.0,0.0,-0.01,-9921.0,11627.0,9548.0,61.0,85.0,78.0
1742508491.3452744,0.01,0.0,0.0,-9934.0,11623.0,1356.0,0.0,0.0,-0.01,-9941.0,11664.0,-6834.0,0.0,0.0,0.0
1742508491.357304,0.01,0.0,0.0,-9954.0,11660.0,-15025.0,0.0,0.0,-0.01,-9961.0,11701.0,-23215.0,0.0,0.0,0.0
1742508491.3698092,0.01,0.0,0.0,-9974.0,11697.0,-31406.0,0.0,0.0,-0.01,-9981.0,11738.0,25940.0,103.0,121.0,119.0
1742508491.3778076,0.01,0.0,0.0,-9994.0,11734.0,17748.0,0.0,0.0,-0.01,-10001.0,11775.0,9557.0,0.0,0.0,0.0
1742508491.3900013,0.01,0.0,0.0,-10014.0,11772.0,1365.0,0.0,0.0,-0.01,-10021.0,11813.0,-6825.0,0.0,0.0,0.0
1742508491.3985014,0.01,0.0,0.0,-10034.0,11810.0,-15016.0,0.0,0.0,-0.01,-10041.0,11851.0,-23206.0,101.0,120.0,90.0
1742508491.4106567,0.01,0.0,0.0,-10054.0,11848.0,-31397.0,0.0,0.0,-0.01,-10061.0,11889.0,25949.0,41.0,7.0,4.0
1742508491.4270096,0.01,0.0,0.0,-10075.0,11886.0,17757.0,0.0,0.0,-0.01,-10082.0,11927.0,9566.0,32.0,0.0,0.0
1742508491.4351816,0.01,0.0,0.0,-10098.0,11924.0,1374.0,0.0,0.0,-0.01,-10105.0,11965.0,-6816.0,81.0,26.0,30.0
1742508491.4471807,0.01,0.0,0.0,-10123.0,11962.0,-15007.0,0.0,0.0,-0.01,-10131.0,12003.0,-23197.0,0.0,0.0,0.0
1742508491.4556859,0.01,0.0,0.0,-10153.0,12000.0,-31388.0,0.0,0.0,-0.01,-10160.0,12042.0,25958.0,0.0,3.0,0.0
1742508491.4678047,0.01,0.0,0.0,-10181.0,12041.0,17766.0,0.0,0.0,-0.01,-10187.0,12084.0,9575.0,86.0,99.0,99.0
1742508491.4798217,0.01,0.0,-0.0,-10204.0,12084.0,1383.0,0.0,0.0,-0.01,-10209.0,12127.0,-6807.0,0.0,3.0,8.0
1742508491.4883041,0.01,0.0,-0.0,-10213.0,12127.0,-14998.0,0.0,0.0,-0.01,-10217.0,12170.0,-23188.0,0.0,0.0,0.0
1742508491.5005274,0.01,-0.0,-0.0,-10206.0,12174.0,-31379.0,0.0,0.0,-0.01,-10210.0,12216.0,25967.0,122.0,83.0,79.0
1742508491.5172043,0.01,-0.01,-0.0,-10161.0,12220.0,17775.0,0.0,0.0,-0.01,-10168.0,12260.0,9584.0,73.0,70.0,66.0
1742508491.5251951,0.01,-0.01,-0.0,-10101.0,12261.0,1393.0,0.0,0.0,-0.01,-10109.0,12301.0,-6797.0,0.0,0.0,0.0
1742508491.5376952,0.01,-0.01,0.0,-10024.0,12291.0,-14987.0,0.0,0.0,-0.01,-10031.0,12331.0,-23177.0,27.0,33.0,29.0
1742508491.545773,0.0,-0.01,0.0,-9928.0,12311.0,-31367.0,0.0,0.0,-0.01,-9935.0,12352.0,25979.0,0.0,0.0,24.0
1742508491.5578036,0.0,-0.01,0.0,-9815.0,12320.0,17788.0,0.0,0.0,-0.01,-9822.0,12361.0,9597.0,11.0,29.0,15.0
1742508491.5703702,0.0,-0.02,0.0,-9688.0,12326.0,1406.0,0.0,0.0,-0.01,-9695.0,12366.0,-6784.0,82.0,21.0,80.0
1742508491.5783708,0.0,-0.02,0.0,-9552.0,12330.0,-14974.0,0.0,0.0,-0.01,-9560.0,12370.0,-23164.0,0.0,0.0,0.0
1742508491.5908718,0.0,-0.02,0.0,-9411.0,12332.0,-31354.0,0.0,0.0,-0.0,-9420.0,12371.0,25992.0,0.0,0.0,0.0
1742508491.598882,0.0,-0.02,0.0,-9266.0,12333.0,17801.0,0.0,0.0,-0.0,-9275.0,12372.0,9610.0,100.0,133.0,124.0
1742508491.6155307,0.0,-0.02,0.0,-9125.0,12342.0,1419.0,0.0,0.0,-0.01,-9133.0,12382.0,-6771.0,61.0,91.0,112.0
1742508491.6275349,0.0,-0.02,0.0,-8990.0,12357.0,-14961.0,0.0,0.0,-0.01,-8997.0,12397.0,-23151.0,3.0,4.0,39.0
1742508491.6357014,0.01,-0.02,0.0,-8862.0,12376.0,-31341.0,0.0,0.0,-0.01,-8869.0,12416.0,26005.0,46.0,0.0,0.0
1742508491.6480372,0.01,-0.02,0.0,-8744.0,12400.0,17814.0,0.0,0.0,-0.01,-8751.0,12440.0,9623.0,0.0,0.0,0.0
1742508491.656678,0.01,-0.01,0.0,-8636.0,12425.0,1432.0,0.0,0.0,-0.01,-8643.0,12466.0,-6758.0,0.0,20.0,0.0
1742508491.6682007,0.01,-0.01,0.0,-8541.0,12452.0,-14948.0,0.0,0.0,-0.01,-8549.0,12492.0,-23138.0,65.0,94.0,94.0
1742508491.6770098,0.01,-0.01,0.0,-8462.0,12476.0,-31328.0,0.0,0.0,-0.01,-8470.0,12517.0,26018.0,0.0,0.0,0.0
1742508491.6890109,0.01,-0.01,0.0,-8399.0,12502.0,17827.0,0.0,0.0,-0.01,-8407.0,12544.0,9636.0,0.0,0.0,0.0
1742508491.7010262,0.01,-0.01,0.0,-8350.0,12528.0,1444.0,0.0,0.0,-0.01,-8357.0,12571.0,-6746.0,110.0,91.0,108.0
1742508491.7137473,0.01,-0.01,0.0,-8313.0,12557.0,-14937.0,0.0,0.0,-0.01,-8318.0,12600.0,-23127.0,91.0,74.0,61.0
1742508491.725763,0.01,-0.01,0.0,-8275.0,12590.0,-31318.0,0.0,0.0,-0.01,-8280.0,12633.0,26028.0,6.0,0.0,10.0
1742508491.7382472,0.01,-0.01,0.0,-8234.0,12631.0,17836.0,0.0,0.0,-0.01,-8239.0,12673.0,9645.0,41.0,66.0,24.0
1742508491.7467613,0.01,-0.01,-0.0,-8187.0,12676.0,1453.0,0.0,0.0,-0.01,-8193.0,12717.0,-6737.0,0.0,0.0,0.0
1742508491.7587495,0.01,-0.01,-0.0,-8133.0,12721.0,-14928.0,0.0,0.0,-0.01,-8140.0,12761.0,-23118.0,0.0,0.0,4.0
1742508491.766783,0.01,-0.01,-0.0,-8072.0,12764.0,-31309.0,0.0,0.0,-0.01,-8079.0,12804.0,26037.0,111.0,104.0,61.0
1742508491.7787824,0.01,-0.01,0.0,-8004.0,12802.0,17845.0,0.0,0.0,-0.01,-8011.0,12843.0,9654.0,0.0,0.0,0.0
1742508491.7872808,0.01,-0.01,0.0,-7929.0,12833.0,1463.0,0.0,0.0,-0.01,-7935.0,12874.0,-6727.0,0.0,7.0,0.0
1742508491.7997847,0.01,-0.01,0.0,-7850.0,12857.0,-14917.0,0.0,0.0,-0.01,-7856.0,12898.0,-23107.0,94.0,114.0,85.0
1742508491.8162806,0.01,-0.01,0.0,-7769.0,12873.0,-31297.0,0.0,0.0,-0.01,-7776.0,12914.0,26049.0,81.0,84.0,90.0
1742508491.8242805,0.01,-0.01,0.0,-7690.0,12887.0,17858.0,0.0,0.0,-0.01,-7698.0,12927.0,9667.0,0.0,0.0,36.0
1742508491.8364246,0.01,-0.01,0.0,-7612.0,12901.0,1476.0,0.0,0.0,-0.01,-7620.0,12941.0,-6714.0,47.0,1.0,34.0
1742508491.844783,0.01,-0.01,0.0,-7536.0,12919.0,-14904.0,0.0,0.0,-0.01,-7544.0,12959.0,-23094.0,0.0,0.0,0.0
1742508491.8567832,0.01,-0.01,0.0,-7461.0,12942.0,-31284.0,0.0,0.0,-0.01,-7468.0,12982.0,26062.0,0.0,0.0,0.0
1742508491.8692927,0.01,-0.01,0.0,-7388.0,12970.0,17871.0,0.0,0.0,-0.01,-7395.0,13010.0,9680.0,106.0,107.0,110.0
1742508491.8772907,0.01,-0.01,0.0,-7321.0,13003.0,1488.0,0.0,0.0,-0.01,-7328.0,13043.0,-6702.0,6.0,15.0,0.0
1742508491.8897905,0.01,-0.01,0.0,-7262.0,13042.0,-14893.0,0.0,0.0,-0.01,-7269.0,13082.0,-23083.0,0.0,0.0,0.0
1742508491.8982909,0.01,-0.01,-0.0,-7213.0,13082.0,-31274.0,0.0,0.0,-0.01,-7220.0,13123.0,26072.0,112.0,54.0,91.0
1742508491.9147904,0.01,-0.01,0.0,-7175.0,13119.0,17880.0,0.0,0.0,-0.01,-7181.0,13161.0,9689.0,40.0,54.0,57.0
1742508491.9267905,0.01,-0.01,0.0,-7138.0,13157.0,1497.0,0.0,0.0,-0.01,-7144.0,13199.0,-6693.0,36.0,66.0,15.0
1742508491.934791,0.01,-0.01,0.0,-7100.0,13193.0,-14884.0,0.0,0.0,-0.01,-7106.0,13235.0,-23074.0,68.0,8.0,22.0
1742508491.9468906,0.01,-0.01,0.0,-7059.0,13227.0,-31265.0,0.0,0.0,-0.01,-7065.0,13269.0,26081.0,0.0,0.0,40.0
1742508491.9593933,0.01,-0.01,0.0,-7013.0,13260.0,17889.0,0.0,0.0,-0.01,-7020.0,13301.0,9698.0,22.0,27.0,0.0
1742508491.967933,0.01,-0.01,0.0,-6961.0,13290.0,1506.0,0.0,0.0,-0.01,-6968.0,13331.0,-6684.0,93.0,75.0,112.0
1742508491.9799328,0.01,-0.01,0.0,-6903.0,13319.0,-14875.0,0.0,0.0,-0.01,-6911.0,13360.0,-23065.0,0.0,7.0,0.0
1742508491.9884331,0.01,-0.01,0.0,-6842.0,13346.0,-31256.0,0.0,0.0,-0.01,-6850.0,13387.0,26090.0,0.0,0.0,0.0
1742508492.0044332,0.01,-0.01,0.0,-6775.0,13372.0,17898.0,0.0,0.0,-0.01,-6783.0,13413.0,9707.0,0.0,0.0,0.0
1742508492.0169327,0.01,-0.01,0.0,-6708.0,13398.0,1515.0,0.0,0.0,-0.01,-6715.0,13439.0,-6675.0,59.0,24.0,57.0
1742508492.0250227,0.01,-0.01,0.0,-6640.0,13425.0,-14866.0,0.0,0.0,-0.01,-6647.0,13466.0,-23056.0,0.0,0.0,0.0
1742508492.0370395,0.01,-0.01,0.0,-6574.0,13453.0,-31247.0,0.0,0.0,-0.01,-6582.0,13494.0,26099.0,45.0,43.0,0.0
1742508492.0455225,0.01,-0.01,0.0,-6513.0,13481.0,17907.0,0.0,0.0,-0.01,-6521.0,13521.0,9716.0,0.0,0.0,0.0
1742508492.057525,0.01,-0.01,0.0,-6457.0,13510.0,1524.0,0.0,0.0,-0.01,-6465.0,13550.0,-6666.0,0.0,0.0,0.0
1742508492.069566,0.01,-0.01,0.0,-6408.0,13540.0,-14857.0,0.0,0.0,-0.01,-6416.0,13581.0,-23047.0,133.0,78.0,104.0
1742508492.0780659,0.01,-0.01,0.0,-6365.0,13572.0,-31238.0,0.0,0.0,-0.01,-6373.0,13613.0,26108.0,15.0,0.0,0.0
1742508492.0905654,0.01,-0.01,0.0,-6327.0,13604.0,17916.0,0.0,0.0,-0.01,-6334.0,13645.0,9725.0,0.0,0.0,0.0
1742508492.099065,0.01,-0.01,0.0,-6291.0,13638.0,1533.0,0.0,0.0,-0.01,-6297.0,13679.0,-6657.0,64.0,122.0,115.0
1742508492.115068,0.01,-0.01,0.0,-6253.0,13676.0,-14848.0,0.0,0.0,-0.01,-6259.0,13717.0,-23038.0,42.0,56.0,73.0
1742508492.127566,0.01,-0.01,0.0,-6212.0,13715.0,-31229.0,0.0,0.0,-0.01,-6219.0,13756.0,26117.0,0.0,18.0,45.0
1742508492.1355653,0.01,-0.01,0.0,-6167.0,13754.0,17925.0,0.0,0.0,-0.01,-6174.0,13794.0,9734.0,50.0,9.0,45.0
1742508492.1477227,0.01,-0.01,0.0,-6117.0,13789.0,1542.0,0.0,0.0,-0.01,-6124.0,13829.0,-6648.0,0.0,0.0,0.0
1742508492.1562603,0.01,-0.01,0.0,-6064.0,13821.0,-14839.0,0.0,0.0,-0.01,-6071.0,13861.0,-23029.0,0.0,0.0,0.0
1742508492.1682923,0.01,-0.01,0.0,-6009.0,13849.0,-31220.0,0.0,0.0,-0.01,-6016.0,13889.0,26126.0,107.0,116.0,140.0
1742508492.1767926,0.01,-0.01,0.0,-5953.0,13873.0,17934.0,0.0,0.0,-0.01,-5960.0,13913.0,9743.0,0.0,0.0,0.0
1742508492.1887922,0.01,-0.01,0.0,-5897.0,13895.0,1551.0,0.0,0.0,-0.01,-5905.0,13935.0,-6639.0,0.0,0.0,0.0
1742508492.2052917,0.01,-0.01,0.0,-5846.0,13917.0,-14830.0,0.0,0.0,-0.01,-5854.0,13957.0,-23020.0,0.0,0.0,0.0
1742508492.2138026,0.01,-0.01,0.0,-5799.0,13942.0,-31211.0,0.0,0.0,-0.01,-5807.0,13982.0,26135.0,17.0,47.0,32.0
1742508492.2253072,0.01,-0.01,0.0,-5756.0,13970.0,17943.0,0.0,0.0,-0.01,-5763.0,14010.0,9752.0,14.0,36.0,42.0
1742508492.2377963,0.01,-0.01,0.0,-5714.0,14002.0,1560.0,0.0,0.0,-0.01,-5721.0,14042.0,-6630.0,54.0,96.0,18.0
1742508492.2462935,0.01,-0.01,0.0,-5674.0,14038.0,-14821.0,0.0,0.0,-0.01,-5680.0,14079.0,-23011.0,0.0,0.0,0.0
1742508492.258295,0.01,-0.01,0.0,-5635.0,14078.0,-31202.0,0.0,0.0,-0.01,-5641.0,14119.0,26144.0,0.0,0.0,0.0
1742508492.2667978,0.01,-0.01,-0.0,-5597.0,14120.0,17952.0,0.0,0.0,-0.01,-5603.0,14161.0,9761.0,136.0,91.0,97.0
1742508492.2787974,0.01,-0.01,-0.0,-5559.0,14162.0,1569.0,0.0,0.0,-0.01,-5565.0,14202.0,-6621.0,0.0,16.0,0.0
1742508492.2872996,0.01,-0.01,0.0,-5519.0,14201.0,-14812.0,0.0,0.0,-0.01,-5525.0,14242.0,-23002.0,0.0,0.0,0.0
1742508492.303797,0.01,-0.01,0.0,-5475.0,14234.0,-31193.0,0.0,0.0,-0.01,-5481.0,14275.0,26153.0,0.0,0.0,0.0
1742508492.3157976,0.01,-0.01,0.0,-5429.0,14262.0,17961.0,0.0,0.0,-0.01,-5436.0,14303.0,9770.0,17.0,36.0,55.0
1742508492.3237977,0.01,-0.01,0.0,-5382.0,14287.0,1578.0,0.0,0.0,-0.01,-5389.0,14328.0,-6612.0,0.0,20.0,24.0
1742508492.3362985,0.01,-0.01,0.0,-5334.0,14310.0,-14803.0,0.0,0.0,-0.01,-5342.0,14350.0,-22993.0,71.0,92.0,40.0
1742508492.3447974,0.01,-0.01,0.0,-5287.0,14332.0,-31184.0,0.0,0.0,-0.01,-5295.0,14372.0,26162.0,0.0,0.0,0.0
1742508492.356828,0.01,-0.01,0.0,-5240.0,14356.0,17970.0,0.0,0.0,-0.01,-5248.0,14396.0,9779.0,0.0,0.0,0.0
1742508492.3687713,0.01,-0.01,0.0,-5195.0,14383.0,1587.0,0.0,0.0,-0.01,-5203.0,14423.0,-6603.0,120.0,127.0,136.0
1742508492.3772552,0.01,-0.01,0.0,-5151.0,14413.0,-14794.0,0.0,0.0,-0.01,-5158.0,14453.0,-22984.0,5.0,0.0,0.0
1742508492.389256,0.01,-0.01,0.0,-5108.0,14447.0,-31175.0,0.0,0.0,-0.01,-5115.0,14487.0,26171.0,0.0,0.0,0.0
1742508492.4022555,0.01,-0.01,0.0,-5070.0,14486.0,17979.0,0.0,0.0,-0.01,-5077.0,14527.0,9788.0,0.0,0.0,0.0
1742508492.4142578,0.01,-0.01,0.0,-5034.0,14526.0,1596.0,0.0,0.0,-0.01,-5041.0,14567.0,-6594.0,0.0,13.0,24.0
1742508492.4267552,0.01,-0.01,0.0,-4999.0,14565.0,-14785.0,0.0,0.0,-0.01,-5006.0,14606.0,-22975.0,19.0,1.0,22.0
1742508492.4347577,0.01,-0.01,0.0,-4964.0,14603.0,-31166.0,0.0,0.0,-0.01,-4971.0,14644.0,26180.0,82.0,65.0,45.0
1742508492.4468417,0.01,-0.01,0.0,-4928.0,14638.0,17988.0,0.0,0.0,-0.01,-4935.0,14679.0,9797.0,0.0,0.0,0.0
1742508492.4548845,0.01,-0.01,0.0,-4890.0,14670.0,1605.0,0.0,0.0,-0.01,-4897.0,14711.0,-6585.0,0.0,0.0,4.0
1742508492.4674006,0.01,-0.01,0.0,-4850.0,14699.0,-14776.0,0.0,0.0,-0.01,-4857.0,14740.0,-22966.0,103.0,87.0,119.0
1742508492.4793985,0.01,-0.01,0.0,-4808.0,14727.0,-31157.0,0.0,0.0,-0.01,-4815.0,14768.0,26189.0,0.0,0.0,9.0
1742508492.4879847,0.01,-0.01,0.0,-4764.0,14754.0,17997.0,0.0,0.0,-0.01,-4772.0,14794.0,9806.0,0.0,0.0,0.0
1742508492.4999845,0.01,-0.01,0.0,-4720.0,14781.0,1614.0,0.0,0.0,-0.01,-4728.0,14821.0,-6576.0,58.0,57.0,104.0
1742508492.512485,0.01,-0.01,0.0,-4676.0,14810.0,-14767.0,0.0,0.0,-0.01,-4684.0,14850.0,-22957.0,1.0,16.0,24.0
1742508492.524485,0.01,-0.01,0.0,-4633.0,14841.0,-31148.0,0.0,0.0,-0.01,-4640.0,14881.0,26198.0,15.0,7.0,0.0
1742508492.5366359,0.01,-0.01,0.0,-4592.0,14874.0,18006.0,0.0,0.0,-0.01,-4599.0,14915.0,9815.0,59.0,88.0,59.0
1742508492.5451348,0.01,-0.01,0.0,-4554.0,14909.0,1623.0,0.0,0.0,-0.01,-4561.0,14950.0,-6567.0,0.0,0.0,0.0
1742508492.5576627,0.01,-0.01,0.0,-4519.0,14945.0,-14758.0,0.0,0.0,-0.01,-4526.0,14986.0,-22948.0,0.0,0.0,0.0
1742508492.5656648,0.01,-0.0,0.0,-4486.0,14982.0,-31139.0,0.0,0.0,-0.01,-4493.0,15023.0,26207.0,131.0,131.0,97.0
1742508492.5776722,0.01,-0.0,0.0,-4454.0,15018.0,18015.0,0.0,0.0,-0.01,-4460.0,15059.0,9824.0,7.0,0.0,9.0
1742508492.5861678,0.01,-0.0,0.0,-4421.0,15054.0,1632.0,0.0,0.0,-0.01,-4428.0,15095.0,-6558.0,0.0,0.0,0.0
1742508492.5986693,0.01,-0.0,0.0,-4388.0,15089.0,-14749.0,0.0,0.0,-0.01,-4395.0,15130.0,-22939.0,36.0,69.0,87.0
1742508492.615168,0.01,-0.01,0.0,-4351.0,15122.0,-31130.0,0.0,0.0,-0.01,-4358.0,15163.0,26216.0,0.0,15.0,27.0
1742508492.623667,0.01,-0.01,0.0,-4311.0,15154.0,18024.0,0.0,0.0,-0.01,-4319.0,15195.0,9833.0,0.0,54.0,17.0
1742508492.635168,0.01,-0.01,0.0,-4270.0,15185.0,1641.0,0.0,0.0,-0.01,-4278.0,15225.0,-6549.0,110.0,78.0,58.0
1742508492.6471827,0.01,-0.01,0.0,-4228.0,15214.0,-14740.0,0.0,0.0,-0.01,-4236.0,15254.0,-22930.0,0.0,0.0,0.0
1742508492.6556928,0.01,-0.01,0.0,-4186.0,15243.0,-31121.0,0.0,0.0,-0.01,-4194.0,15283.0,26225.0,0.0,0.0,0.0
1742508492.6677632,0.01,-0.01,0.0,-4145.0,15272.0,18033.0,0.0,0.0,-0.01,-4153.0,15312.0,9842.0,130.0,105.0,105.0
1742508492.6767435,0.01,-0.01,0.0,-4106.0,15301.0,1650.0,0.0,0.0,-0.01,-4114.0,15341.0,-6540.0,0.0,0.0,15.0
1742508492.6882427,0.01,-0.01,0.0,-4069.0,15331.0,-14731.0,0.0,0.0,-0.01,-4077.0,15371.0,-22921.0,0.0,0.0,0.0
1742508492.6967454,0.01,-0.01,0.0,-4034.0,15363.0,-31112.0,0.0,0.0,-0.01,-4041.0,15403.0,26234.0,58.0,64.0,60.0
1742508492.7132452,0.01,-0.0,0.0,-4002.0,15397.0,18042.0,0.0,0.0,-0.01,-4009.0,15437.0,9851.0,20.0,0.0,16.0
1742508492.725256,0.01,-0.0,0.0,-3971.0,15432.0,1659.0,0.0,0.0,-0.01,-3978.0,15472.0,-6531.0,1.0,0.0,0.0
1742508492.7337422,0.01,-0.0,0.0,-3939.0,15468.0,-14722.0,0.0,0.0,-0.01,-3946.0,15508.0,-22912.0,109.0,98.0,94.0
1742508492.7457423,0.01,-0.0,0.0,-3907.0,15504.0,-31103.0,0.0,0.0,-0.01,-3913.0,15544.0,26243.0,0.0,0.0,0.0
1742508492.7542448,0.01,-0.0,0.0,-3872.0,15539.0,18051.0,0.0,0.0,-0.01,-3879.0,15579.0,9860.0,0.0,0.0,0.0
1742508492.7662802,0.01,-0.01,0.0,-3837.0,15572.0,1668.0,0.0,0.0,-0.01,-3844.0,15612.0,-6522.0,118.0,83.0,65.0
1742508492.7783785,0.01,-0.01,0.0,-3800.0,15603.0,-14713.0,0.0,0.0,-0.01,-3807.0,15643.0,-22903.0,27.0,21.0,4.0
1742508492.7868774,0.01,-0.01,0.0,-3762.0,15632.0,-31094.0,0.0,0.0,-0.01,-3769.0,15672.0,26252.0,0.0,0.0,0.0
1742508492.799378,0.01,-0.01,0.0,-3724.0,15660.0,18060.0,0.0,0.0,-0.01,-3731.0,15700.0,9869.0,20.0,59.0,65.0
1742508492.8123775,0.01,-0.01,0.0,-3686.0,15687.0,1677.0,0.0,0.0,-0.01,-3693.0,15727.0,-6513.0,0.0,0.0,0.0
1742508492.8238776,0.01,-0.01,0.0,-3649.0,15715.0,-14704.0,0.0,0.0,-0.01,-3656.0,15755.0,-22894.0,1.0,0.0,0.0
1742508492.8358767,0.01,-0.01,0.0,-3614.0,15744.0,-31085.0,0.0,0.0,-0.01,-3621.0,15784.0,26261.0,103.0,137.0,136.0
1742508492.8438926,0.01,-0.0,0.0,-3580.0,15775.0,18069.0,0.0,0.0,-0.01,-3587.0,15815.0,9878.0,0.0,0.0,0.0
1742508492.856379,0.01,-0.0,0.0,-3547.0,15808.0,1686.0,0.0,0.0,-0.01,-3554.0,15848.0,-6504.0,0.0,0.0,0.0
1742508492.86488,0.01,-0.0,0.0,-3515.0,15842.0,-14695.0,0.0,0.0,-0.01,-3521.0,15882.0,-22885.0,97.0,86.0,72.0
1742508492.8767273,0.01,-0.0,0.0,-3483.0,15877.0,-31076.0,0.0,0.0,-0.01,-3489.0,15917.0,26270.0,29.0,0.0,35.0
1742508492.8887832,0.01,-0.0,0.0,-3451.0,15912.0,18078.0,0.0,0.0,-0.01,-3457.0,15952.0,9887.0,0.0,0.0,0.0
1742508492.8972828,0.01,-0.0,0.0,-3419.0,15947.0,1695.0,0.0,0.0,-0.01,-3425.0,15987.0,-6495.0,28.0,98.0,31.0
1742508492.9137821,0.01,-0.0,0.0,-3385.0,15979.0,-14686.0,0.0,0.0,-0.01,-3392.0,16019.0,-22876.0,0.0,0.0,0.0
1742508492.9222825,0.01,-0.0,0.0,-3351.0,16009.0,-31067.0,0.0,0.0,-0.01,-3358.0,16049.0,26279.0,0.0,0.0,0.0
1742508492.9337845,0.01,-0.0,0.0,-3317.0,16038.0,18087.0,0.0,0.0,-0.01,-3324.0,16078.0,9896.0,89.0,127.0,71.0
1742508492.9462845,0.01,-0.01,0.0,-3282.0,16066.0,1704.0,0.0,0.0,-0.01,-3289.0,16106.0,-6486.0,0.0,0.0,28.0
1742508492.9548085,0.01,-0.01,0.0,-3246.0,16093.0,-14677.0,0.0,0.0,-0.01,-3253.0,16133.0,-22867.0,0.0,0.0,0.0
1742508492.9668214,0.01,-0.01,0.0,-3210.0,16121.0,-31058.0,0.0,0.0,-0.01,-3217.0,16161.0,26288.0,153.0,103.0,104.0
1742508492.9751682,0.01,-0.01,0.0,-3175.0,16150.0,18096.0,0.0,0.0,-0.01,-3182.0,16190.0,9905.0,24.0,0.0,15.0
1742508492.9872687,0.01,-0.0,0.0,-3141.0,16180.0,1713.0,0.0,0.0,-0.01,-3148.0,16220.0,-6477.0,8.0,0.0,0.0
1742508492.999268,0.01,-0.0,0.0,-3108.0,16212.0,-14668.0,0.0,0.0,-0.01,-3115.0,16252.0,-22858.0,17.0,21.0,49.0
1742508493.0119014,0.01,-0.0,0.0,-3077.0,16246.0,-31049.0,0.0,0.0,-0.01,-3083.0,16286.0,26297.0,23.0,4.0,12.0
1742508493.0244231,0.01,-0.0,0.0,-3046.0,16280.0,18105.0,0.0,0.0,-0.01,-3052.0,16320.0,9914.0,0.0,0.0,0.0
1742508493.0329008,0.01,-0.0,0.0,-3016.0,16314.0,1722.0,0.0,0.0,-0.01,-3022.0,16354.0,-6468.0,119.0,95.0,101.0
1742508493.044901,0.01,-0.0,0.0,-2986.0,16347.0,-14659.0,0.0,0.0,-0.01,-2992.0,16387.0,-22849.0,3.0,0.0,0.0
1742508493.056904,0.01,-0.0,0.0,-2955.0,16379.0,-31040.0,0.0,0.0,-0.01,-2961.0,16419.0,26306.0,0.0,0.0,0.0
1742508493.0649362,0.01,-0.0,0.0,-2924.0,16411.0,18114.0,0.0,0.0,-0.01,-2930.0,16451.0,9923.0,107.0,79.0,91.0
1742508493.077447,0.01,-0.0,0.0,-2892.0,16442.0,1731.0,0.0,0.0,-0.01,-2898.0,16482.0,-6459.0,60.0,13.0,0.0
1742508493.0859497,0.01,-0.0,0.0,-2859.0,16472.0,-14650.0,0.0,0.0,-0.01,-2865.0,16512.0,-22840.0,9.0,0.0,0.0
1742508493.0979478,0.01,-0.0,0.0,-2825.0,16502.0,-31031.0,0.0,0.0,-0.01,-2831.0,16542.0,26315.0,18.0,5.0,29.0
1742508493.110247,0.01,-0.0,0.0,-2790.0,16532.0,18123.0,0.0,0.0,-0.01,-2797.0,16572.0,9932.0,0.0,6.0,10.0
1742508493.1223645,0.01,-0.0,0.0,-2757.0,16562.0,1740.0,0.0,0.0,-0.01,-2764.0,16602.0,-6450.0,0.0,0.0,0.0
1742508493.1348495,0.01,-0.0,0.0,-2724.0,16593.0,-14641.0,0.0,0.0,-0.01,-2731.0,16633.0,-22831.0,123.0,128.0,136.0
1742508493.1433945,0.01,-0.0,0.0,-2693.0,16625.0,-31022.0,0.0,0.0,-0.01,-2699.0,16665.0,26324.0,4.0,0.0,0.0
1742508493.155398,0.01,-0.0,0.0,-2662.0,16657.0,18132.0,0.0,0.0,-0.01,-2668.0,16697.0,9941.0,0.0,0.0,0.0
1742508493.163899,0.01,-0.0,0.0,-2632.0,16690.0,1749.0,0.0,0.0,-0.01,-2639.0,16730.0,-6441.0,80.0,101.0,99.0
1742508493.1755762,0.01,-0.0,0.0,-2604.0,16723.0,-14632.0,0.0,0.0,-0.01,-2611.0,16763.0,-22822.0,15.0,23.0,0.0
1742508493.1881912,0.01,-0.0,0.0,-2576.0,16756.0,-31013.0,0.0,0.0,-0.01,-2583.0,16796.0,26333.0,27.0,18.0,0.0
1742508493.196192,0.01,-0.0,0.0,-2548.0,16789.0,18141.0,0.0,0.0,-0.01,-2555.0,16829.0,9950.0,0.0,16.0,0.0
1742508493.208192,0.01,-0.0,0.0,-2520.0,16822.0,1758.0,0.0,0.0,-0.01,-2527.0,16862.0,-6432.0,0.0,0.0,0.0
1742508493.2216926,0.01,-0.0,0.0,-2490.0,16854.0,-14623.0,0.0,0.0,-0.01,-2497.0,16894.0,-22813.0,0.0,0.0,0.0
1742508493.2331915,0.01,-0.0,0.0,-2459.0,16885.0,-31004.0,0.0,0.0,-0.01,-2466.0,16925.0,26342.0,93.0,78.0,107.0
1742508493.2451928,0.01,-0.0,0.0,-2427.0,16915.0,18150.0,0.0,0.0,-0.01,-2434.0,16955.0,9959.0,12.0,0.0,14.0
1742508493.253835,0.01,-0.0,0.0,-2395.0,16945.0,1767.0,0.0,0.0,-0.01,-2402.0,16985.0,-6423.0,0.0,0.0,0.0
1742508493.265859,0.01,-0.0,0.0,-2363.0,16975.0,-14614.0,0.0,0.0,-0.01,-2370.0,17015.0,-22804.0,32.0,79.0,108.0
1742508493.2743628,0.01,-0.0,0.0,-2332.0,17005.0,-30995.0,0.0,0.0,-0.01,-2339.0,17045.0,26351.0,22.0,39.0,32.0
1742508493.286361,0.01,-0.0,0.0,-2302.0,17035.0,18159.0,0.0,0.0,-0.01,-2309.0,17075.0,9968.0,34.0,21.0,0.0
1742508493.2984502,0.01,-0.0,0.0,-2273.0,17066.0,1776.0,0.0,0.0,-0.01,-2280.0,17106.0,-6414.0,0.0,0.0,0.0
1742508493.3066258,0.01,-0.0,0.0,-2245.0,17098.0,-14605.0,0.0,0.0,-0.01,-2252.0,17139.0,-22795.0,25.0,0.0,36.0
1742508493.3230891,0.01,-0.0,0.0,-2218.0,17132.0,-30986.0,0.0,0.0,-0.01,-2225.0,17173.0,26360.0,0.0,0.0,0.0
1742508493.33159,0.01,-0.0,0.0,-2191.0,17167.0,18168.0,0.0,0.0,-0.01,-2198.0,17208.0,9977.0,94.0,72.0,66.0
1742508493.3436065,0.01,-0.0,0.0,-2164.0,17202.0,1785.0,0.0,0.0,-0.01,-2171.0,17243.0,-6405.0,33.0,0.0,1.0
1742508493.3557725,0.01,-0.0,0.0,-2137.0,17237.0,-14596.0,0.0,0.0,-0.01,-2144.0,17278.0,-22786.0,0.0,0.0,0.0
1742508493.364272,0.01,-0.0,0.0,-2109.0,17271.0,-30977.0,0.0,0.0,-0.01,-2116.0,17312.0,26369.0,51.0,10.0,62.0
1742508493.376409,0.01,-0.0,0.0,-2081.0,17304.0,18177.0,0.0,0.0,-0.01,-2088.0,17345.0,9986.0,1.0,1.0,0.0
1742508493.3849843,0.01,-0.0,0.0,-2052.0,17337.0,1794.0,0.0,0.0,-0.01,-2059.0,17378.0,-6396.0,70.0,94.0,25.0
1742508493.3969848,0.01,-0.0,0.0,-2023.0,17369.0,-14587.0,0.0,0.0,-0.01,-2030.0,17410.0,-22777.0,0.0,0.0,0.0
1742508493.4052057,0.01,-0.0,0.0,-1993.0,17401.0,-30968.0,0.0,0.0,-0.01,-2001.0,17442.0,26378.0,0.0,0.0,0.0
1742508493.4213703,0.01,-0.0,0.0,-1965.0,17433.0,18186.0,0.0,0.0,-0.01,-1973.0,17473.0,9995.0,0.0,40.0,0.0
1742508493.4334886,0.01,-0.0,0.0,-1937.0,17465.0,1803.0,0.0,0.0,-0.01,-1944.0,17506.0,-6387.0,110.0,120.0,108.0
1742508493.4425,0.01,-0.0,0.0,-1908.0,17498.0,-14578.0,0.0,0.0,-0.01,-1915.0,17539.0,-22768.0,18.0,38.0,3.0
1742508493.4543936,0.01,-0.0,0.0,-1880.0,17532.0,-30959.0,0.0,0.0,-0.01,-1887.0,17573.0,26387.0,0.0,0.0,0.0
1742508493.4664602,0.01,-0.0,0.0,-1853.0,17567.0,18195.0,0.0,0.0,-0.01,-1860.0,17608.0,10004.0,37.0,42.0,72.0
1742508493.4749453,0.01,-0.0,0.0,-1826.0,17602.0,1812.0,0.0,0.0,-0.01,-1833.0,17643.0,-6378.0,0.0,22.0,6.0
1742508493.4869437,0.01,-0.0,0.0,-1800.0,17637.0,-14569.0,0.0,0.0,-0.01,-1807.0,17678.0,-22759.0,67.0,21.0,48.0
1742508493.4954717,0.01,-0.0,0.0,-1774.0,17672.0,-30950.0,0.0,0.0,-0.01,-1781.0,17713.0,26396.0,0.0,0.0,0.0
1742508493.5076585,0.01,-0.0,0.0,-1747.0,17707.0,18204.0,0.0,0.0,-0.01,-1754.0,17748.0,10013.0,0.0,0.0,5.0
1742508493.5196593,0.01,-0.0,0.0,-1720.0,17740.0,1821.0,0.0,0.0,-0.01,-1727.0,17781.0,-6369.0,12.0,11.0,0.0
1742508493.5321631,0.01,-0.0,0.0,-1692.0,17773.0,-14560.0,0.0,0.0,-0.01,-1699.0,17814.0,-22750.0,107.0,187.0,128.0
1742508493.5441582,0.01,-0.0,0.0,-1664.0,17806.0,-30941.0,0.0,0.0,-0.01,-1671.0,17847.0,26405.0,35.0,34.0,0.0
1742508493.552686,0.01,-0.0,0.0,-1635.0,17839.0,18213.0,0.0,0.0,-0.01,-1642.0,17880.0,10022.0,0.0,0.0,0.0
1742508493.564703,0.01,-0.0,0.0,-1606.0,17872.0,1830.0,0.0,0.0,-0.01,-1613.0,17913.0,-6360.0,20.0,82.0,51.0
1742508493.5773091,0.01,-0.0,0.0,-1577.0,17905.0,-14551.0,0.0,0.0,-0.01,-1584.0,17946.0,-22741.0,8.0,2.0,32.0
1742508493.5853093,0.01,-0.0,0.0,-1549.0,17939.0,-30932.0,0.0,0.0,-0.01,-1556.0,17980.0,26414.0,87.0,21.0,46.0
1742508493.5978057,0.01,-0.0,0.0,-1522.0,17973.0,18222.0,0.0,0.0,-0.01,-1529.0,18014.0,10031.0,0.0,0.0,0.0
1742508493.6058068,0.01,-0.0,0.0,-1495.0,18008.0,1839.0,0.0,0.0,-0.01,-1502.0,18049.0,-6351.0,0.0,0.0,0.0
1742508493.6183078,0.01,-0.0,0.0,-1469.0,18043.0,-14542.0,0.0,0.0,-0.01,-1476.0,18084.0,-22732.0,23.0,0.0,0.0
1742508493.6344874,0.01,-0.0,0.0,-1444.0,18078.0,-30923.0,0.0,0.0,-0.01,-1451.0,18119.0,26423.0,94.0,103.0,101.0
1742508493.6429863,0.01,-0.0,0.0,-1419.0,18113.0,18231.0,0.0,0.0,-0.01,-1426.0,18154.0,10040.0,16.0,7.0,5.0
1742508493.6546843,0.01,-0.0,0.0,-1394.0,18148.0,1848.0,0.0,0.0,-0.01,-1401.0,18189.0,-6342.0,0.0,0.0,0.0
1742508493.663669,0.01,-0.0,0.0,-1368.0,18183.0,-14533.0,0.0,0.0,-0.01,-1375.0,18224.0,-22723.0,49.0,81.0,79.0
1742508493.6757202,0.01,-0.0,0.0,-1342.0,18217.0,-30914.0,0.0,0.0,-0.01,-1349.0,18258.0,26432.0,2.0,11.0,0.0
1742508493.687777,0.01,-0.0,0.0,-1315.0,18251.0,18240.0,0.0,0.0,-0.01,-1322.0,18292.0,10049.0,69.0,11.0,8.0
1742508493.69596,0.01,-0.0,0.0,-1288.0,18285.0,1857.0,0.0,0.0,-0.01,-1295.0,18326.0,-6333.0,0.0,0.0,0.0
1742508493.7079759,0.01,-0.0,0.0,-1261.0,18319.0,-14524.0,0.0,0.0,-0.01,-1268.0,18360.0,-22714.0,5.0,25.0,0.0
1742508493.72046,0.01,-0.0,0.0,-1234.0,18353.0,-30905.0,0.0,0.0,-0.01,-1241.0,18394.0,26441.0,16.0,27.0,2.0
1742508493.7329605,0.01,-0.0,0.0,-1208.0,18387.0,18249.0,0.0,0.0,-0.01,-1215.0,18428.0,10058.0,91.0,107.0,91.0
1742508493.7449596,0.01,-0.0,0.0,-1182.0,18422.0,1866.0,0.0,0.0,-0.01,-1189.0,18463.0,-6324.0,8.0,35.0,26.0
1742508493.753592,0.01,-0.0,0.0,-1157.0,18457.0,-14515.0,0.0,0.0,-0.01,-1164.0,18498.0,-22705.0,0.0,0.0,0.0
1742508493.7651064,0.01,-0.0,0.0,-1132.0,18492.0,-30896.0,0.0,0.0,-0.01,-1139.0,18533.0,26450.0,30.0,22.0,54.0
1742508493.7737389,0.01,-0.0,0.0,-1108.0,18528.0,18258.0,0.0,0.0,-0.01,-1115.0,18569.0,10067.0,34.0,13.0,20.0
1742508493.7863762,0.01,-0.0,0.0,-1084.0,18564.0,1875.0,0.0,0.0,-0.01,-1091.0,18605.0,-6315.0,57.0,90.0,33.0
1742508493.794492,0.01,-0.0,0.0,-1060.0,18600.0,-14506.0,0.0,0.0,-0.01,-1067.0,18642.0,-22696.0,0.0,0.0,0.0
1742508493.8064897,0.01,-0.0,0.0,-1036.0,18637.0,-30887.0,0.0,0.0,-0.01,-1043.0,18679.0,26459.0,0.0,0.0,0.0
1742508493.8189912,0.01,-0.0,0.0,-1011.0,18673.0,18267.0,0.0,0.0,-0.01,-1018.0,18715.0,10076.0,31.0,0.0,0.0
1742508493.831491,0.01,-0.0,0.0,-985.0,18709.0,1884.0,0.0,0.0,-0.01,-992.0,18750.0,-6306.0,84.0,124.0,93.0
1742508493.8434906,0.01,-0.0,0.0,-959.0,18743.0,-14497.0,0.0,0.0,-0.01,-966.0,18784.0,-22687.0,27.0,67.0,4.0
1742508493.8514934,0.01,-0.0,0.0,-933.0,18777.0,-30878.0,0.0,0.0,-0.01,-940.0,18818.0,26468.0,4.0,0.0,0.0
1742508493.863994,0.01,-0.0,0.0,-907.0,18811.0,18276.0,0.0,0.0,-0.01,-914.0,18852.0,10085.0,11.0,29.0,75.0
1742508493.8760502,0.01,-0.0,0.0,-882.0,18845.0,1893.0,0.0,0.0,-0.01,-889.0,18886.0,-6297.0,31.0,14.0,23.0
1742508493.8845494,0.01,-0.0,0.0,-857.0,18880.0,-14488.0,0.0,0.0,-0.01,-864.0,18921.0,-22678.0,69.0,89.0,40.0
1742508493.89659,0.01,-0.0,0.0,-832.0,18915.0,-30869.0,0.0,0.0,-0.01,-839.0,18956.0,26477.0,0.0,0.0,0.0
1742508493.9050603,0.01,-0.0,0.0,-808.0,18951.0,18285.0,0.0,0.0,-0.01,-814.0,18992.0,10094.0,0.0,0.0,0.0
1742508493.9170606,0.01,-0.0,0.0,-783.0,18987.0,1902.0,0.0,0.0,-0.01,-790.0,19028.0,-6288.0,124.0,121.0,98.0
1742508493.929643,0.01,-0.0,0.0,-760.0,19023.0,-14479.0,0.0,0.0,-0.01,-767.0,19064.0,-22669.0,0.0,0.0,0.0
1742508493.9415808,0.01,-0.0,0.0,-737.0,19059.0,-30860.0,0.0,0.0,-0.01,-744.0,19100.0,26486.0,54.0,28.0,15.0
1742508493.9540749,0.01,-0.0,0.0,-713.0,19094.0,18294.0,0.0,0.0,-0.01,-720.0,19134.0,10103.0,36.0,52.0,27.0
1742508493.96209,0.01,-0.0,0.0,-689.0,19128.0,1911.0,0.0,0.0,-0.01,-696.0,19169.0,-6279.0,0.0,0.0,0.0
1742508493.9745998,0.01,-0.0,0.0,-665.0,19163.0,-14470.0,0.0,0.0,-0.01,-672.0,19203.0,-22660.0,0.0,21.0,0.0
1742508493.9831007,0.01,-0.0,0.0,-641.0,19196.0,-30851.0,0.0,0.0,-0.01,-648.0,19236.0,26495.0,88.0,127.0,82.0
1742508493.9951003,0.01,-0.0,0.0,-617.0,19229.0,18303.0,0.0,0.0,-0.01,-624.0,19269.0,10112.0,0.0,0.0,0.0
1742508494.0031002,0.01,-0.0,0.0,-592.0,19262.0,1920.0,0.0,0.0,-0.01,-599.0,19302.0,-6270.0,0.0,0.0,0.0
1742508494.0156024,0.01,-0.0,0.0,-567.0,19295.0,-14461.0,0.0,0.0,-0.01,-574.0,19335.0,-22651.0,88.0,104.0,100.0
1742508494.0276003,0.01,-0.0,0.0,-542.0,19328.0,-30842.0,0.0,0.0,-0.01,-549.0,19368.0,26504.0,34.0,41.0,27.0
1742508494.0397754,0.01,-0.0,0.0,-518.0,19362.0,18312.0,0.0,0.0,-0.01,-525.0,19402.0,10121.0,0.0,0.0,0.0
1742508494.0483565,0.01,-0.0,0.0,-495.0,19396.0,1929.0,0.0,0.0,-0.01,-502.0,19436.0,-6261.0,98.0,137.0,94.0
1742508494.0608604,0.01,-0.0,0.0,-472.0,19431.0,-14452.0,0.0,0.0,-0.01,-479.0,19471.0,-22642.0,0.0,0.0,0.0
1742508494.0729134,0.01,-0.0,0.0,-449.0,19466.0,-30833.0,0.0,0.0,-0.01,-456.0,19506.0,26513.0,0.0,0.0,0.0
1742508494.0850017,0.01,-0.0,0.0,-426.0,19501.0,18321.0,0.0,0.0,-0.01,-433.0,19541.0,10130.0,150.0,88.0,100.0
1742508494.0934963,0.01,-0.0,0.0,-403.0,19535.0,1938.0,0.0,0.0,-0.01,-410.0,19576.0,-6252.0,0.0,0.0,2.0
1742508494.105507,0.01,-0.0,0.0,-380.0,19570.0,-14443.0,0.0,0.0,-0.01,-387.0,19611.0,-22633.0,0.0,0.0,0.0
1742508494.1138604,0.01,-0.0,0.0,-357.0,19605.0,-30824.0,0.0,0.0,-0.01,-364.0,19646.0,26522.0,44.0,81.0,92.0
1742508494.12596,0.01,-0.0,0.0,-334.0,19640.0,18330.0,0.0,0.0,-0.01,-341.0,19681.0,10139.0,0.0,28.0,26.0
1742508494.1344435,0.01,-0.0,0.0,-311.0,19675.0,1947.0,0.0,0.0,-0.01,-318.0,19716.0,-6243.0,78.0,5.0,32.0
1742508494.146444,0.01,-0.0,0.0,-287.0,19710.0,-14434.0,0.0,0.0,-0.01,-294.0,19751.0,-22624.0,0.0,0.0,0.0
1742508494.158559,0.01,-0.0,0.0,-264.0,19745.0,-30815.0,0.0,0.0,-0.01,-271.0,19786.0,26531.0,0.0,0.0,0.0
1742508494.1707404,0.01,-0.0,0.0,-241.0,19780.0,18339.0,0.0,0.0,-0.01,-248.0,19821.0,10148.0,34.0,1.0,0.0
1742508494.1832407,0.01,-0.0,0.0,-218.0,19815.0,1956.0,0.0,0.0,-0.01,-225.0,19856.0,-6234.0,98.0,132.0,118.0
1742508494.191741,0.01,-0.0,0.0,-196.0,19851.0,-14425.0,0.0,0.0,-0.01,-203.0,19892.0,-22615.0,12.0,37.0,0.0
1742508494.203864,0.01,-0.0,0.0,-174.0,19887.0,-30806.0,0.0,0.0,-0.01,-181.0,19928.0,26540.0,0.0,0.0,0.0
1742508494.2123632,0.01,-0.0,0.0,-152.0,19923.0,18348.0,0.0,0.0,-0.01,-159.0,19964.0,10157.0,0.0,0.0,33.0
1742508494.2243643,0.01,-0.0,0.0,-130.0,19959.0,1965.0,0.0,0.0,-0.01,-137.0,20000.0,-6225.0,0.0,0.0,0.0
1742508494.2363803,0.01,-0.0,0.0,-108.0,19995.0,-14416.0,0.0,0.0,-0.01,-115.0,20036.0,-22606.0,70.0,78.0,59.0
1742508494.244865,0.01,-0.0,0.0,-86.0,20031.0,-30797.0,0.0,0.0,-0.01,-93.0,20072.0,26549.0,0.0,2.0,0.0
1742508494.2566588,0.01,-0.0,0.0,-64.0,20067.0,18357.0,0.0,0.0,-0.01,-71.0,20108.0,10166.0,0.0,0.0,0.0
1742508494.265142,0.01,-0.0,0.0,-42.0,20102.0,1974.0,0.0,0.0,-0.01,-49.0,20143.0,-6216.0,115.0,93.0,110.0
1742508494.277801,0.01,-0.0,0.0,-19.0,20137.0,-14407.0,0.0,0.0,-0.01,-26.0,20178.0,-22597.0,0.0,0.0,0.0
1742508494.2897978,0.01,-0.0,0.0,3.0,20172.0,-30788.0,0.0,0.0,-0.01,-4.0,20212.0,26558.0,0.0,0.0,0.0
1742508494.298298,0.01,-0.0,0.0,25.0,20206.0,18366.0,0.0,0.0,-0.01,17.0,20246.0,10175.0,77.0,134.0,121.0
1742508494.310797,0.01,-0.0,0.0,46.0,20240.0,1983.0,0.0,0.0,-0.01,38.0,20280.0,-6207.0,0.0,0.0,0.0
1742508494.3227975,0.01,-0.0,0.0,67.0,20274.0,-14398.0,0.0,0.0,-0.01,59.0,20314.0,-22588.0,0.0,0.0,0.0
1742508494.3312986,0.01,-0.0,0.0,88.0,20308.0,-30779.0,0.0,0.0,-0.01,80.0,20348.0,26567.0,90.0,93.0,117.0
1742508494.3434556,0.01,-0.0,0.0,109.0,20342.0,18375.0,0.0,0.0,-0.01,101.0,20382.0,10184.0,20.0,39.0,1.0
1742508494.3519602,0.01,-0.0,0.0,129.0,20377.0,1992.0,0.0,0.0,-0.01,121.0,20417.0,-6198.0,24.0,0.0,0.0
1742508494.3634844,0.01,-0.0,0.0,149.0,20412.0,-14389.0,0.0,0.0,-0.01,141.0,20452.0,-22579.0,21.0,15.0,42.0
1742508494.3754644,0.01,-0.0,0.0,169.0,20447.0,-30770.0,0.0,0.0,-0.01,161.0,20487.0,26576.0,21.0,40.0,50.0
1742508494.3844647,0.01,-0.0,0.0,189.0,20482.0,18384.0,0.0,0.0,-0.01,181.0,20522.0,10193.0,91.0,57.0,80.0
1742508494.3959794,0.01,-0.0,0.0,209.0,20517.0,2001.0,0.0,0.0,-0.01,201.0,20557.0,-6189.0,0.0,0.0,0.0
1742508494.4044647,0.01,-0.0,0.0,229.0,20551.0,-14380.0,0.0,0.0,-0.01,221.0,20591.0,-22570.0,0.0,0.0,0.0
1742508494.4169643,0.01,-0.0,0.0,250.0,20585.0,-30761.0,0.0,0.0,-0.01,242.0,20625.0,26585.0,76.0,66.0,56.0
1742508494.4289646,0.01,-0.0,0.0,271.0,20619.0,18393.0,0.0,0.0,-0.01,263.0,20659.0,10202.0,0.0,0.0,0.0
1742508494.4419646,0.01,-0.0,0.0,292.0,20653.0,2010.0,0.0,0.0,-0.01,283.0,20693.0,-6180.0,40.0,14.0,0.0
1742508494.4534667,0.01,-0.0,0.0,312.0,20687.0,-14371.0,0.0,0.0,-0.01,303.0,20727.0,-22561.0,37.0,3.0,12.0
1742508494.4619668,0.01,-0.0,0.0,332.0,20722.0,-30752.0,0.0,0.0,-0.01,323.0,20762.0,26594.0,0.0,0.0,0.0
1742508494.4742067,0.01,-0.0,0.0,352.0,20761.0,18402.0,0.0,0.0,-0.01,343.0,20801.0,10211.0,0.0,0.0,0.0
1742508494.482852,0.01,-0.0,-0.0,372.0,20805.0,2019.0,0.0,0.0,-0.01,363.0,20845.0,-6171.0,90.0,114.0,108.0
1742508494.4948435,0.01,-0.0,-0.0,396.0,20853.0,-14362.0,0.0,0.0,-0.01,387.0,20893.0,-22552.0,9.0,0.0,0.0
1742508494.5029368,0.01,-0.0,-0.0,427.0,20930.0,-30743.0,0.0,0.0,-0.01,418.0,20970.0,26603.0,0.0,0.0,0.0
1742508494.5152352,0.01,-0.01,-0.01,467.0,21050.0,18412.0,0.0,0.0,-0.01,459.0,21091.0,10221.0,94.0,45.0,94.0
1742508494.527235,0.01,-0.01,-0.02,515.0,21224.0,2030.0,0.0,0.0,-0.01,507.0,21265.0,-6160.0,48.0,83.0,100.0
1742508494.5397508,0.01,-0.01,-0.03,573.0,21535.0,-14346.0,0.0,0.0,-0.01,564.0,21576.0,-22536.0,0.0,50.0,72.0
1742508494.5483847,0.01,-0.01,-0.04,642.0,21936.0,-30718.0,0.0,0.0,-0.0,632.0,21975.0,26628.0,196.0,203.0,196.0
1742508494.5605507,0.01,-0.01,-0.06,723.0,22432.0,18449.0,0.0,0.0,-0.0,714.0,22470.0,10258.0,65.0,0.0,0.0
1742508494.5721788,0.0,-0.01,-0.07,821.0,23029.0,2085.0,0.0,0.0,-0.0,813.0,23067.0,-6105.0,10.0,67.0,48.0
1742508494.584675,0.0,-0.01,-0.08,932.0,23726.0,-14269.0,0.0,0.0,-0.0,924.0,23764.0,-22459.0,244.0,230.0,108.0
1742508494.593675,0.0,-0.02,-0.09,1056.0,24526.0,-30613.0,0.0,0.0,-0.0,1048.0,24565.0,26733.0,88.0,106.0,47.0
1742508494.6056805,0.0,-0.02,-0.11,1188.0,25429.0,18588.0,0.0,0.0,-0.0,1180.0,25468.0,10397.0,22.0,0.0,11.0
1742508494.614179,-0.0,-0.02,-0.12,1328.0,26422.0,2262.0,0.0,0.0,-0.0,1319.0,26461.0,-5928.0,212.0,168.0,89.0
1742508494.6256745,-0.0,-0.02,-0.13,1473.0,27498.0,-14052.0,0.0,0.0,-0.0,1464.0,27537.0,-22242.0,110.0,13.0,195.0
1742508494.6386747,-0.0,-0.02,-0.15,1631.0,28727.0,-30344.0,0.0,0.0,-0.01,1622.0,28767.0,27002.0,68.0,41.0,86.0
1742508494.6506765,-0.01,-0.02,-0.15,1794.0,30029.0,18909.0,0.0,0.0,-0.01,1787.0,30070.0,10718.0,195.0,169.0,79.0
1742508494.662678,-0.01,-0.02,-0.16,1965.0,31405.0,2637.0,0.0,0.0,-0.01,1957.0,31446.0,-5553.0,31.0,0.0,52.0
1742508494.6747327,-0.01,-0.02,-0.17,2141.0,-32688.0,-13621.0,0.0,0.0,-0.0,2132.0,-32648.0,-21811.0,129.0,39.0,46.0
1742508494.6832166,-0.01,-0.02,-0.18,2324.0,-31177.0,-29867.0,0.0,0.0,-0.0,2315.0,-31137.0,27479.0,176.0,208.0,153.0
1742508494.6952162,-0.01,-0.02,-0.19,2516.0,-29600.0,19435.0,0.0,0.0,-0.01,2507.0,-29559.0,11244.0,0.0,48.0,69.0
1742508494.703716,-0.01,-0.03,-0.2,2718.0,-27960.0,3212.0,0.0,0.0,-0.01,2710.0,-27918.0,-4978.0,21.0,0.0,23.0
1742508494.7197323,-0.01,-0.03,-0.21,2933.0,-26221.0,-12989.0,0.0,0.0,-0.01,2926.0,-26179.0,-21179.0,138.0,136.0,120.0
1742508494.7322164,-0.01,-0.03,-0.21,3151.0,-24448.0,-29182.0,0.0,0.0,-0.01,3143.0,-24405.0,28164.0,154.0,130.0,174.0
1742508494.740716,-0.01,-0.03,-0.22,3370.0,-22652.0,20164.0,0.0,0.0,-0.01,3362.0,-22608.0,11973.0,62.0,52.0,51.0
1742508494.7527184,-0.01,-0.03,-0.22,3589.0,-20844.0,3977.0,0.0,0.0,-0.01,3581.0,-20800.0,-4213.0,44.0,71.0,23.0
1742508494.7647185,-0.01,-0.03,-0.22,3804.0,-19046.0,-12211.0,0.0,0.0,-0.01,3795.0,-19003.0,-20401.0,16.0,6.0,0.0
1742508494.773224,-0.01,-0.03,-0.22,4015.0,-17244.0,-28398.0,0.0,0.0,-0.01,4005.0,-17201.0,28948.0,22.0,15.0,23.0
1742508494.7852404,-0.01,-0.03,-0.22,4219.0,-15445.0,20950.0,0.0,0.0,-0.01,4210.0,-15401.0,12759.0,106.0,116.0,112.0
1742508494.7978985,-0.02,-0.02,-0.21,4388.0,-13679.0,4752.0,0.0,0.0,-0.01,4379.0,-13635.0,-3438.0,44.0,109.0,139.0
1742508494.8098986,-0.03,-0.02,-0.21,4550.0,-11936.0,-11449.0,0.0,0.0,-0.01,4541.0,-11891.0,-19639.0,41.0,0.0,18.0
1742508494.8220227,-0.03,-0.02,-0.21,4717.0,-10210.0,-27654.0,0.0,0.0,-0.01,4707.0,-10169.0,29692.0,0.0,0.0,0.0
1742508494.831021,-0.03,-0.02,-0.21,4877.0,-8490.0,21675.0,0.0,0.0,-0.0,4869.0,-8450.0,13484.0,86.0,133.0,114.0
1742508494.8426418,-0.04,-0.02,-0.21,5045.0,-6760.0,5470.0,0.0,0.0,-0.0,5038.0,-6721.0,-2720.0,34.0,6.0,27.0
1742508494.8546634,-0.04,-0.02,-0.21,5216.0,-5007.0,-10728.0,0.0,0.0,-0.0,5209.0,-4969.0,-18918.0,0.0,0.0,0.0
1742508494.8631473,-0.04,-0.02,-0.22,5388.0,-3213.0,-26916.0,0.0,0.0,-0.0,5380.0,-3176.0,30430.0,0.0,1.0,34.0
1742508494.8751514,-0.04,-0.02,-0.22,5562.0,-1391.0,22437.0,0.0,0.0,-0.0,5555.0,-1354.0,14246.0,0.0,3.0,51.0
1742508494.8836954,-0.04,-0.02,-0.22,5739.0,450.0,6258.0,0.0,0.0,-0.0,5732.0,486.0,-1932.0,141.0,169.0,172.0
1742508494.895708,-0.04,-0.02,-0.22,5917.0,2301.0,-9917.0,0.0,0.0,-0.0,5911.0,2338.0,-18107.0,46.0,15.0,45.0
1742508494.9083014,-0.04,-0.02,-0.22,6113.0,4144.0,-26094.0,0.0,0.0,-0.0,6107.0,4181.0,31252.0,37.0,33.0,33.0
1742508494.9168174,-0.04,-0.02,-0.22,6305.0,5969.0,23260.0,0.0,0.0,-0.0,6300.0,6007.0,15069.0,67.0,89.0,70.0
1742508494.9329555,-0.04,-0.02,-0.22,6495.0,7763.0,7070.0,0.0,0.0,-0.01,6491.0,7806.0,-1120.0,165.0,186.0,80.0
1742508494.9414515,-0.04,-0.02,-0.21,6677.0,9508.0,-9130.0,0.0,0.0,-0.01,6671.0,9551.0,-17320.0,89.0,70.0,95.0
1742508494.9532692,-0.04,-0.02,-0.2,6847.0,11189.0,-25343.0,0.0,0.0,-0.01,6839.0,11230.0,32003.0,54.0,57.0,62.0
1742508494.961769,-0.03,-0.03,-0.19,7097.0,12782.0,23964.0,0.0,0.0,-0.01,7087.0,12824.0,15773.0,0.0,17.0,0.0
1742508494.974279,-0.03,-0.03,-0.19,7331.0,14365.0,7731.0,0.0,0.0,-0.01,7321.0,14405.0,-459.0,0.0,0.0,0.0
1742508494.9857938,-0.03,-0.03,-0.19,7553.0,15928.0,-8504.0,0.0,0.0,-0.0,7543.0,15960.0,-16694.0,82.0,82.0,56.0
1742508494.9942853,-0.03,-0.03,-0.19,7792.0,17485.0,-24738.0,0.0,0.0,-0.0,7784.0,17517.0,32608.0,0.0,0.0,0.0
1742508495.0064654,-0.03,-0.03,-0.19,8061.0,19038.0,24564.0,0.0,0.0,-0.0,8057.0,19076.0,16373.0,0.0,0.0,0.0
1742508495.0189471,-0.03,-0.03,-0.19,8325.0,20589.0,8327.0,0.0,0.0,-0.0,8321.0,20628.0,136.0,92.0,88.0,70.0
1742508495.0274477,-0.03,-0.03,-0.19,8582.0,22137.0,-7911.0,0.0,0.0,-0.0,8576.0,22173.0,-16101.0,0.0,0.0,0.0
1742508495.0395892,-0.03,-0.03,-0.18,8838.0,23673.0,-24149.0,0.0,0.0,-0.0,8831.0,23710.0,-32339.0,0.0,2.0,4.0
1742508495.0516043,-0.03,-0.03,-0.18,9095.0,25201.0,25147.0,0.0,0.0,-0.0,9090.0,25239.0,16956.0,69.0,41.0,38.0
1742508495.063637,-0.03,-0.03,-0.18,9352.0,26721.0,8904.0,0.0,0.0,-0.0,9346.0,26758.0,713.0,0.0,0.0,0.0
1742508495.0721502,-0.03,-0.03,-0.18,9601.0,28231.0,-7340.0,0.0,0.0,-0.0,9594.0,28267.0,-15530.0,0.0,0.0,0.0
1742508495.0848045,-0.03,-0.03,-0.18,9847.0,29733.0,-23585.0,0.0,0.0,-0.0,9840.0,29769.0,-31775.0,107.0,105.0,112.0
1742508495.0928032,-0.03,-0.03,-0.18,10091.0,31228.0,25705.0,0.0,0.0,-0.0,10086.0,31265.0,17514.0,0.0,0.0,0.0
1742508495.1086516,-0.03,-0.03,-0.18,10330.0,32708.0,9454.0,0.0,0.0,-0.0,10325.0,32745.0,1263.0,8.0,0.0,4.0
1742508495.1172173,-0.03,-0.03,-0.18,10565.0,-31356.0,-6798.0,0.0,0.0,-0.0,10559.0,-31318.0,-14988.0,98.0,87.0,54.0
1742508495.1297176,-0.03,-0.03,-0.18,10798.0,-29889.0,-23050.0,0.0,0.0,-0.0,10791.0,-29852.0,-31240.0,0.0,0.0,0.0
1742508495.1417174,-0.03,-0.03,-0.17,11029.0,-28432.0,26232.0,0.0,0.0,-0.0,11023.0,-28394.0,18041.0,7.0,1.0,16.0
1742508495.1537206,-0.03,-0.03,-0.17,11257.0,-26981.0,9975.0,0.0,0.0,-0.0,11251.0,-26943.0,1784.0,73.0,45.0,39.0
1742508495.1622207,-0.03,-0.03,-0.17,11481.0,-25536.0,-6282.0,0.0,0.0,-0.0,11475.0,-25498.0,-14472.0,0.0,0.0,0.0
1742508495.174293,-0.02,-0.03,-0.17,11702.0,-24098.0,-22540.0,0.0,0.0,-0.0,11697.0,-24060.0,-30730.0,0.0,0.0,0.0
1742508495.1829486,-0.03,-0.03,-0.17,11922.0,-22667.0,26737.0,0.0,0.0,-0.0,11917.0,-22629.0,18546.0,87.0,89.0,80.0
1742508495.1949496,-0.02,-0.03,-0.17,12134.0,-21251.0,10473.0,0.0,0.0,-0.0,12129.0,-21213.0,2282.0,6.0,0.0,4.0
1742508495.2074497,-0.02,-0.03,-0.17,12343.0,-19842.0,-5790.0,0.0,0.0,-0.0,12338.0,-19804.0,-13980.0,0.0,0.0,0.0
1742508495.2199483,-0.02,-0.03,-0.17,12551.0,-18440.0,-22054.0,0.0,0.0,-0.0,12546.0,-18402.0,-30244.0,55.0,33.0,11.0
1742508495.2319493,-0.02,-0.03,-0.17,12756.0,-17045.0,27217.0,0.0,0.0,-0.0,12751.0,-17007.0,19026.0,42.0,56.0,102.0
1742508495.2444484,-0.02,-0.03,-0.17,12958.0,-15657.0,10949.0,0.0,0.0,-0.0,12953.0,-15619.0,2758.0,6.0,0.0,5.0
1742508495.252457,-0.02,-0.02,-0.16,13157.0,-14274.0,-5320.0,0.0,0.0,-0.0,13153.0,-14236.0,-13510.0,6.0,5.0,0.0
1742508495.264458,-0.02,-0.02,-0.16,13354.0,-12898.0,-21588.0,0.0,0.0,-0.0,13350.0,-12860.0,-29778.0,0.0,6.0,4.0
1742508495.2731073,-0.02,-0.02,-0.16,13547.0,-11529.0,27678.0,0.0,0.0,-0.0,13543.0,-11491.0,19487.0,0.0,3.0,0.0
1742508495.2852738,-0.02,-0.02,-0.16,13736.0,-10173.0,11404.0,0.0,0.0,-0.0,13731.0,-10135.0,3213.0,0.0,0.0,0.0
1742508495.2977717,-0.02,-0.02,-0.16,13922.0,-8824.0,-4870.0,0.0,0.0,-0.0,13917.0,-8786.0,-13060.0,25.0,37.0,49.0
1742508495.3097706,-0.02,-0.02,-0.16,14105.0,-7481.0,-21144.0,0.0,0.0,-0.0,14100.0,-7443.0,-29334.0,10.0,0.0,0.0
1742508495.3218677,-0.02,-0.02,-0.16,14286.0,-6144.0,28116.0,0.0,0.0,-0.0,14281.0,-6106.0,19925.0,0.0,0.0,0.0
1742508495.3303525,-0.02,-0.02,-0.16,14464.0,-4813.0,11838.0,0.0,0.0,-0.0,14460.0,-4775.0,3647.0,87.0,79.0,91.0
1742508495.3428538,-0.02,-0.02,-0.16,14639.0,-3488.0,-4441.0,0.0,0.0,-0.0,14635.0,-3450.0,-12631.0,22.0,3.0,18.0
1742508495.3549752,-0.02,-0.02,-0.16,14811.0,-2168.0,-20719.0,0.0,0.0,-0.0,14807.0,-2130.0,-28909.0,21.0,0.0,0.0
1742508495.3629737,-0.02,-0.02,-0.16,14980.0,-854.0,28537.0,0.0,0.0,-0.0,14976.0,-816.0,20346.0,0.0,0.0,0.0
1742508495.375482,-0.02,-0.02,-0.16,15147.0,453.0,12255.0,0.0,0.0,-0.0,15143.0,490.0,4064.0,0.0,0.0,0.0
1742508495.3834822,-0.02,-0.02,-0.15,15313.0,1753.0,-4028.0,0.0,0.0,-0.0,15309.0,1791.0,-12218.0,89.0,104.0,92.0
1742508495.3959832,-0.02,-0.02,-0.15,15473.0,3042.0,-20311.0,0.0,0.0,-0.0,15469.0,3080.0,-28501.0,21.0,44.0,42.0
1742508495.4079823,-0.02,-0.02,-0.15,15630.0,4326.0,28941.0,0.0,0.0,-0.0,15626.0,4364.0,20750.0,34.0,0.0,0.0
1742508495.4204824,-0.02,-0.02,-0.15,15785.0,5604.0,12654.0,0.0,0.0,-0.0,15781.0,5642.0,4463.0,0.0,0.0,0.0
1742508495.4329839,-0.02,-0.02,-0.15,15937.0,6876.0,-3633.0,0.0,0.0,-0.0,15933.0,6914.0,-11823.0,66.0,54.0,83.0
1742508495.440996,-0.02,-0.02,-0.15,16088.0,8143.0,-19919.0,0.0,0.0,-0.0,16084.0,8181.0,-28109.0,0.0,19.0,0.0
1742508495.4530025,-0.02,-0.02,-0.15,16237.0,9404.0,29329.0,0.0,0.0,-0.0,16233.0,9442.0,21138.0,36.0,39.0,2.0
1742508495.4614863,-0.02,-0.02,-0.15,16384.0,10659.0,13039.0,0.0,0.0,-0.0,16380.0,10697.0,4848.0,0.0,0.0,0.0
1742508495.4735436,-0.02,-0.02,-0.15,16528.0,11909.0,-3252.0,0.0,0.0,-0.0,16524.0,11947.0,-11442.0,0.0,12.0,0.0
1742508495.4858232,-0.02,-0.02,-0.15,16667.0,13149.0,-19543.0,0.0,0.0,-0.0,16663.0,13187.0,-27733.0,0.0,0.0,0.0
1742508495.498316,-0.02,-0.02,-0.15,16804.0,14384.0,29701.0,0.0,0.0,-0.0,16800.0,14422.0,21510.0,25.0,1.0,49.0
1742508495.5063214,-0.02,-0.02,-0.15,16938.0,15614.0,13407.0,0.0,0.0,-0.0,16934.0,15652.0,5216.0,0.0,0.0,0.0
1742508495.5224953,-0.02,-0.02,-0.15,17070.0,16838.0,-2888.0,0.0,0.0,-0.0,17066.0,16876.0,-11078.0,0.0,0.0,0.0
1742508495.531073,-0.02,-0.02,-0.14,17200.0,18057.0,-19182.0,0.0,0.0,-0.0,17197.0,18095.0,-27372.0,67.0,67.0,85.0
1742508495.5430732,-0.02,-0.02,-0.14,17329.0,19271.0,30059.0,0.0,0.0,-0.0,17326.0,19309.0,21868.0,14.0,23.0,10.0
1742508495.5516913,-0.02,-0.02,-0.14,17456.0,20480.0,13761.0,0.0,0.0,-0.0,17453.0,20518.0,5570.0,0.0,0.0,0.0
1742508495.5636938,-0.02,-0.02,-0.14,17580.0,21684.0,-2536.0,0.0,0.0,-0.0,17577.0,21723.0,-10726.0,0.0,14.0,36.0
1742508495.576198,-0.02,-0.02,-0.14,17700.0,22879.0,-18834.0,0.0,0.0,-0.0,17697.0,22918.0,-27024.0,20.0,0.0,14.0
1742508495.5882983,-0.02,-0.01,-0.14,17818.0,24069.0,30404.0,0.0,0.0,-0.0,17815.0,24108.0,22213.0,0.0,0.0,0.0
1742508495.5968513,-0.02,-0.01,-0.14,17934.0,25254.0,14102.0,0.0,0.0,-0.0,17931.0,25293.0,5911.0,56.0,65.0,77.0
1742508495.612325,-0.02,-0.01,-0.14,18048.0,26434.0,-2199.0,0.0,0.0,-0.0,18045.0,26473.0,-10389.0,14.0,0.0,0.0
1742508495.6213257,-0.02,-0.01,-0.14,18160.0,27610.0,-18499.0,0.0,0.0,-0.0,18157.0,27649.0,-26689.0,0.0,0.0,0.0
1742508495.6333249,-0.02,-0.01,-0.14,18270.0,28782.0,30735.0,0.0,0.0,-0.0,18267.0,28821.0,22544.0,89.0,96.0,92.0
1742508495.641842,-0.02,-0.01,-0.14,18378.0,29949.0,14431.0,0.0,0.0,-0.0,18375.0,29988.0,6240.0,11.0,0.0,3.0
1742508495.653828,-0.02,-0.01,-0.14,18485.0,31112.0,-1872.0,0.0,0.0,-0.0,18483.0,31151.0,-10062.0,0.0,0.0,0.0
1742508495.6663277,-0.02,-0.01,-0.14,18589.0,32266.0,-18176.0,0.0,0.0,-0.0,18587.0,32305.0,-26366.0,124.0,117.0,74.0
1742508495.678356,-0.02,-0.01,-0.14,18691.0,-32121.0,31056.0,0.0,0.0,-0.0,18688.0,-32081.0,22865.0,0.0,11.0,2.0
1742508495.6866634,-0.02,-0.01,-0.14,18789.0,-30974.0,14748.0,0.0,0.0,-0.0,18786.0,-30934.0,6557.0,0.0,0.0,0.0
1742508495.7032008,-0.02,-0.01,-0.13,18885.0,-29832.0,-1559.0,0.0,0.0,-0.01,18882.0,-29791.0,-9749.0,74.0,76.0,95.0
1742508495.711201,-0.02,-0.01,-0.13,18980.0,-28693.0,-17865.0,0.0,0.0,-0.0,18977.0,-28653.0,-26055.0,0.0,0.0,0.0
1742508495.7237089,-0.02,-0.01,-0.13,19073.0,-27560.0,31363.0,0.0,0.0,-0.0,19071.0,-27520.0,23172.0,0.0,0.0,0.0
1742508495.7317016,-0.02,-0.01,-0.13,19165.0,-26431.0,15053.0,0.0,0.0,-0.01,19163.0,-26390.0,6862.0,100.0,117.0,97.0
1742508495.7437038,-0.02,-0.01,-0.13,19255.0,-25305.0,-1256.0,0.0,0.0,-0.0,19253.0,-25265.0,-9446.0,32.0,0.0,5.0
1742508495.7561347,-0.02,-0.01,-0.13,19342.0,-24188.0,-17566.0,0.0,0.0,-0.0,19340.0,-24148.0,-25756.0,0.0,0.0,0.0
1742508495.7686336,-0.02,-0.01,-0.13,19427.0,-23076.0,31660.0,0.0,0.0,-0.0,19425.0,-23036.0,23469.0,88.0,63.0,81.0
1742508495.7766347,-0.02,-0.01,-0.13,19510.0,-21968.0,15348.0,0.0,0.0,-0.0,19508.0,-21928.0,7157.0,0.0,0.0,0.0
1742508495.7932131,-0.02,-0.01,-0.13,19592.0,-20864.0,-965.0,0.0,0.0,-0.01,19590.0,-20823.0,-9155.0,18.0,8.0,8.0
1742508495.8012116,-0.02,-0.01,-0.13,19672.0,-19763.0,-17277.0,0.0,0.0,-0.0,19670.0,-19723.0,-25467.0,41.0,68.0,18.0
1742508495.8134952,-0.02,-0.01,-0.13,19751.0,-18667.0,31947.0,0.0,0.0,-0.01,19749.0,-18626.0,23756.0,0.0,0.0,0.0
1742508495.8223875,-0.02,-0.01,-0.13,19828.0,-17573.0,15633.0,0.0,0.0,-0.01,19826.0,-17532.0,7442.0,0.0,0.0,6.0
1742508495.8338718,-0.02,-0.01,-0.13,19903.0,-16482.0,-682.0,0.0,0.0,-0.01,19901.0,-16441.0,-8872.0,105.0,60.0,101.0
1742508495.8463717,-0.02,-0.01,-0.13,19975.0,-15399.0,-16996.0,0.0,0.0,-0.01,19973.0,-15358.0,-25186.0,0.0,0.0,56.0
1742508495.8582854,-0.02,-0.01,-0.13,20046.0,-14320.0,32226.0,0.0,0.0,-0.01,20044.0,-14279.0,24035.0,0.0,16.0,24.0
1742508495.87033,-0.02,-0.01,-0.13,20115.0,-13244.0,15908.0,0.0,0.0,-0.01,20113.0,-13203.0,7717.0,0.0,0.0,0.0
1742508495.8827834,-0.02,-0.01,-0.13,20183.0,-12172.0,-409.0,0.0,0.0,-0.01,20181.0,-12131.0,-8599.0,59.0,73.0,85.0
1742508495.8912675,-0.02,-0.01,-0.13,20249.0,-11103.0,-16725.0,0.0,0.0,-0.01,20247.0,-11062.0,-24915.0,13.0,0.0,9.0
1742508495.9034564,-0.02,-0.01,-0.13,20314.0,-10038.0,32495.0,0.0,0.0,-0.01,20312.0,-9997.0,24304.0,44.0,27.0,0.0
1742508495.9119494,-0.02,-0.01,-0.12,20377.0,-8976.0,16176.0,0.0,0.0,-0.01,20375.0,-8935.0,7985.0,12.0,0.0,1.0
1742508495.9244492,-0.02,-0.01,-0.12,20436.0,-7921.0,-143.0,0.0,0.0,-0.01,20435.0,-7880.0,-8333.0,0.0,20.0,13.0
1742508495.9365582,-0.02,-0.01,-0.12,20494.0,-6870.0,-16461.0,0.0,0.0,-0.01,20492.0,-6829.0,-24651.0,0.0,0.0,0.0
1742508495.9484909,-0.02,-0.01,-0.12,20550.0,-5822.0,32757.0,0.0,0.0,-0.01,20548.0,-5781.0,24566.0,0.0,17.0,46.0
1742508495.956966,-0.02,-0.01,-0.12,20604.0,-4778.0,16435.0,0.0,0.0,-0.01,20603.0,-4737.0,8244.0,0.0,3.0,19.0
1742508495.9694688,-0.02,-0.01,-0.12,20658.0,-3737.0,113.0,0.0,0.0,-0.01,20657.0,-3696.0,-8077.0,0.0,0.0,0.0
1742508495.981685,-0.02,-0.01,-0.12,20711.0,-2699.0,-16207.0,0.0,0.0,-0.01,20710.0,-2658.0,-24397.0,31.0,28.0,94.0
1742508495.9901836,-0.02,-0.01,-0.12,20762.0,-1665.0,-32527.0,0.0,0.0,-0.01,20761.0,-1624.0,24819.0,0.0,6.0,32.0
1742508496.001695,-0.02,-0.01,-0.12,20812.0,-634.0,16688.0,0.0,0.0,-0.01,20811.0,-593.0,8497.0,59.0,75.0,32.0
1742508496.0101843,-0.02,-0.01,-0.12,20860.0,392.0,364.0,0.0,0.0,-0.01,20859.0,433.0,-7826.0,0.0,0.0,0.0
1742508496.0222063,-0.02,-0.01,-0.12,20907.0,1415.0,-15958.0,0.0,0.0,-0.01,20906.0,1456.0,-24148.0,0.0,0.0,0.0
1742508496.034684,-0.02,-0.01,-0.12,20953.0,2435.0,-32280.0,0.0,0.0,-0.01,20952.0,2476.0,25066.0,124.0,77.0,105.0
1742508496.0467002,-0.02,-0.01,-0.12,20996.0,3449.0,16933.0,0.0,0.0,-0.01,20995.0,3490.0,8742.0,0.0,0.0,0.0
1742508496.0552604,-0.02,-0.01,-0.12,21038.0,4460.0,607.0,0.0,0.0,-0.01,21037.0,4500.0,-7583.0,19.0,0.0,0.0
1742508496.0677695,-0.02,-0.01,-0.12,21079.0,5467.0,-15717.0,0.0,0.0,-0.01,21078.0,5507.0,-23907.0,105.0,111.0,117.0
1742508496.0757763,-0.02,-0.0,-0.12,21118.0,6471.0,-32041.0,0.0,0.0,-0.01,21117.0,6512.0,25305.0,0.0,0.0,0.0
1742508496.0884254,-0.02,-0.0,-0.12,21156.0,7472.0,17170.0,0.0,0.0,-0.01,21155.0,7512.0,8979.0,0.0,0.0,9.0
1742508496.10047,-0.02,-0.0,-0.12,21193.0,8469.0,844.0,0.0,0.0,-0.01,21192.0,8510.0,-7346.0,97.0,84.0,85.0
1742508496.11247,-0.02,-0.0,-0.12,21229.0,9466.0,-15481.0,0.0,0.0,-0.01,21228.0,9507.0,-23671.0,6.0,0.0,0.0
1742508496.1210635,-0.02,-0.0,-0.12,21264.0,10460.0,-31807.0,0.0,0.0,-0.01,21263.0,10501.0,25539.0,0.0,0.0,0.0
1742508496.1330643,-0.02,-0.0,-0.12,21298.0,11451.0,17402.0,0.0,0.0,-0.01,21297.0,11492.0,9211.0,94.0,91.0,92.0
1742508496.1415644,-0.02,-0.0,-0.12,21330.0,12439.0,1074.0,0.0,0.0,-0.01,21329.0,12480.0,-7116.0,4.0,0.0,40.0
1742508496.1535308,-0.02,-0.0,-0.12,21361.0,13424.0,-15252.0,0.0,0.0,-0.01,21360.0,13465.0,-23442.0,0.0,0.0,0.0
1742508496.165973,-0.02,-0.0,-0.11,21390.0,14403.0,-31579.0,0.0,0.0,-0.01,21388.0,14444.0,25767.0,118.0,77.0,65.0
1742508496.177976,-0.02,-0.0,-0.11,21417.0,15380.0,17628.0,0.0,0.0,-0.01,21415.0,15421.0,9437.0,1.0,1.0,20.0
1742508496.1861858,-0.02,-0.0,-0.11,21443.0,16354.0,1298.0,0.0,0.0,-0.01,21442.0,16395.0,-6892.0,0.0,0.0,0.0
1742508496.19926,-0.02,-0.0,-0.11,21467.0,17325.0,-15030.0,0.0,0.0,-0.01,21466.0,17366.0,-23220.0,83.0,100.0,120.0
1742508496.2107596,-0.02,-0.0,-0.11,21490.0,18294.0,-31358.0,0.0,0.0,-0.01,21489.0,18335.0,25988.0,18.0,0.0,12.0
1742508496.2231169,-0.02,-0.0,-0.11,21512.0,19260.0,17849.0,0.0,0.0,-0.01,21511.0,19301.0,9658.0,0.0,0.0,0.0
1742508496.2316167,-0.02,-0.0,-0.11,21533.0,20223.0,1519.0,0.0,0.0,-0.01,21532.0,20264.0,-6671.0,102.0,130.0,117.0
1742508496.2432106,-0.02,-0.0,-0.11,21553.0,21184.0,-14811.0,0.0,0.0,-0.01,21552.0,21225.0,-23001.0,48.0,30.0,1.0
1742508496.255713,-0.02,-0.0,-0.11,21571.0,22140.0,-31141.0,0.0,0.0,-0.01,21570.0,22181.0,26205.0,0.0,0.0,0.0
1742508496.2683134,-0.02,-0.0,-0.11,21588.0,23093.0,18064.0,0.0,0.0,-0.01,21587.0,23134.0,9873.0,140.0,99.0,119.0
1742508496.27647,-0.02,-0.0,-0.11,21604.0,24044.0,1732.0,0.0,0.0,-0.01,21603.0,24085.0,-6458.0,0.0,0.0,0.0
1742508496.2886288,-0.02,-0.0,-0.11,21619.0,24992.0,-14598.0,0.0,0.0,-0.01,21618.0,25033.0,-22788.0,0.0,0.0,0.0
1742508496.3007457,-0.02,-0.0,-0.11,21633.0,25938.0,-30928.0,0.0,0.0,-0.01,21632.0,25979.0,26418.0,84.0,79.0,79.0
1742508496.3093057,-0.02,-0.0,-0.11,21646.0,26882.0,18276.0,0.0,0.0,-0.01,21645.0,26923.0,10085.0,0.0,5.0,0.0
1742508496.321483,-0.02,-0.0,-0.11,21658.0,27823.0,1942.0,0.0,0.0,-0.01,21657.0,27864.0,-6248.0,0.0,0.0,0.0
1742508496.3339849,-0.02,-0.0,-0.11,21669.0,28762.0,-14390.0,0.0,0.0,-0.01,21668.0,28804.0,-22580.0,105.0,133.0,144.0
1742508496.342161,-0.02,-0.0,-0.11,21679.0,29700.0,-30722.0,0.0,0.0,-0.01,21678.0,29742.0,26624.0,38.0,43.0,24.0
1742508496.3542814,-0.02,-0.0,-0.11,21687.0,30633.0,18481.0,0.0,0.0,-0.01,21686.0,30675.0,10290.0,0.0,0.0,0.0
1742508496.3662817,-0.02,-0.0,-0.11,21694.0,31564.0,2147.0,0.0,0.0,-0.01,21693.0,31606.0,-6043.0,106.0,119.0,94.0
1742508496.378579,-0.02,-0.0,-0.11,21700.0,32493.0,-14185.0,0.0,0.0,-0.01,21699.0,32534.0,-22375.0,0.0,0.0,15.0
1742508496.3870804,-0.02,-0.0,-0.11,21705.0,-32118.0,-30518.0,0.0,0.0,-0.01,21704.0,-32076.0,26828.0,0.0,0.0,0.0
1742508496.3993642,-0.02,-0.0,-0.11,21709.0,-31193.0,18683.0,0.0,0.0,-0.01,21708.0,-31151.0,10492.0,71.0,102.0,111.0
1742508496.41158,-0.02,-0.0,-0.11,21712.0,-30270.0,2347.0,0.0,0.0,-0.01,21711.0,-30227.0,-5843.0,3.0,0.0,0.0
1742508496.4200764,-0.02,-0.0,-0.11,21714.0,-29348.0,-13987.0,0.0,0.0,-0.01,21713.0,-29305.0,-22177.0,0.0,0.0,0.0
1742508496.4322243,-0.02,-0.0,-0.11,21715.0,-28429.0,-30321.0,0.0,0.0,-0.01,21714.0,-28386.0,27025.0,76.0,112.0,94.0
1742508496.4447231,-0.02,-0.0,-0.11,21715.0,-27514.0,18880.0,0.0,-0.0,-0.01,21715.0,-27471.0,10689.0,0.0,0.0,0.0
1742508496.4567277,-0.02,-0.0,-0.11,21715.0,-26601.0,2544.0,0.0,-0.0,-0.01,21715.0,-26558.0,-5646.0,0.0,0.0,0.0
1742508496.468303,-0.02,0.0,-0.11,21714.0,-25690.0,-13791.0,0.0,-0.0,-0.01,21714.0,-25647.0,-21981.0,74.0,138.0,48.0
1742508496.4773092,-0.02,0.0,-0.11,21712.0,-24781.0,-30126.0,0.0,-0.0,-0.01,21712.0,-24738.0,27220.0,0.0,9.0,3.0
1742508496.4894247,-0.02,0.0,-0.11,21709.0,-23874.0,19073.0,0.0,-0.0,-0.01,21709.0,-23831.0,10882.0,0.0,4.0,0.0
1742508496.501441,-0.02,0.0,-0.11,21705.0,-22969.0,2735.0,0.0,-0.0,-0.01,21705.0,-22926.0,-5455.0,78.0,93.0,79.0
1742508496.5100873,-0.02,0.0,-0.11,21700.0,-22066.0,-13601.0,0.0,-0.0,-0.01,21700.0,-22023.0,-21791.0,0.0,0.0,0.0
1742508496.522087,-0.02,0.0,-0.1,21695.0,-21165.0,-29937.0,0.0,-0.0,-0.01,21695.0,-21122.0,27409.0,0.0,0.0,0.0
1742508496.5345871,-0.02,0.0,-0.1,21688.0,-20268.0,19262.0,0.0,-0.0,-0.01,21688.0,-20225.0,11071.0,73.0,54.0,6.0
1742508496.546587,-0.02,0.0,-0.1,21680.0,-19373.0,2924.0,0.0,-0.0,-0.01,21680.0,-19330.0,-5266.0,0.0,0.0,0.0
1742508496.555211,-0.02,0.0,-0.1,21671.0,-18480.0,-13412.0,0.0,-0.0,-0.01,21671.0,-18437.0,-21602.0,0.0,23.0,0.0
1742508496.567356,-0.02,0.0,-0.1,21661.0,-17589.0,-29749.0,0.0,-0.0,-0.01,21661.0,-17546.0,27597.0,105.0,100.0,96.0
1742508496.579411,-0.02,0.0,-0.1,21650.0,-16699.0,19448.0,0.0,-0.0,-0.01,21650.0,-16656.0,11257.0,20.0,39.0,29.0
1742508496.5914106,-0.02,0.0,-0.1,21638.0,-15811.0,3108.0,0.0,-0.0,-0.01,21638.0,-15768.0,-5082.0,27.0,0.0,11.0
1742508496.6034596,-0.02,0.0,-0.1,21626.0,-14925.0,-13230.0,0.0,-0.0,-0.01,21627.0,-14882.0,-21420.0,66.0,71.0,49.0
1742508496.616451,-0.02,0.0,-0.1,21613.0,-14043.0,-29568.0,0.0,-0.0,-0.01,21614.0,-14000.0,27778.0,71.0,91.0,69.0
1742508496.6244514,-0.02,0.0,-0.1,21599.0,-13162.0,19629.0,0.0,-0.0,-0.01,21600.0,-13119.0,11438.0,0.0,2.0,32.0
1742508496.636532,-0.02,0.0,-0.1,21585.0,-12283.0,3289.0,0.0,-0.0,-0.01,21585.0,-12240.0,-4901.0,3.0,9.0,0.0
1742508496.6489508,-0.02,0.0,-0.1,21569.0,-11406.0,-13049.0,0.0,-0.0,-0.01,21569.0,-11364.0,-21239.0,4.0,8.0,39.0
1742508496.6609762,-0.02,0.0,-0.1,21552.0,-10532.0,-29387.0,0.0,-0.0,-0.01,21552.0,-10489.0,27959.0,11.0,8.0,10.0
1742508496.669478,-0.02,0.0,-0.1,21534.0,-9658.0,19809.0,0.0,-0.0,-0.01,21534.0,-9615.0,11618.0,0.0,0.0,0.0
1742508496.681981,-0.02,0.0,-0.1,21516.0,-8786.0,3468.0,0.0,-0.0,-0.01,21516.0,-8743.0,-4722.0,72.0,52.0,74.0
1742508496.6904817,-0.02,0.0,-0.1,21497.0,-7916.0,-12872.0,0.0,-0.0,-0.01,21497.0,-7873.0,-21062.0,7.0,34.0,0.0
1742508496.7024808,-0.02,0.0,-0.1,21477.0,-7047.0,-29212.0,0.0,-0.0,-0.01,21477.0,-7005.0,28134.0,39.0,34.0,7.0
1742508496.7151244,-0.02,0.0,-0.1,21456.0,-6183.0,19983.0,0.0,-0.0,-0.01,21456.0,-6141.0,11792.0,115.0,99.0,110.0
1742508496.7266405,-0.02,0.0,-0.1,21434.0,-5320.0,3641.0,0.0,-0.0,-0.01,21434.0,-5278.0,-4549.0,16.0,20.0,39.0
1742508496.735287,-0.02,0.0,-0.1,21412.0,-4459.0,-12699.0,0.0,-0.0,-0.01,21412.0,-4417.0,-20889.0,0.0,0.0,0.0
1742508496.747581,-0.02,0.0,-0.1,21389.0,-3600.0,-29039.0,0.0,-0.0,-0.01,21389.0,-3558.0,28307.0,0.0,13.0,22.0
1742508496.7599628,-0.02,0.0,-0.1,21366.0,-2742.0,20156.0,0.0,-0.0,-0.01,21367.0,-2699.0,11965.0,35.0,0.0,0.0
1742508496.7721405,-0.02,0.0,-0.1,21343.0,-1885.0,3814.0,0.0,-0.0,-0.01,21344.0,-1842.0,-4376.0,0.0,0.0,0.0
1742508496.780138,-0.02,0.0,-0.1,21319.0,-1029.0,-12526.0,0.0,-0.0,-0.01,21320.0,-986.0,-20716.0,44.0,93.0,77.0
1742508496.7921581,-0.02,0.0,-0.1,21295.0,-175.0,-28867.0,0.0,-0.0,-0.01,21295.0,-133.0,28479.0,0.0,16.0,3.0
1742508496.8011389,-0.02,0.0,-0.1,21269.0,675.0,20327.0,0.0,-0.0,-0.01,21269.0,716.0,12136.0,71.0,57.0,25.0
1742508496.8167932,-0.02,0.0,-0.1,21242.0,1522.0,3984.0,0.0,-0.0,-0.01,21242.0,1563.0,-4206.0,34.0,67.0,102.0
1742508496.8252773,-0.02,0.0,-0.1,21214.0,2367.0,-12358.0,0.0,-0.0,-0.01,21214.0,2408.0,-20548.0,0.0,20.0,14.0
1742508496.8377779,-0.02,0.0,-0.1,21185.0,3211.0,-28700.0,0.0,-0.0,-0.01,21185.0,3252.0,28646.0,49.0,19.0,23.0
1742508496.8459237,-0.02,0.0,-0.1,21156.0,4053.0,20493.0,0.0,-0.0,-0.01,21156.0,4094.0,12302.0,0.0,4.0,26.0
1742508496.8579254,-0.02,0.0,-0.1,21126.0,4894.0,4149.0,0.0,-0.0,-0.01,21126.0,4935.0,-4041.0,0.0,0.0,0.0
1742508496.870439,-0.02,0.0,-0.1,21095.0,5733.0,-12193.0,0.0,-0.0,-0.01,21095.0,5774.0,-20383.0,0.0,0.0,0.0
1742508496.878609,-0.02,0.0,-0.1,21064.0,6571.0,-28535.0,0.0,-0.0,-0.01,21064.0,6612.0,28811.0,0.0,20.0,24.0
1742508496.890838,-0.02,0.0,-0.1,21032.0,7407.0,20658.0,0.0,-0.0,-0.01,21032.0,7448.0,12467.0,0.0,0.0,17.0
1742508496.9033356,-0.02,0.0,-0.1,21000.0,8242.0,4314.0,0.0,-0.0,-0.01,21001.0,8284.0,-3876.0,91.0,68.0,60.0
1742508496.911337,-0.02,0.0,-0.1,20968.0,9076.0,-12028.0,0.0,-0.0,-0.01,20969.0,9118.0,-20218.0,0.0,0.0,0.0
1742508496.923836,-0.02,0.0,-0.1,20935.0,9907.0,-28371.0,0.0,-0.0,-0.01,20936.0,9949.0,28975.0,1.0,0.0,63.0
1742508496.9360611,-0.02,0.0,-0.1,20902.0,10737.0,20821.0,0.0,-0.0,-0.01,20903.0,10779.0,12630.0,17.0,58.0,0.0
1742508496.9480608,-0.02,0.0,-0.1,20868.0,11566.0,4476.0,0.0,-0.0,-0.01,20869.0,11608.0,-3714.0,0.0,0.0,0.0
1742508496.9560812,-0.02,0.0,-0.1,20833.0,12393.0,-11867.0,0.0,-0.0,-0.01,20834.0,12435.0,-20057.0,0.0,0.0,0.0
1742508496.968564,-0.02,0.0,-0.1,20798.0,13219.0,-28211.0,0.0,-0.0,-0.01,20799.0,13261.0,29135.0,2.0,0.0,0.0
1742508496.980585,-0.02,0.0,-0.1,20762.0,14044.0,20980.0,0.0,-0.0,-0.01,20763.0,14086.0,12789.0,19.0,30.0,54.0
1742508496.9890692,-0.02,0.0,-0.1,20726.0,14868.0,4634.0,0.0,-0.0,-0.01,20727.0,14910.0,-3556.0,7.0,0.0,0.0
1742508497.0010686,-0.02,0.0,-0.1,20689.0,15691.0,-11710.0,0.0,-0.0,-0.01,20690.0,15734.0,-19900.0,69.0,40.0,8.0
1742508497.0135696,-0.02,0.0,-0.1,20651.0,16512.0,-28054.0,0.0,-0.0,-0.01,20652.0,16554.0,29292.0,75.0,90.0,86.0
1742508497.0255687,-0.02,0.0,-0.1,20613.0,17331.0,21137.0,0.0,-0.0,-0.01,20614.0,17374.0,12946.0,7.0,9.0,17.0
1742508497.0341027,-0.02,0.0,-0.09,20574.0,18149.0,4791.0,0.0,-0.0,-0.01,20575.0,18192.0,-3399.0,20.0,34.0,43.0
1742508497.046605,-0.02,0.0,-0.09,20535.0,18966.0,-11553.0,0.0,-0.0,-0.01,20536.0,19008.0,-19743.0,0.0,4.0,5.0
1742508497.0591063,-0.02,0.0,-0.09,20495.0,19781.0,-27897.0,0.0,-0.0,-0.01,20495.0,19823.0,29449.0,0.0,0.0,0.0
1742508497.0706694,-0.02,0.0,-0.09,20454.0,20595.0,21294.0,0.0,-0.0,-0.01,20455.0,20638.0,13103.0,1.0,0.0,0.0
1742508497.0792367,-0.02,0.01,-0.09,20413.0,21409.0,4948.0,0.0,-0.0,-0.01,20413.0,21451.0,-3242.0,0.0,52.0,33.0
1742508497.0913508,-0.02,0.01,-0.09,20371.0,22221.0,-11396.0,0.0,-0.0,-0.01,20372.0,22264.0,-19586.0,0.0,0.0,0.0
1742508497.1032526,-0.02,0.01,-0.09,20329.0,23032.0,-27740.0,0.0,-0.0,-0.01,20330.0,23074.0,29606.0,36.0,40.0,42.0
1742508497.1159706,-0.02,0.01,-0.09,20286.0,23840.0,21450.0,0.0,-0.0,-0.01,20287.0,23882.0,13259.0,113.0,129.0,119.0
1742508497.1244724,-0.02,0.01,-0.09,20243.0,24647.0,5103.0,0.0,-0.0,-0.01,20244.0,24689.0,-3087.0,31.0,0.0,0.0
1742508497.1364715,-0.02,0.01,-0.09,20199.0,25453.0,-11242.0,0.0,-0.0,-0.01,20200.0,25495.0,-19432.0,0.0,0.0,0.0
1742508497.1484723,-0.02,0.01,-0.09,20154.0,26258.0,-27587.0,0.0,-0.0,-0.01,20155.0,26300.0,29759.0,7.0,0.0,32.0
1742508497.1609762,-0.02,0.01,-0.09,20109.0,27061.0,21602.0,0.0,-0.0,-0.01,20110.0,27103.0,13411.0,0.0,14.0,19.0
1742508497.1694038,-0.02,0.01,-0.09,20063.0,27863.0,5254.0,0.0,-0.0,-0.01,20064.0,27906.0,-2936.0,0.0,0.0,0.0
1742508497.1814094,-0.02,0.01,-0.09,20017.0,28665.0,-11092.0,0.0,-0.0,-0.01,20018.0,28708.0,-19282.0,94.0,92.0,61.0
1742508497.1940491,-0.02,0.01,-0.09,19970.0,29465.0,-27438.0,0.0,-0.0,-0.01,19971.0,29508.0,29908.0,25.0,0.0,0.0
1742508497.2061431,-0.02,0.01,-0.09,19923.0,30264.0,21751.0,0.0,-0.0,-0.01,19924.0,30307.0,13560.0,0.0,0.0,0.0
1742508497.214301,-0.02,0.01,-0.09,19875.0,31062.0,5403.0,0.0,-0.0,-0.01,19876.0,31105.0,-2787.0,78.0,85.0,88.0
1742508497.226304,-0.02,0.01,-0.09,19826.0,31859.0,-10943.0,0.0,-0.0,-0.01,19827.0,31902.0,-19133.0,11.0,13.0,0.0
1742508497.2388027,-0.02,0.01,-0.09,19777.0,32656.0,-27289.0,0.0,-0.0,-0.01,19778.0,32699.0,30057.0,0.0,0.0,0.0
1742508497.2508018,-0.02,0.01,-0.09,19728.0,-32084.0,21900.0,0.0,-0.0,-0.01,19729.0,-32041.0,13709.0,110.0,81.0,119.0
1742508497.259325,-0.02,0.01,-0.09,19678.0,-31288.0,5552.0,0.0,-0.0,-0.01,19679.0,-31245.0,-2638.0,30.0,0.0,9.0
1742508497.27135,-0.02,0.01,-0.09,19628.0,-30493.0,-10794.0,0.0,-0.0,-0.01,19629.0,-30450.0,-18984.0,0.0,0.0,0.0
1742508497.284335,-0.02,0.01,-0.09,19577.0,-29700.0,-27140.0,0.0,-0.0,-0.01,19578.0,-29657.0,30206.0,130.0,80.0,97.0
1742508497.2963352,-0.02,0.01,-0.09,19526.0,-28908.0,22049.0,0.0,-0.0,-0.01,19527.0,-28865.0,13858.0,0.0,0.0,0.0
1742508497.3043506,-0.02,0.01,-0.09,19475.0,-28117.0,5701.0,0.0,-0.0,-0.01,19476.0,-28074.0,-2489.0,0.0,0.0,0.0
1742508497.3168344,-0.02,0.01,-0.09,19423.0,-27327.0,-10645.0,0.0,-0.0,-0.01,19424.0,-27284.0,-18835.0,104.0,112.0,98.0
1742508497.3288345,-0.02,0.01,-0.09,19371.0,-26538.0,-26992.0,0.0,-0.0,-0.01,19372.0,-26495.0,30354.0,0.0,0.0,0.0
1742508497.3413346,-0.02,0.01,-0.09,19319.0,-25750.0,22196.0,0.0,-0.0,-0.01,19320.0,-25707.0,14005.0,0.0,0.0,0.0
1742508497.349355,-0.02,0.01,-0.09,19266.0,-24963.0,5847.0,0.0,-0.0,-0.01,19267.0,-24920.0,-2343.0,120.0,113.0,90.0
1742508497.3659325,-0.02,0.01,-0.09,19212.0,-24178.0,-10500.0,0.0,-0.0,-0.01,19213.0,-24135.0,-18690.0,50.0,6.0,53.0
1742508497.3739889,-0.02,0.01,-0.09,19158.0,-23394.0,-26848.0,0.0,-0.0,-0.01,19159.0,-23351.0,30498.0,14.0,24.0,14.0
1742508497.3865972,-0.02,0.01,-0.09,19103.0,-22611.0,22339.0,0.0,-0.0,-0.01,19104.0,-22568.0,14148.0,73.0,87.0,47.0
1742508497.3945947,-0.02,0.01,-0.09,19048.0,-21829.0,5989.0,0.0,-0.0,-0.01,19049.0,-21786.0,-2201.0,0.0,0.0,0.0
1742508497.4070947,-0.02,0.01,-0.09,18992.0,-21048.0,-10359.0,0.0,-0.0,-0.01,18993.0,-21005.0,-18549.0,0.0,0.0,11.0
1742508497.4190946,-0.02,0.01,-0.09,18936.0,-20268.0,-26707.0,0.0,-0.0,-0.01,18937.0,-20224.0,30639.0,0.0,0.0,0.0
1742508497.431396,-0.02,0.01,-0.09,18880.0,-19488.0,22480.0,0.0,-0.0,-0.01,18881.0,-19444.0,14289.0,6.0,17.0,35.0
1742508497.4398942,-0.02,0.01,-0.09,18824.0,-18708.0,6130.0,0.0,-0.0,-0.01,18825.0,-18665.0,-2060.0,9.0,0.0,0.0
1742508497.455912,-0.02,0.01,-0.09,18767.0,-17931.0,-10218.0,0.0,-0.0,-0.01,18768.0,-17888.0,-18408.0,0.0,0.0,0.0
1742508497.4639108,-0.02,0.01,-0.09,18710.0,-17155.0,-26566.0,0.0,-0.0,-0.01,18710.0,-17111.0,30780.0,82.0,76.0,62.0
1742508497.4759347,-0.02,0.01,-0.09,18652.0,-16379.0,22621.0,0.0,-0.0,-0.01,18652.0,-16335.0,14430.0,15.0,24.0,18.0
1742508497.488569,-0.02,0.01,-0.09,18593.0,-15603.0,6271.0,0.0,-0.0,-0.01,18594.0,-15560.0,-1919.0,0.0,0.0,0.0
1742508497.50117,-0.02,0.01,-0.09,18535.0,-14829.0,-10077.0,0.0,-0.0,-0.01,18536.0,-14786.0,-18267.0,98.0,89.0,96.0
1742508497.5094512,-0.02,0.01,-0.09,18477.0,-14056.0,-26425.0,0.0,-0.0,-0.01,18478.0,-14013.0,30921.0,23.0,0.0,0.0
1742508497.5212333,-0.02,0.01,-0.09,18419.0,-13283.0,22762.0,0.0,-0.0,-0.01,18420.0,-13240.0,14571.0,0.0,0.0,0.0
1742508497.5338478,-0.02,0.01,-0.09,18360.0,-12510.0,6412.0,0.0,-0.0,-0.01,18361.0,-12467.0,-1778.0,99.0,86.0,97.0
1742508497.5462437,-0.02,0.01,-0.09,18298.0,-11734.0,-9936.0,0.0,-0.0,-0.01,18299.0,-11691.0,-18126.0,0.0,0.0,0.0
1742508497.5543928,-0.02,0.01,-0.09,18236.0,-10959.0,-26284.0,0.0,-0.0,-0.01,18237.0,-10915.0,31062.0,0.0,0.0,0.0
1742508497.5659335,-0.02,0.01,-0.09,18175.0,-10184.0,22903.0,0.0,-0.0,-0.01,18176.0,-10141.0,14712.0,99.0,75.0,85.0
1742508497.5748744,-0.02,0.01,-0.09,18114.0,-9411.0,6553.0,0.0,-0.0,-0.01,18116.0,-9367.0,-1637.0,0.0,0.0,0.0
1742508497.5908742,-0.02,0.01,-0.09,18057.0,-8642.0,-9795.0,0.0,-0.0,-0.01,18058.0,-8599.0,-17985.0,0.0,7.0,33.0
1742508497.5993738,-0.02,0.01,-0.09,17995.0,-7877.0,-26143.0,0.0,-0.0,-0.01,17996.0,-7834.0,31203.0,116.0,103.0,94.0
1742508497.6115525,-0.02,0.01,-0.09,17937.0,-7111.0,23044.0,0.0,-0.0,-0.01,17939.0,-7067.0,14853.0,44.0,0.0,0.0
1742508497.6239834,-0.02,0.01,-0.09,17884.0,-6347.0,6692.0,0.0,-0.0,-0.01,17885.0,-6304.0,-1498.0,5.0,37.0,59.0
1742508497.6359837,-0.02,0.01,-0.09,17831.0,-5576.0,-9656.0,0.0,-0.0,-0.01,17832.0,-5533.0,-17846.0,97.0,106.0,62.0
1742508497.6444838,-0.02,0.01,-0.09,17784.0,-4800.0,-26004.0,0.0,-0.0,-0.01,17785.0,-4759.0,31342.0,0.0,0.0,0.0
1742508497.6566055,-0.02,0.01,-0.09,17741.0,-4024.0,23183.0,0.0,-0.0,-0.01,17742.0,-3983.0,14992.0,0.0,22.0,0.0
1742508497.6651049,-0.02,0.01,-0.09,17700.0,-3244.0,6833.0,0.0,-0.0,-0.01,17701.0,-3203.0,-1357.0,83.0,120.0,90.0
1742508497.6771116,-0.02,0.0,-0.09,17660.0,-2459.0,-9515.0,0.0,-0.0,-0.01,17661.0,-2418.0,-17705.0,0.0,0.0,43.0
1742508497.6891277,-0.02,0.0,-0.09,17620.0,-1664.0,-25861.0,0.0,-0.0,-0.0,17621.0,-1624.0,31485.0,0.0,0.0,9.0
1742508497.701722,-0.02,0.0,-0.09,17584.0,-864.0,23328.0,0.0,-0.0,-0.0,17586.0,-823.0,15137.0,95.0,144.0,88.0
1742508497.71,-0.02,0.0,-0.09,17551.0,-62.0,6980.0,0.0,-0.0,-0.0,17552.0,-23.0,-1210.0,1.0,28.0,0.0
1742508497.7219515,-0.02,0.0,-0.09,17518.0,743.0,-9365.0,0.0,-0.0,-0.0,17519.0,781.0,-17555.0,0.0,0.0,0.0
1742508497.7340732,-0.02,0.0,-0.1,17489.0,1563.0,-25709.0,0.0,-0.0,-0.0,17491.0,1602.0,31637.0,144.0,81.0,130.0
1742508497.7423952,-0.02,0.0,-0.1,17460.0,2388.0,23483.0,0.0,-0.0,-0.0,17462.0,2428.0,15292.0,26.0,39.0,1.0
1742508497.7547107,-0.02,0.0,-0.1,17432.0,3219.0,7138.0,0.0,-0.0,-0.0,17434.0,3259.0,-1052.0,0.0,0.0,0.0
1742508497.7672212,-0.02,0.0,-0.1,17404.0,4054.0,-9204.0,0.0,-0.0,-0.0,17406.0,4093.0,-17394.0,68.0,98.0,110.0
1742508497.7756634,-0.02,0.0,-0.1,17375.0,4891.0,-25546.0,0.0,-0.0,-0.0,17377.0,4931.0,31800.0,21.0,88.0,39.0
1742508497.787768,-0.02,0.0,-0.1,17344.0,5729.0,23647.0,0.0,-0.0,-0.01,17347.0,5770.0,15456.0,31.0,0.0,0.0
1742508497.8002677,-0.02,0.0,-0.1,17312.0,6567.0,7303.0,0.0,-0.0,-0.01,17315.0,6608.0,-887.0,135.0,172.0,162.0
1742508497.8085976,-0.02,0.0,-0.1,17279.0,7405.0,-9039.0,0.0,-0.0,-0.01,17282.0,7446.0,-17229.0,19.0,21.0,37.0
1742508497.820747,-0.02,0.0,-0.1,17246.0,8244.0,-25381.0,0.0,-0.0,-0.01,17249.0,8285.0,31965.0,0.0,5.0,0.0
1742508497.8326383,-0.02,0.0,-0.1,17212.0,9081.0,23812.0,0.0,-0.0,-0.01,17215.0,9122.0,15621.0,153.0,47.0,175.0
1742508497.844652,-0.02,0.0,-0.1,17177.0,9917.0,7468.0,0.0,-0.0,-0.01,17180.0,9958.0,-722.0,34.0,17.0,0.0
1742508497.853638,-0.02,0.0,-0.1,17141.0,10752.0,-8874.0,0.0,-0.0,-0.01,17144.0,10793.0,-17064.0,0.0,0.0,0.0
1742508497.86664,-0.02,0.0,-0.1,17105.0,11586.0,-25216.0,0.0,-0.0,-0.01,17108.0,11627.0,32130.0,160.0,157.0,170.0
1742508497.8782656,-0.02,0.0,-0.1,17068.0,12419.0,23977.0,0.0,-0.0,-0.01,17071.0,12460.0,15786.0,52.0,66.0,0.0
1742508497.8902638,-0.02,0.0,-0.1,17031.0,13251.0,7632.0,0.0,-0.0,-0.01,17034.0,13292.0,-558.0,12.0,101.0,0.0
1742508497.8987796,-0.02,0.0,-0.1,16993.0,14082.0,-8711.0,0.0,-0.0,-0.01,16996.0,14124.0,-16901.0,123.0,81.0,153.0
1742508497.9109192,-0.02,0.0,-0.1,16955.0,14913.0,-25054.0,0.0,-0.0,-0.01,16958.0,14955.0,32292.0,38.0,82.0,0.0
1742508497.9234018,-0.02,0.01,-0.1,16915.0,15742.0,24138.0,0.0,-0.0,-0.01,16918.0,15784.0,15947.0,45.0,62.0,35.0
1742508497.9350038,-0.02,0.01,-0.1,16874.0,16571.0,7793.0,0.0,-0.0,-0.01,16877.0,16613.0,-397.0,126.0,145.0,105.0
1742508497.9433544,-0.02,0.01,-0.1,16833.0,17399.0,-8550.0,0.0,-0.0,-0.01,16836.0,17441.0,-16740.0,34.0,6.0,0.0
1742508497.9553564,-0.02,0.01,-0.1,16791.0,18226.0,-24893.0,0.0,-0.0,-0.01,16794.0,18268.0,32453.0,0.0,0.0,44.0
1742508497.9678593,-0.02,0.01,-0.1,16749.0,19052.0,24299.0,0.0,-0.0,-0.01,16752.0,19094.0,16108.0,127.0,51.0,160.0
1742508497.9798703,-0.02,0.01,-0.1,16706.0,19877.0,7954.0,0.0,-0.0,-0.01,16709.0,19919.0,-236.0,0.0,0.0,6.0
1742508497.9885795,-0.02,0.01,-0.1,16663.0,20701.0,-8389.0,0.0,-0.0,-0.01,16666.0,20743.0,-16579.0,31.0,0.0,7.0
1742508498.004742,-0.02,0.01,-0.1,16618.0,21523.0,-24733.0,0.0,-0.0,-0.01,16621.0,21565.0,32613.0,0.0,0.0,36.0
1742508498.0129287,-0.02,0.01,-0.1,16573.0,22345.0,24458.0,0.0,-0.0,-0.01,16576.0,22387.0,16267.0,0.0,0.0,70.0
1742508498.0252213,-0.02,0.01,-0.1,16527.0,23166.0,8112.0,0.0,-0.0,-0.01,16530.0,23208.0,-78.0,0.0,0.0,55.0
1742508498.0335457,-0.02,0.01,-0.1,16480.0,23986.0,-8232.0,0.0,-0.0,-0.01,16483.0,24028.0,-16422.0,108.0,113.0,77.0
1742508498.0459511,-0.02,0.01,-0.1,16433.0,24805.0,-24576.0,0.0,-0.0,-0.01,16437.0,24847.0,-32766.0,0.0,0.0,3.0
1742508498.0578582,-0.02,0.01,-0.09,16386.0,25623.0,24616.0,0.0,-0.0,-0.01,16389.0,25665.0,16425.0,9.0,40.0,0.0
1742508498.0700064,-0.02,0.01,-0.09,16338.0,26440.0,8270.0,0.0,-0.0,-0.01,16341.0,26482.0,79.0,52.0,23.0,32.0
1742508498.0785139,-0.02,0.01,-0.09,16289.0,27256.0,-8075.0,0.0,-0.0,-0.01,16292.0,27298.0,-16265.0,0.0,0.0,0.0
1742508498.0950134,-0.02,0.01,-0.09,16239.0,28071.0,-24419.0,0.0,-0.0,-0.01,16242.0,28113.0,-32609.0,22.0,11.0,53.0
1742508498.1030135,-0.02,0.01,-0.09,16189.0,28885.0,24773.0,0.0,-0.0,-0.01,16192.0,28927.0,16582.0,0.0,0.0,0.0
1742508498.1150134,-0.02,0.01,-0.09,16138.0,29698.0,8427.0,0.0,-0.0,-0.01,16141.0,29740.0,236.0,99.0,43.0,69.0
1742508498.1235137,-0.02,0.01,-0.09,16087.0,30510.0,-7918.0,0.0,-0.0,-0.01,16090.0,30552.0,-16108.0,54.0,20.0,71.0
1742508498.1356494,-0.02,0.01,-0.09,16035.0,31321.0,-24263.0,0.0,-0.0,-0.01,16038.0,31363.0,-32453.0,125.0,57.0,57.0
1742508498.1481495,-0.02,0.01,-0.09,15982.0,32132.0,24928.0,0.0,-0.0,-0.01,15985.0,32174.0,16737.0,117.0,150.0,127.0
1742508498.16015,-0.02,0.01,-0.09,15929.0,-32594.0,8581.0,0.0,-0.0,-0.01,15933.0,-32551.0,390.0,4.0,44.0,60.0
1742508498.1686502,-0.02,0.01,-0.09,15876.0,-31783.0,-7765.0,0.0,-0.0,-0.01,15880.0,-31740.0,-15955.0,0.0,0.0,0.0
1742508498.184654,-0.02,0.01,-0.09,15822.0,-30973.0,-24110.0,0.0,-0.0,-0.01,15826.0,-30930.0,-32300.0,124.0,160.0,129.0
1742508498.193155,-0.02,0.01,-0.09,15768.0,-30164.0,25081.0,0.0,-0.0,-0.01,15772.0,-30121.0,16890.0,17.0,0.0,16.0
1742508498.2051768,-0.02,0.01,-0.09,15713.0,-29355.0,8734.0,0.0,-0.0,-0.01,15717.0,-29312.0,543.0,0.0,0.0,0.0
1742508498.2136545,-0.02,0.01,-0.09,15658.0,-28547.0,-7612.0,0.0,-0.0,-0.01,15662.0,-28504.0,-15802.0,157.0,191.0,132.0
1742508498.226025,-0.02,0.01,-0.09,15602.0,-27740.0,-23957.0,0.0,-0.0,-0.01,15606.0,-27697.0,-32147.0,37.0,106.0,45.0
1742508498.238529,-0.02,0.01,-0.09,15546.0,-26934.0,25234.0,0.0,-0.0,-0.01,15550.0,-26891.0,17043.0,0.0,0.0,4.0
1742508498.250155,-0.02,0.01,-0.09,15489.0,-26128.0,8887.0,0.0,-0.0,-0.01,15493.0,-26085.0,696.0,110.0,158.0,88.0
1742508498.2626646,-0.02,0.01,-0.09,15431.0,-25324.0,-7459.0,0.0,-0.0,-0.01,15435.0,-25280.0,-15649.0,12.0,13.0,47.0
1742508498.2751708,-0.02,0.01,-0.09,15372.0,-24519.0,-23804.0,0.0,-0.0,-0.01,15376.0,-24475.0,-31994.0,10.0,3.0,76.0
1742508498.2836695,-0.02,0.01,-0.09,15313.0,-23715.0,25386.0,0.0,-0.0,-0.01,15317.0,-23671.0,17195.0,130.0,136.0,76.0
1742508498.2951713,-0.02,0.01,-0.09,15253.0,-22911.0,9038.0,0.0,-0.0,-0.01,15257.0,-22867.0,847.0,16.0,28.0,0.0
1742508498.3076851,-0.02,0.01,-0.09,15193.0,-22107.0,-7309.0,0.0,-0.0,-0.01,15197.0,-22063.0,-15499.0,51.0,17.0,9.0
1742508498.32017,-0.02,0.01,-0.09,15132.0,-21304.0,-23655.0,0.0,-0.0,-0.01,15136.0,-21260.0,-31845.0,62.0,72.0,53.0
1742508498.3288121,-0.02,0.01,-0.09,15071.0,-20501.0,25535.0,0.0,-0.0,-0.01,15075.0,-20457.0,17344.0,0.0,11.0,47.0
1742508498.34464,-0.02,0.01,-0.09,15009.0,-19700.0,9187.0,0.0,-0.0,-0.01,15013.0,-19656.0,996.0,36.0,56.0,12.0
1742508498.3531387,-0.02,0.01,-0.09,14946.0,-18899.0,-7160.0,0.0,-0.0,-0.01,14950.0,-18855.0,-15350.0,0.0,0.0,0.0
1742508498.3652291,-0.02,0.01,-0.09,14883.0,-18099.0,-23506.0,0.0,-0.0,-0.01,14888.0,-18055.0,-31696.0,49.0,53.0,72.0
1742508498.3738766,-0.02,0.01,-0.09,14820.0,-17300.0,25684.0,0.0,-0.0,-0.01,14825.0,-17256.0,17493.0,47.0,71.0,17.0
1742508498.3858602,-0.02,0.01,-0.09,14757.0,-16501.0,9336.0,0.0,-0.0,-0.01,14762.0,-16457.0,1145.0,65.0,39.0,45.0
1742508498.3979974,-0.02,0.01,-0.09,14693.0,-15703.0,-7011.0,0.0,-0.0,-0.01,14698.0,-15659.0,-15201.0,150.0,80.0,125.0
1742508498.4102728,-0.02,0.01,-0.09,14628.0,-14905.0,-23357.0,0.0,-0.0,-0.01,14633.0,-14861.0,-31547.0,18.0,0.0,0.0
1742508498.422771,-0.02,0.01,-0.09,14563.0,-14108.0,25833.0,0.0,-0.0,-0.01,14568.0,-14064.0,17642.0,9.0,20.0,4.0
1742508498.4345703,-0.02,0.01,-0.09,14497.0,-13312.0,9485.0,0.0,-0.0,-0.01,14502.0,-13268.0,1294.0,120.0,44.0,126.0
1742508498.443176,-0.02,0.01,-0.09,14431.0,-12516.0,-6862.0,0.0,-0.0,-0.01,14436.0,-12472.0,-15052.0,3.0,0.0,0.0
1742508498.4551773,-0.02,0.01,-0.09,14364.0,-11721.0,-23208.0,0.0,-0.0,-0.01,14369.0,-11677.0,-31398.0,0.0,0.0,0.0
1742508498.4671957,-0.02,0.01,-0.09,14296.0,-10926.0,25982.0,0.0,-0.0,-0.01,14301.0,-10882.0,17791.0,102.0,72.0,141.0
1742508498.479698,-0.02,0.01,-0.09,14227.0,-10132.0,9634.0,0.0,-0.0,-0.01,14232.0,-10088.0,1443.0,4.0,0.0,0.0
1742508498.4881864,-0.02,0.01,-0.09,14157.0,-9338.0,-6713.0,0.0,-0.0,-0.01,14162.0,-9294.0,-14903.0,0.0,0.0,55.0
1742508498.5003026,-0.02,0.01,-0.09,14087.0,-8545.0,-23059.0,0.0,-0.0,-0.01,14093.0,-8501.0,-31249.0,96.0,42.0,112.0
1742508498.5125144,-0.02,0.01,-0.09,14017.0,-7753.0,26131.0,0.0,-0.0,-0.01,14023.0,-7709.0,17940.0,0.0,22.0,0.0
1742508498.5245306,-0.02,0.01,-0.09,13947.0,-6961.0,9783.0,0.0,-0.0,-0.01,13953.0,-6917.0,1592.0,47.0,0.0,28.0
1742508498.5332408,-0.02,0.01,-0.09,13876.0,-6170.0,-6564.0,0.0,-0.0,-0.01,13882.0,-6126.0,-14754.0,81.0,93.0,107.0
1742508498.5452409,-0.02,0.01,-0.09,13805.0,-5379.0,-22910.0,0.0,-0.0,-0.01,13811.0,-5335.0,-31100.0,63.0,18.0,0.0
1742508498.5537422,-0.02,0.01,-0.09,13734.0,-4589.0,26279.0,0.0,-0.0,-0.01,13740.0,-4545.0,18088.0,0.0,40.0,0.0
1742508498.5657735,-0.02,0.01,-0.09,13662.0,-3799.0,9930.0,0.0,-0.0,-0.01,13668.0,-3755.0,1739.0,163.0,67.0,135.0
1742508498.578036,-0.02,0.01,-0.09,13590.0,-3010.0,-6418.0,0.0,-0.0,-0.01,13596.0,-2966.0,-14608.0,26.0,25.0,0.0
1742508498.5902092,-0.02,0.01,-0.09,13518.0,-2221.0,-22765.0,0.0,-0.0,-0.01,13524.0,-2177.0,-30955.0,52.0,28.0,0.0
1742508498.602709,-0.02,0.01,-0.09,13445.0,-1433.0,26424.0,0.0,-0.0,-0.01,13451.0,-1389.0,18233.0,0.0,29.0,34.0
1742508498.6110327,-0.02,0.01,-0.09,13372.0,-646.0,10075.0,0.0,-0.0,-0.01,13378.0,-602.0,1884.0,6.0,13.0,16.0
1742508498.6230583,-0.02,0.01,-0.09,13299.0,140.0,-6273.0,0.0,-0.0,-0.01,13305.0,183.0,-14463.0,46.0,16.0,41.0
1742508498.6353421,-0.02,0.01,-0.09,13225.0,924.0,-22620.0,0.0,-0.0,-0.01,13231.0,968.0,-30810.0,146.0,75.0,136.0
1742508498.6438193,-0.02,0.01,-0.09,13151.0,1709.0,26569.0,0.0,-0.0,-0.01,13157.0,1753.0,18378.0,0.0,0.0,19.0
1742508498.6558251,-0.02,0.01,-0.09,13077.0,2493.0,10220.0,0.0,-0.0,-0.01,13083.0,2537.0,2029.0,0.0,0.0,0.0
1742508498.6643274,-0.02,0.01,-0.09,13003.0,3277.0,-6128.0,0.0,-0.0,-0.01,13009.0,3320.0,-14318.0,124.0,179.0,124.0
1742508498.6803901,-0.02,0.01,-0.09,12927.0,4059.0,-22475.0,0.0,-0.0,-0.01,12933.0,4102.0,-30665.0,0.0,0.0,0.0
1742508498.6888883,-0.02,0.01,-0.09,12851.0,4841.0,26714.0,0.0,-0.0,-0.01,12858.0,4884.0,18523.0,62.0,40.0,14.0
1742508498.7010527,-0.02,0.01,-0.09,12776.0,5622.0,10365.0,0.0,-0.0,-0.01,12783.0,5665.0,2174.0,49.0,7.0,59.0
1742508498.7136161,-0.02,0.01,-0.09,12700.0,6402.0,-5983.0,0.0,-0.0,-0.01,12707.0,6445.0,-14173.0,0.0,0.0,0.0
1742508498.721618,-0.02,0.01,-0.09,12624.0,7182.0,-22331.0,0.0,-0.0,-0.01,12631.0,7225.0,-30521.0,0.0,0.0,26.0
1742508498.7336085,-0.02,0.01,-0.09,12548.0,7962.0,26857.0,0.0,-0.0,-0.01,12555.0,8005.0,18666.0,173.0,59.0,117.0
1742508498.7465038,-0.02,0.01,-0.09,12471.0,8741.0,10507.0,0.0,-0.0,-0.01,12478.0,8784.0,2316.0,0.0,0.0,14.0
1742508498.7545059,-0.02,0.01,-0.09,12394.0,9520.0,-5842.0,0.0,-0.0,-0.01,12401.0,9563.0,-14032.0,21.0,44.0,0.0
1742508498.7665062,-0.02,0.01,-0.09,12317.0,10298.0,-22190.0,0.0,-0.0,-0.01,12324.0,10341.0,-30380.0,103.0,190.0,144.0
1742508498.7790527,-0.02,0.01,-0.09,12239.0,11076.0,26998.0,0.0,-0.0,-0.01,12246.0,11119.0,18807.0,0.0,0.0,0.0
1742508498.7911942,-0.02,0.01,-0.09,12161.0,11853.0,10648.0,0.0,-0.0,-0.01,12168.0,11896.0,2457.0,30.0,9.0,48.0
1742508498.8032777,-0.02,0.01,-0.09,12083.0,12629.0,-5701.0,0.0,-0.0,-0.01,12090.0,12672.0,-13891.0,42.0,0.0,19.0
1742508498.8121636,-0.02,0.01,-0.09,12005.0,13405.0,-22049.0,0.0,-0.0,-0.01,12012.0,13448.0,-30239.0,16.0,57.0,15.0
1742508498.824288,-0.02,0.01,-0.09,11926.0,14181.0,27139.0,0.0,-0.0,-0.01,11933.0,14224.0,18948.0,0.0,27.0,10.0
1742508498.8361092,-0.02,0.01,-0.09,11847.0,14956.0,10789.0,0.0,-0.0,-0.01,11854.0,14999.0,2598.0,110.0,100.0,88.0
1742508498.8446095,-0.02,0.01,-0.09,11768.0,15731.0,-5560.0,0.0,-0.0,-0.01,11775.0,15774.0,-13750.0,0.0,0.0,14.0
1742508498.8571367,-0.02,0.01,-0.09,11689.0,16505.0,-21908.0,0.0,-0.0,-0.01,11696.0,16548.0,-30098.0,31.0,46.0,15.0
1742508498.8689723,-0.02,0.01,-0.09,11610.0,17279.0,27280.0,0.0,-0.0,-0.01,11617.0,17322.0,19089.0,54.0,0.0,30.0
1742508498.881435,-0.02,0.01,-0.09,11530.0,18052.0,10930.0,0.0,-0.0,-0.01,11537.0,18095.0,2739.0,103.0,131.0,104.0
1742508498.8939342,-0.02,0.01,-0.09,11450.0,18824.0,-5419.0,0.0,-0.0,-0.01,11457.0,18867.0,-13609.0,76.0,62.0,29.0
1742508498.9019344,-0.02,0.01,-0.09,11370.0,19596.0,-21767.0,0.0,-0.0,-0.01,11377.0,19639.0,-29957.0,0.0,32.0,0.0
1742508498.9140034,-0.02,0.01,-0.09,11290.0,20367.0,27421.0,0.0,-0.0,-0.01,11297.0,20410.0,19230.0,127.0,41.0,123.0
1742508498.9260206,-0.02,0.01,-0.09,11209.0,21138.0,11071.0,0.0,-0.0,-0.01,11216.0,21181.0,2880.0,29.0,13.0,0.0
1742508498.9386199,-0.02,0.01,-0.09,11128.0,21909.0,-5278.0,0.0,-0.0,-0.01,11135.0,21952.0,-13468.0,15.0,36.0,0.0
1742508498.9505773,-0.02,0.01,-0.09,11047.0,22679.0,-21626.0,0.0,-0.0,-0.01,11054.0,22722.0,-29816.0,72.0,120.0,134.0
1742508498.9630635,-0.02,0.01,-0.09,10965.0,23449.0,27562.0,0.0,-0.0,-0.01,10972.0,23492.0,19371.0,0.0,0.0,0.0
1742508498.971475,-0.02,0.01,-0.09,10883.0,24218.0,11212.0,0.0,-0.0,-0.01,10890.0,24261.0,3021.0,44.0,13.0,32.0
1742508498.983665,-0.02,0.01,-0.09,10801.0,24987.0,-5137.0,0.0,-0.0,-0.01,10808.0,25030.0,-13327.0,161.0,82.0,129.0
1742508498.9957864,-0.02,0.01,-0.09,10719.0,25756.0,-21485.0,0.0,-0.0,-0.01,10726.0,25799.0,-29675.0,0.0,0.0,0.0
1742508499.004277,-0.02,0.01,-0.09,10636.0,26524.0,27703.0,0.0,-0.0,-0.01,10643.0,26568.0,19512.0,15.0,0.0,0.0
1742508499.0161963,-0.02,0.01,-0.09,10553.0,27293.0,11353.0,0.0,-0.0,-0.01,10560.0,27337.0,3162.0,162.0,75.0,146.0
1742508499.0283792,-0.02,0.01,-0.09,10470.0,28062.0,-4996.0,0.0,-0.0,-0.01,10477.0,28105.0,-13186.0,0.0,0.0,0.0
1742508499.0408628,-0.02,0.01,-0.09,10386.0,28829.0,-21344.0,0.0,-0.0,-0.01,10393.0,28872.0,-29534.0,70.0,43.0,57.0
1742508499.0533626,-0.02,0.01,-0.09,10302.0,29596.0,27844.0,0.0,-0.0,-0.01,10309.0,29639.0,19653.0,60.0,79.0,11.0
1742508499.0613875,-0.02,0.01,-0.09,10218.0,30362.0,11494.0,0.0,-0.0,-0.01,10226.0,30405.0,3303.0,0.0,0.0,42.0
1742508499.0739374,-0.02,0.01,-0.09,10134.0,31128.0,-4855.0,0.0,-0.0,-0.01,10142.0,31171.0,-13045.0,18.0,31.0,24.0
1742508499.0859895,-0.02,0.01,-0.09,10050.0,31894.0,-21203.0,0.0,-0.0,-0.01,10058.0,31937.0,-29393.0,135.0,156.0,104.0
1742508499.0944877,-0.02,0.01,-0.09,9966.0,32659.0,27985.0,0.0,-0.0,-0.01,9973.0,32702.0,19794.0,0.0,0.0,0.0
1742508499.1064892,-0.02,0.01,-0.09,9881.0,-32112.0,11635.0,0.0,-0.0,-0.01,9888.0,-32068.0,3444.0,58.0,0.0,37.0
1742508499.118717,-0.02,0.01,-0.09,9795.0,-31345.0,-4714.0,0.0,-0.0,-0.01,9802.0,-31301.0,-12904.0,107.0,81.0,60.0
1742508499.1310458,-0.02,0.01,-0.09,9709.0,-30578.0,-21062.0,0.0,-0.0,-0.01,9717.0,-30533.0,-29252.0,146.0,133.0,119.0
1742508499.143445,-0.02,0.01,-0.09,9624.0,-29811.0,28126.0,0.0,-0.0,-0.01,9632.0,-29766.0,19935.0,23.0,52.0,23.0
1742508499.151957,-0.02,0.01,-0.09,9539.0,-29044.0,11776.0,0.0,-0.0,-0.01,9546.0,-28999.0,3585.0,31.0,2.0,0.0
1742508499.1637032,-0.02,0.01,-0.09,9452.0,-28277.0,-4573.0,0.0,-0.0,-0.01,9459.0,-28232.0,-12763.0,36.0,8.0,94.0
1742508499.1758897,-0.02,0.01,-0.09,9365.0,-27510.0,-20921.0,0.0,-0.0,-0.01,9373.0,-27465.0,-29111.0,0.0,7.0,73.0
1742508499.1843917,-0.02,0.01,-0.09,9278.0,-26743.0,28267.0,0.0,-0.0,-0.01,9285.0,-26698.0,20076.0,93.0,84.0,88.0
1742508499.1968899,-0.02,0.01,-0.09,9190.0,-25977.0,11916.0,0.0,-0.0,-0.01,9197.0,-25932.0,3725.0,88.0,105.0,99.0
1742508499.2087166,-0.02,0.01,-0.09,9101.0,-25211.0,-4434.0,0.0,-0.0,-0.01,9108.0,-25166.0,-12624.0,62.0,57.0,50.0
1742508499.2212183,-0.02,0.01,-0.09,9012.0,-24445.0,-20783.0,0.0,-0.0,-0.01,9019.0,-24400.0,-28973.0,0.0,0.0,0.0
1742508499.2334993,-0.02,0.01,-0.09,8923.0,-23679.0,28404.0,0.0,-0.0,-0.01,8930.0,-23634.0,20213.0,162.0,116.0,92.0
1742508499.2419991,-0.02,0.01,-0.09,8833.0,-22914.0,12053.0,0.0,-0.0,-0.01,8840.0,-22869.0,3862.0,79.0,15.0,102.0
1742508499.253695,-0.02,0.01,-0.09,8743.0,-22149.0,-4297.0,0.0,-0.0,-0.01,8750.0,-22104.0,-12487.0,0.0,28.0,0.0
1742508499.2622046,-0.02,0.01,-0.09,8652.0,-21384.0,-20646.0,0.0,-0.0,-0.01,8659.0,-21339.0,-28836.0,66.0,82.0,91.0
1742508499.2742395,-0.02,0.01,-0.09,8561.0,-20619.0,28541.0,0.0,-0.0,-0.01,8568.0,-20574.0,20350.0,35.0,48.0,76.0
1742508499.2867398,-0.02,0.01,-0.09,8469.0,-19855.0,12190.0,0.0,-0.0,-0.01,8476.0,-19810.0,3999.0,0.0,0.0,0.0
1742508499.2992423,-0.02,0.01,-0.09,8377.0,-19091.0,-4160.0,0.0,-0.0,-0.01,8384.0,-19046.0,-12350.0,111.0,71.0,136.0
1742508499.3112402,-0.02,0.01,-0.09,8284.0,-18328.0,-20509.0,0.0,-0.0,-0.01,8291.0,-18284.0,-28699.0,37.0,15.0,20.0
1742508499.3232393,-0.02,0.01,-0.09,8190.0,-17566.0,28678.0,0.0,-0.0,-0.01,8197.0,-17522.0,20487.0,0.0,0.0,0.0
1742508499.3322475,-0.02,0.01,-0.09,8095.0,-16804.0,12327.0,0.0,-0.0,-0.01,8102.0,-16760.0,4136.0,139.0,166.0,155.0
1742508499.3437486,-0.02,0.01,-0.09,8000.0,-16042.0,-4023.0,0.0,-0.0,-0.01,8007.0,-15998.0,-12213.0,76.0,82.0,25.0
1742508499.352247,-0.02,0.01,-0.09,7904.0,-15280.0,-20372.0,0.0,-0.0,-0.01,7911.0,-15236.0,-28562.0,0.0,0.0,11.0
1742508499.3642492,-0.02,0.01,-0.09,7807.0,-14518.0,28815.0,0.0,-0.0,-0.01,7814.0,-14474.0,20624.0,110.0,40.0,146.0
1742508499.3768644,-0.02,0.01,-0.09,7709.0,-13757.0,12464.0,0.0,-0.0,-0.01,7716.0,-13712.0,4273.0,96.0,72.0,0.0
1742508499.3888638,-0.02,0.01,-0.09,7611.0,-12995.0,-3886.0,0.0,-0.0,-0.01,7618.0,-12950.0,-12076.0,0.0,0.0,0.0
1742508499.4013793,-0.02,0.01,-0.09,7513.0,-12233.0,-20235.0,0.0,-0.0,-0.01,7520.0,-12188.0,-28425.0,132.0,85.0,78.0
1742508499.4098644,-0.02,0.01,-0.09,7415.0,-11472.0,28952.0,0.0,-0.0,-0.01,7422.0,-11427.0,20761.0,2.0,0.0,0.0
1742508499.4218645,-0.02,0.01,-0.09,7317.0,-10711.0,12601.0,0.0,-0.0,-0.01,7325.0,-10667.0,4410.0,0.0,0.0,2.0
1742508499.4338665,-0.02,0.01,-0.09,7219.0,-9951.0,-3749.0,0.0,-0.0,-0.01,7226.0,-9907.0,-11939.0,133.0,107.0,167.0
1742508499.442364,-0.02,0.01,-0.09,7120.0,-9191.0,-20098.0,0.0,-0.0,-0.01,7127.0,-9147.0,-28288.0,17.0,0.0,36.0
1742508499.4548736,-0.02,0.01,-0.09,7021.0,-8432.0,29089.0,0.0,-0.0,-0.01,7028.0,-8388.0,20898.0,0.0,7.0,0.0
1742508499.463368,-0.02,0.01,-0.09,6922.0,-7673.0,12738.0,0.0,-0.0,-0.01,6929.0,-7629.0,4547.0,75.0,69.0,134.0
1742508499.475088,-0.02,0.01,-0.09,6823.0,-6914.0,-3612.0,0.0,-0.0,-0.01,6831.0,-6870.0,-11802.0,82.0,34.0,25.0
1742508499.4876196,-0.02,0.01,-0.09,6725.0,-6155.0,-19961.0,0.0,-0.0,-0.01,6733.0,-6111.0,-28151.0,0.0,12.0,0.0
1742508499.4992523,-0.02,0.01,-0.09,6627.0,-5396.0,29226.0,0.0,-0.0,-0.01,6635.0,-5351.0,21035.0,104.0,126.0,100.0
1742508499.5117383,-0.02,0.01,-0.09,6529.0,-4637.0,12875.0,0.0,-0.0,-0.01,6537.0,-4592.0,4684.0,0.0,15.0,0.0
1742508499.5198479,-0.02,0.01,-0.09,6430.0,-3878.0,-3475.0,0.0,-0.0,-0.01,6438.0,-3833.0,-11665.0,0.0,0.0,0.0
1742508499.5326488,-0.02,0.01,-0.09,6332.0,-3119.0,-19824.0,0.0,-0.0,-0.01,6340.0,-3074.0,-28014.0,144.0,163.0,126.0
1742508499.5406487,-0.02,0.01,-0.09,6233.0,-2360.0,29363.0,0.0,-0.0,-0.01,6241.0,-2315.0,21172.0,5.0,61.0,51.0
1742508499.5529044,-0.02,0.01,-0.09,6134.0,-1602.0,13012.0,0.0,-0.0,-0.01,6142.0,-1557.0,4821.0,0.0,11.0,0.0
1742508499.5649242,-0.02,0.01,-0.09,6035.0,-844.0,-3338.0,0.0,-0.0,-0.01,6043.0,-799.0,-11528.0,7.0,8.0,122.0
1742508499.5734103,-0.02,0.01,-0.09,5936.0,-86.0,-19687.0,0.0,-0.0,-0.01,5944.0,-41.0,-27877.0,0.0,32.0,50.0
1742508499.5854957,-0.02,0.01,-0.09,5837.0,671.0,29500.0,0.0,-0.0,-0.01,5845.0,715.0,21309.0,73.0,54.0,96.0
1742508499.5941525,-0.02,0.01,-0.09,5738.0,1427.0,13148.0,0.0,-0.0,-0.01,5746.0,1471.0,4957.0,0.0,0.0,0.0
1742508499.6066508,-0.02,0.01,-0.09,5639.0,2183.0,-3203.0,0.0,-0.0,-0.01,5647.0,2227.0,-11393.0,0.0,0.0,47.0
1742508499.6186624,-0.02,0.01,-0.09,5540.0,2938.0,-19553.0,0.0,-0.0,-0.01,5548.0,2982.0,-27743.0,0.0,0.0,0.0
1742508499.6306603,-0.02,0.01,-0.09,5441.0,3693.0,29633.0,0.0,-0.0,-0.01,5449.0,3737.0,21442.0,55.0,108.0,77.0
1742508499.6430087,-0.02,0.01,-0.09,5342.0,4448.0,13281.0,0.0,-0.0,-0.01,5350.0,4492.0,5090.0,60.0,72.0,19.0
1742508499.6514854,-0.02,0.01,-0.09,5243.0,5203.0,-3070.0,0.0,-0.0,-0.01,5251.0,5247.0,-11260.0,85.0,24.0,86.0
1742508499.6635616,-0.02,0.01,-0.09,5144.0,5957.0,-19420.0,0.0,-0.0,-0.01,5152.0,6001.0,-27610.0,4.0,14.0,0.0
1742508499.6716828,-0.02,0.01,-0.09,5045.0,6711.0,29766.0,0.0,-0.0,-0.01,5053.0,6755.0,21575.0,3.0,9.0,7.0
1742508499.6839786,-0.02,0.01,-0.09,4946.0,7465.0,13414.0,0.0,-0.0,-0.01,4954.0,7509.0,5223.0,100.0,122.0,129.0
1742508499.692478,-0.02,0.01,-0.09,4847.0,8219.0,-2937.0,0.0,-0.0,-0.01,4855.0,8263.0,-11127.0,39.0,53.0,0.0
1742508499.704627,-0.02,0.01,-0.09,4748.0,8973.0,-19287.0,0.0,-0.0,-0.01,4756.0,9017.0,-27477.0,19.0,0.0,0.0
1742508499.7164872,-0.02,0.01,-0.09,4649.0,9727.0,29899.0,0.0,-0.0,-0.01,4657.0,9771.0,21708.0,178.0,134.0,166.0
1742508499.7292938,-0.02,0.01,-0.09,4549.0,10480.0,13547.0,0.0,-0.0,-0.01,4557.0,10524.0,5356.0,41.0,53.0,81.0
1742508499.7419727,-0.02,0.01,-0.09,4449.0,11233.0,-2804.0,0.0,-0.0,-0.01,4457.0,11277.0,-10994.0,59.0,0.0,15.0
1742508499.7540252,-0.02,0.01,-0.09,4349.0,11986.0,-19154.0,0.0,-0.0,-0.01,4357.0,12030.0,-27344.0,89.0,103.0,71.0
1742508499.7620308,-0.02,0.01,-0.09,4250.0,12739.0,30032.0,0.0,-0.0,-0.01,4258.0,12783.0,21841.0,7.0,2.0,0.0
1742508499.774076,-0.02,0.01,-0.09,4151.0,13492.0,13680.0,0.0,-0.0,-0.01,4159.0,13536.0,5489.0,0.0,0.0,63.0
1742508499.7820756,-0.02,0.01,-0.09,4051.0,14244.0,-2671.0,0.0,-0.0,-0.01,4059.0,14288.0,-10861.0,171.0,102.0,168.0
1742508499.7945762,-0.02,0.01,-0.09,3951.0,14996.0,-19021.0,0.0,-0.0,-0.01,3959.0,15040.0,-27211.0,54.0,34.0,0.0
1742508499.8030753,-0.02,0.01,-0.09,3851.0,15748.0,30165.0,0.0,-0.0,-0.01,3859.0,15792.0,21974.0,0.0,0.0,0.0
1742508499.8187394,-0.02,0.01,-0.09,3751.0,16500.0,13813.0,0.0,-0.0,-0.01,3759.0,16544.0,5622.0,86.0,109.0,152.0
1742508499.8319771,-0.02,0.01,-0.09,3651.0,17251.0,-2538.0,0.0,-0.0,-0.01,3659.0,17295.0,-10728.0,33.0,45.0,115.0
1742508499.8399744,-0.02,0.01,-0.09,3551.0,18002.0,-18888.0,0.0,-0.0,-0.01,3559.0,18046.0,-27078.0,44.0,12.0,9.0
1742508499.851975,-0.02,0.01,-0.09,3451.0,18753.0,30298.0,0.0,-0.0,-0.01,3459.0,18797.0,22107.0,83.0,104.0,48.0
1742508499.8641832,-0.02,0.01,-0.09,3351.0,19504.0,13946.0,0.0,-0.0,-0.01,3359.0,19548.0,5755.0,1.0,0.0,0.0
1742508499.8721764,-0.02,0.01,-0.09,3251.0,20255.0,-2405.0,0.0,-0.0,-0.01,3259.0,20299.0,-10595.0,0.0,15.0,0.0
1742508499.8843281,-0.02,0.01,-0.09,3151.0,21006.0,-18755.0,0.0,-0.0,-0.01,3159.0,21050.0,-26945.0,122.0,127.0,161.0
1742508499.8930871,-0.02,0.01,-0.09,3051.0,21756.0,30431.0,0.0,-0.0,-0.01,3059.0,21800.0,22240.0,0.0,0.0,20.0
1742508499.9056664,-0.02,0.01,-0.09,2951.0,22506.0,14079.0,0.0,-0.0,-0.01,2959.0,22550.0,5888.0,19.0,0.0,8.0
1742508499.9216635,-0.02,0.01,-0.09,2851.0,23256.0,-2272.0,0.0,-0.0,-0.01,2859.0,23300.0,-10462.0,0.0,0.0,0.0
1742508499.9296565,-0.02,0.01,-0.09,2751.0,24006.0,-18622.0,0.0,-0.0,-0.01,2759.0,24050.0,-26812.0,10.0,17.0,65.0
1742508499.9417808,-0.02,0.01,-0.09,2651.0,24756.0,30564.0,0.0,-0.0,-0.01,2659.0,24800.0,22373.0,3.0,0.0,48.0
1742508499.9504461,-0.02,0.01,-0.09,2551.0,25506.0,14212.0,0.0,-0.0,-0.01,2559.0,25550.0,6021.0,44.0,104.0,96.0
1742508499.9626896,-0.02,0.01,-0.09,2451.0,26256.0,-2139.0,0.0,-0.0,-0.01,2459.0,26300.0,-10329.0,0.0,20.0,0.0
1742508499.9706895,-0.02,0.01,-0.09,2351.0,27006.0,-18489.0,0.0,-0.0,-0.01,2359.0,27050.0,-26679.0,1.0,0.0,0.0
1742508499.9831977,-0.02,0.01,-0.09,2251.0,27756.0,30697.0,0.0,-0.0,-0.01,2259.0,27800.0,22506.0,114.0,155.0,138.0
1742508499.9951975,-0.02,0.01,-0.09,2151.0,28505.0,14345.0,0.0,-0.0,-0.01,2159.0,28549.0,6154.0,31.0,18.0,19.0
1742508500.0072124,-0.02,0.01,-0.09,2051.0,29254.0,-2006.0,0.0,-0.0,-0.01,2059.0,29298.0,-10196.0,37.0,42.0,0.0
1742508500.020219,-0.02,0.01,-0.09,1951.0,30003.0,-18356.0,0.0,-0.0,-0.01,1959.0,30048.0,-26546.0,21.0,19.0,0.0
1742508500.0322192,-0.02,0.01,-0.09,1851.0,30753.0,30830.0,0.0,-0.0,-0.01,1859.0,30798.0,22639.0,26.0,40.0,136.0
1742508500.0402193,-0.02,0.01,-0.09,1750.0,31503.0,14478.0,0.0,-0.0,-0.01,1758.0,31548.0,6287.0,19.0,0.0,34.0
1742508500.0527194,-0.02,0.01,-0.09,1649.0,32253.0,-1873.0,0.0,-0.0,-0.01,1657.0,32298.0,-10063.0,123.0,0.0,83.0
1742508500.0612218,-0.02,0.01,-0.09,1548.0,-32533.0,-18223.0,0.0,-0.0,-0.01,1556.0,-32487.0,-26413.0,0.0,23.0,13.0
1742508500.073243,-0.02,0.01,-0.09,1447.0,-31782.0,30963.0,0.0,-0.0,-0.01,1455.0,-31736.0,22772.0,0.0,0.0,0.0
1742508500.0854747,-0.02,0.01,-0.09,1346.0,-31031.0,14611.0,0.0,-0.0,-0.01,1354.0,-30985.0,6420.0,62.0,86.0,89.0
1742508500.093522,-0.02,0.01,-0.09,1245.0,-30280.0,-1740.0,0.0,-0.0,-0.01,1253.0,-30234.0,-9930.0,59.0,12.0,0.0
1742508500.1062517,-0.02,0.01,-0.09,1144.0,-29529.0,-18090.0,0.0,-0.0,-0.01,1152.0,-29483.0,-26280.0,2.0,0.0,40.0
1742508500.118553,-0.02,0.01,-0.09,1043.0,-28778.0,31096.0,0.0,-0.0,-0.01,1051.0,-28732.0,22905.0,0.0,0.0,20.0
1742508500.130827,-0.02,0.01,-0.09,942.0,-28027.0,14744.0,0.0,-0.0,-0.01,950.0,-27981.0,6553.0,103.0,69.0,106.0
1742508500.143083,-0.02,0.01,-0.09,841.0,-27276.0,-1607.0,0.0,-0.0,-0.01,849.0,-27230.0,-9797.0,59.0,41.0,0.0
1742508500.1511931,-0.02,0.01,-0.09,740.0,-26525.0,-17957.0,0.0,-0.0,-0.01,748.0,-26479.0,-26147.0,73.0,0.0,110.0
1742508500.1630285,-0.02,0.01,-0.09,639.0,-25775.0,31229.0,0.0,-0.0,-0.01,647.0,-25729.0,23038.0,0.0,0.0,0.0
1742508500.1716163,-0.02,0.01,-0.09,538.0,-25025.0,14877.0,0.0,-0.0,-0.01,546.0,-24979.0,6686.0,0.0,0.0,0.0
1742508500.1836257,-0.02,0.01,-0.09,437.0,-24275.0,-1474.0,0.0,-0.0,-0.01,445.0,-24229.0,-9664.0,95.0,50.0,101.0
1742508500.1919236,-0.02,0.01,-0.09,336.0,-23525.0,-17824.0,0.0,-0.0,-0.01,344.0,-23479.0,-26014.0,0.0,20.0,41.0
1742508500.2039235,-0.02,0.01,-0.09,235.0,-22775.0,31362.0,0.0,-0.0,-0.01,243.0,-22729.0,23171.0,0.0,0.0,0.0
1742508500.2164237,-0.02,0.01,-0.09,134.0,-22025.0,15010.0,0.0,-0.0,-0.01,142.0,-21979.0,6819.0,152.0,149.0,160.0
1742508500.2289238,-0.02,0.01,-0.09,33.0,-21275.0,-1341.0,0.0,-0.0,-0.01,41.0,-21229.0,-9531.0,68.0,111.0,74.0
1742508500.2407973,-0.02,0.01,-0.09,-67.0,-20526.0,-17691.0,0.0,-0.0,-0.01,-58.0,-20480.0,-25881.0,0.0,0.0,75.0
1742508500.2492754,-0.02,0.01,-0.09,-167.0,-19777.0,31495.0,0.0,-0.0,-0.01,-158.0,-19731.0,23304.0,93.0,31.0,107.0
1742508500.2614613,-0.02,0.01,-0.09,-267.0,-19028.0,15143.0,0.0,-0.0,-0.01,-258.0,-18982.0,6952.0,0.0,0.0,0.0
1742508500.2735286,-0.02,0.01,-0.09,-367.0,-18279.0,-1208.0,0.0,-0.0,-0.01,-358.0,-18233.0,-9398.0,8.0,42.0,0.0
1742508500.2820134,-0.02,0.01,-0.09,-467.0,-17530.0,-17558.0,0.0,-0.0,-0.01,-458.0,-17484.0,-25748.0,98.0,91.0,138.0
1742508500.2941058,-0.02,0.01,-0.09,-567.0,-16781.0,31628.0,0.0,-0.0,-0.01,-558.0,-16735.0,23437.0,45.0,56.0,40.0
1742508500.302294,-0.02,0.01,-0.09,-667.0,-16032.0,15276.0,0.0,-0.0,-0.01,-658.0,-15986.0,7085.0,0.0,0.0,0.0
1742508500.314793,-0.02,0.01,-0.09,-767.0,-15284.0,-1075.0,0.0,-0.0,-0.01,-758.0,-15238.0,-9265.0,97.0,85.0,71.0
1742508500.3269525,-0.02,0.01,-0.09,-867.0,-14536.0,-17425.0,0.0,-0.0,-0.01,-858.0,-14490.0,-25615.0,44.0,44.0,0.0
1742508500.3391562,-0.02,0.01,-0.09,-967.0,-13788.0,31761.0,0.0,-0.0,-0.01,-958.0,-13741.0,23570.0,0.0,0.0,22.0
1742508500.3515913,-0.02,0.01,-0.09,-1067.0,-13039.0,15409.0,0.0,-0.0,-0.01,-1058.0,-12993.0,7218.0,92.0,116.0,101.0
1742508500.3600945,-0.02,0.01,-0.09,-1167.0,-12291.0,-942.0,0.0,-0.0,-0.01,-1158.0,-12245.0,-9132.0,16.0,0.0,20.0
1742508500.3720791,-0.02,0.01,-0.09,-1267.0,-11543.0,-17292.0,0.0,-0.0,-0.01,-1258.0,-11497.0,-25482.0,14.0,77.0,0.0
1742508500.3840892,-0.02,0.01,-0.09,-1368.0,-10795.0,31894.0,0.0,-0.0,-0.01,-1359.0,-10748.0,23703.0,187.0,54.0,129.0
1742508500.3925889,-0.02,0.01,-0.09,-1469.0,-10046.0,15542.0,0.0,-0.0,-0.01,-1460.0,-9999.0,7351.0,0.0,14.0,4.0
1742508500.4046874,-0.02,0.01,-0.09,-1570.0,-9297.0,-809.0,0.0,-0.0,-0.01,-1561.0,-9250.0,-8999.0,2.0,31.0,0.0
1742508500.4134874,-0.02,0.01,-0.09,-1672.0,-8548.0,-17159.0,0.0,-0.0,-0.01,-1663.0,-8501.0,-25349.0,96.0,32.0,80.0
1742508500.4254858,-0.02,0.01,-0.09,-1774.0,-7799.0,32027.0,0.0,-0.0,-0.01,-1765.0,-7753.0,23836.0,30.0,0.0,0.0
1742508500.4378822,-0.02,0.01,-0.09,-1884.0,-7049.0,15675.0,0.0,-0.0,-0.01,-1875.0,-7003.0,7484.0,55.0,108.0,22.0
1742508500.450053,-0.02,0.02,-0.09,-1999.0,-6298.0,-676.0,0.0,-0.0,-0.01,-1990.0,-6252.0,-8866.0,83.0,51.0,163.0
1742508500.461878,-0.02,0.02,-0.09,-2120.0,-5545.0,-17026.0,0.0,-0.0,-0.01,-2111.0,-5499.0,-25216.0,72.0,10.0,13.0
1742508500.470363,-0.02,0.02,-0.09,-2249.0,-4790.0,32161.0,0.0,-0.0,-0.01,-2240.0,-4744.0,23970.0,0.0,0.0,29.0
1742508500.4824123,-0.02,0.02,-0.09,-2386.0,-4034.0,15810.0,0.0,-0.0,-0.01,-2377.0,-3988.0,7619.0,127.0,179.0,152.0
1742508500.4912722,-0.02,0.02,-0.09,-2528.0,-3278.0,-540.0,0.0,-0.0,-0.01,-2519.0,-3231.0,-8730.0,32.0,61.0,19.0
1742508500.503255,-0.02,0.02,-0.09,-2676.0,-2522.0,-16888.0,0.0,-0.0,-0.01,-2666.0,-2475.0,-25078.0,67.0,79.0,34.0
1742508500.5158002,-0.02,0.02,-0.09,-2826.0,-1769.0,32299.0,0.0,-0.0,-0.01,-2817.0,-1722.0,24108.0,80.0,138.0,57.0
1742508500.5278666,-0.02,0.02,-0.09,-2979.0,-1025.0,15947.0,0.0,-0.0,-0.01,-2970.0,-977.0,7756.0,120.0,119.0,53.0
1742508500.5400894,-0.02,0.02,-0.08,-3138.0,-331.0,-408.0,0.0,-0.0,-0.01,-3128.0,-283.0,-8598.0,0.0,20.0,43.0
1742508500.5485249,-0.02,0.02,-0.07,-3297.0,327.0,-16764.0,0.0,-0.0,-0.01,-3287.0,375.0,-24954.0,111.0,176.0,189.0
1742508500.5605273,-0.02,0.02,-0.07,-3458.0,939.0,32412.0,0.0,-0.0,-0.01,-3448.0,986.0,24221.0,174.0,71.0,53.0
1742508500.5725281,-0.02,0.02,-0.06,-3627.0,1505.0,16047.0,0.0,-0.0,-0.01,-3618.0,1552.0,7856.0,0.0,83.0,13.0
1742508500.5810354,-0.02,0.02,-0.06,-3806.0,2025.0,-319.0,0.0,-0.0,-0.01,-3797.0,2073.0,-8509.0,309.0,182.0,142.0
1742508500.5930517,-0.02,0.02,-0.05,-3999.0,2499.0,-16686.0,0.0,-0.0,-0.01,-3991.0,2547.0,-24876.0,151.0,66.0,99.0
1742508500.6015372,-0.02,0.03,-0.05,-4207.0,2934.0,32481.0,0.0,-0.0,-0.01,-4198.0,2983.0,24290.0,141.0,0.0,86.0
1742508500.6137657,-0.02,0.03,-0.04,-4424.0,3323.0,16109.0,0.0,-0.0,-0.01,-4415.0,3373.0,7918.0,91.0,103.0,92.0
1742508500.6222663,-0.02,0.03,-0.04,-4645.0,3675.0,-264.0,0.0,-0.0,-0.01,-4636.0,3726.0,-8454.0,7.0,74.0,109.0
1742508500.6380758,-0.02,0.03,-0.03,-4881.0,3992.0,-16637.0,0.0,-0.0,-0.01,-4872.0,4045.0,-24827.0,0.0,33.0,0.0
1742508500.6505995,-0.02,0.03,-0.02,-5126.0,4196.0,32524.0,0.01,-0.0,-0.01,-5118.0,4248.0,24333.0,114.0,159.0,180.0
1742508500.6592817,-0.02,0.03,-0.01,-5382.0,4328.0,16145.0,0.01,-0.0,-0.01,-5375.0,4380.0,7954.0,0.0,47.0,0.0
1742508500.6714063,-0.01,0.03,-0.0,-5644.0,4382.0,-233.0,0.0,-0.0,-0.01,-5637.0,4434.0,-8423.0,2.0,74.0,40.0
1742508500.6834116,-0.01,0.03,0.01,-5906.0,4361.0,-16609.0,0.0,-0.0,-0.01,-5900.0,4411.0,-24799.0,69.0,122.0,156.0
1742508500.6917422,-0.01,0.03,0.02,-6163.0,4264.0,32552.0,0.0,-0.0,-0.01,-6155.0,4315.0,24361.0,110.0,114.0,66.0
1742508500.703972,-0.01,0.03,0.03,-6422.0,4082.0,16177.0,0.0,-0.0,-0.01,-6413.0,4134.0,7986.0,128.0,137.0,23.0
1742508500.712252,-0.01,0.03,0.04,-6686.0,3812.0,-194.0,0.01,-0.0,-0.01,-6678.0,3863.0,-8384.0,37.0,108.0,49.0
1742508500.724254,-0.01,0.03,0.05,-6962.0,3467.0,-16560.0,0.01,-0.0,-0.01,-6954.0,3518.0,-24750.0,80.0,163.0,32.0
1742508500.7363827,-0.01,0.04,0.06,-7249.0,3057.0,32614.0,0.0,-0.0,-0.01,-7241.0,3111.0,24423.0,0.0,4.0,15.0
1742508500.7493792,-0.0,0.04,0.07,-7551.0,2504.0,16260.0,0.01,-0.0,-0.01,-7542.0,2563.0,8069.0,283.0,145.0,247.0
1742508500.7611115,-0.0,0.04,0.09,-7860.0,1867.0,-87.0,0.01,-0.0,-0.01,-7850.0,1927.0,-8277.0,2.0,129.0,42.0
1742508500.7697582,-0.0,0.04,0.1,-8177.0,1149.0,-16425.0,0.01,-0.0,-0.01,-8168.0,1208.0,-24615.0,12.0,0.0,2.0
1742508500.781759,0.0,0.04,0.1,-8498.0,365.0,-32755.0,0.01,-0.0,-0.01,-8490.0,423.0,24590.0,29.0,112.0,180.0
1742508500.7902596,0.0,0.04,0.11,-8814.0,-479.0,16455.0,0.01,-0.0,-0.01,-8808.0,-421.0,8263.0,20.0,53.0,43.0
1742508500.8023357,0.0,0.04,0.12,-9125.0,-1377.0,134.0,0.01,-0.0,-0.01,-9119.0,-1319.0,-8056.0,82.0,92.0,94.0
1742508500.8142252,-0.0,0.04,0.12,-9429.0,-2329.0,-16178.0,0.01,-0.0,-0.01,-9423.0,-2271.0,-24369.0,5.0,0.0,13.0
1742508500.8227262,-0.0,0.04,0.13,-9726.0,-3315.0,-32487.0,0.01,-0.0,-0.01,-9720.0,-3258.0,24858.0,28.0,0.0,0.0
1742508500.8352225,-0.0,0.04,0.13,-10014.0,-4299.0,16738.0,0.01,-0.0,-0.01,-10008.0,-4243.0,8546.0,95.0,64.0,124.0
1742508500.8472204,-0.0,0.03,0.13,-10293.0,-5271.0,424.0,0.01,-0.0,-0.01,-10286.0,-5215.0,-7767.0,49.0,117.0,0.0
1742508500.8593123,-0.0,0.03,0.12,-10557.0,-6198.0,-15895.0,0.01,-0.0,-0.01,-10551.0,-6144.0,-24086.0,108.0,40.0,54.0
1742508500.8718774,-0.0,0.03,0.12,-10818.0,-7084.0,-32218.0,0.01,-0.0,-0.01,-10813.0,-7030.0,25127.0,0.0,0.0,0.0
1742508500.8799157,-0.0,0.03,0.11,-11073.0,-7912.0,16986.0,0.01,-0.0,-0.01,-11069.0,-7859.0,8795.0,88.0,92.0,62.0
1742508500.8922632,-0.0,0.03,0.1,-11321.0,-8683.0,648.0,0.01,-0.0,-0.01,-11317.0,-8631.0,-7542.0,52.0,38.0,4.0
1742508500.9007618,-0.0,0.03,0.09,-11565.0,-9400.0,-15692.0,0.01,-0.0,-0.01,-11561.0,-9349.0,-23882.0,38.0,55.0,45.0
1742508500.912925,-0.0,0.03,0.09,-11805.0,-10053.0,-32039.0,0.01,-0.0,-0.01,-11800.0,-10002.0,25307.0,21.0,10.0,0.0
1742508500.9251432,-0.0,0.03,0.08,-12040.0,-10632.0,17142.0,0.01,-0.0,-0.01,-12034.0,-10580.0,8951.0,0.0,0.0,0.0
1742508500.937205,-0.0,0.03,0.07,-12272.0,-11147.0,782.0,0.01,-0.0,-0.01,-12266.0,-11094.0,-7408.0,15.0,0.0,0.0
1742508500.949705,-0.0,0.03,0.05,-12505.0,-11525.0,-15584.0,0.01,-0.0,-0.01,-12501.0,-11474.0,-23775.0,125.0,114.0,89.0
1742508500.961744,-0.0,0.03,0.04,-12741.0,-11827.0,-31955.0,0.01,-0.0,-0.01,-12738.0,-11776.0,25391.0,1.0,23.0,5.0
1742508500.9702346,-0.0,0.03,0.03,-12980.0,-12057.0,17208.0,0.01,-0.0,-0.01,-12977.0,-12006.0,9017.0,0.0,0.0,0.0
1742508500.9822423,-0.0,0.03,0.03,-13221.0,-12227.0,832.0,0.0,-0.0,-0.01,-13218.0,-12176.0,-7358.0,124.0,91.0,132.0
1742508500.990973,-0.0,0.03,0.02,-13466.0,-12334.0,-15544.0,0.0,-0.0,-0.01,-13462.0,-12283.0,-23734.0,0.0,7.0,25.0
1742508501.0023332,-0.0,0.03,0.01,-13714.0,-12376.0,-31920.0,0.0,-0.0,-0.01,-13709.0,-12324.0,25426.0,0.0,0.0,0.0
1742508501.0147932,-0.0,0.03,0.0,-13962.0,-12350.0,17237.0,0.0,-0.0,-0.01,-13956.0,-12296.0,9046.0,23.0,22.0,44.0
1742508501.0273175,-0.0,0.03,-0.0,-14208.0,-12263.0,857.0,0.0,-0.0,-0.01,-14202.0,-12210.0,-7333.0,0.0,7.0,0.0
1742508501.0398169,0.0,0.03,-0.02,-14445.0,-12076.0,-15519.0,0.0,-0.0,-0.01,-14439.0,-12023.0,-23709.0,0.0,0.0,5.0
1742508501.0519207,0.0,0.03,-0.02,-14670.0,-11834.0,-31895.0,0.01,-0.0,-0.01,-14665.0,-11782.0,25451.0,77.0,69.0,69.0
1742508501.060081,0.0,0.03,-0.03,-14882.0,-11553.0,17266.0,0.01,-0.0,-0.01,-14877.0,-11501.0,9075.0,1.0,0.0,0.0
1742508501.072397,0.0,0.03,-0.03,-15083.0,-11238.0,890.0,0.01,-0.0,-0.01,-15078.0,-11186.0,-7300.0,0.0,11.0,0.0
1742508501.080943,0.0,0.02,-0.04,-15273.0,-10893.0,-15484.0,0.01,-0.0,-0.01,-15269.0,-10843.0,-23674.0,103.0,128.0,123.0
1742508501.0930688,0.0,0.02,-0.04,-15456.0,-10527.0,-31856.0,0.01,-0.0,-0.01,-15452.0,-10477.0,25490.0,8.0,0.0,0.0
1742508501.1052265,0.0,0.02,-0.04,-15630.0,-10140.0,17307.0,0.01,-0.0,-0.01,-15626.0,-10089.0,9116.0,0.0,0.0,0.0
1742508501.1177287,0.0,0.02,-0.04,-15797.0,-9731.0,933.0,0.01,-0.0,-0.01,-15793.0,-9680.0,-7257.0,90.0,104.0,89.0
1742508501.129584,0.0,0.02,-0.05,-15957.0,-9289.0,-15437.0,0.01,-0.0,-0.01,-15954.0,-9239.0,-23627.0,0.0,0.0,0.0
1742508501.138222,0.0,0.02,-0.05,-16118.0,-8835.0,-31807.0,0.01,-0.0,-0.01,-16115.0,-8785.0,25539.0,0.0,0.0,0.0
1742508501.1503127,0.0,0.02,-0.05,-16280.0,-8383.0,17358.0,0.01,-0.0,-0.01,-16277.0,-8332.0,9167.0,93.0,98.0,67.0
1742508501.1624234,0.0,0.02,-0.05,-16445.0,-7939.0,986.0,0.01,-0.0,-0.01,-16441.0,-7887.0,-7204.0,0.0,0.0,0.0
1742508501.1708977,0.0,0.02,-0.05,-16616.0,-7504.0,-15384.0,0.01,-0.0,-0.01,-16611.0,-7451.0,-23574.0,0.0,0.0,0.0
1742508501.1827703,0.0,0.02,-0.05,-16794.0,-7079.0,-31754.0,0.01,-0.0,-0.01,-16790.0,-7024.0,25592.0,132.0,124.0,108.0
1742508501.1912713,0.0,0.02,-0.04,-16979.0,-6659.0,17411.0,0.01,-0.0,-0.01,-16975.0,-6603.0,9220.0,0.0,11.0,5.0
1742508501.2033885,0.0,0.02,-0.04,-17169.0,-6247.0,1038.0,0.01,-0.0,-0.01,-17165.0,-6191.0,-7152.0,0.0,0.0,0.0
1742508501.2155294,0.0,0.02,-0.04,-17360.0,-5844.0,-15334.0,0.01,-0.0,-0.01,-17357.0,-5789.0,-23524.0,83.0,94.0,90.0
1742508501.228053,0.0,0.02,-0.04,-17540.0,-5435.0,-31706.0,0.01,-0.0,-0.01,-17537.0,-5381.0,25640.0,0.0,0.0,0.0
1742508501.2403822,0.0,0.02,-0.04,-17710.0,-5020.0,17457.0,0.01,-0.0,-0.01,-17707.0,-4967.0,9266.0,0.0,0.0,0.0
1742508501.2490535,0.0,0.02,-0.05,-17871.0,-4597.0,1084.0,0.01,-0.0,-0.01,-17869.0,-4545.0,-7107.0,99.0,59.0,79.0
1742508501.2609298,0.0,0.02,-0.05,-18026.0,-4167.0,-15287.0,0.01,-0.0,-0.01,-18024.0,-4117.0,-23478.0,0.0,0.0,27.0
1742508501.2730112,0.0,0.02,-0.05,-18175.0,-3731.0,-31658.0,0.01,-0.0,-0.01,-18173.0,-3680.0,25688.0,0.0,0.0,0.0
1742508501.2815442,0.0,0.02,-0.05,-18318.0,-3290.0,17507.0,0.01,-0.0,-0.01,-18316.0,-3239.0,9316.0,92.0,104.0,80.0
1742508501.2933428,0.0,0.02,-0.05,-18457.0,-2851.0,1135.0,0.01,-0.0,-0.01,-18454.0,-2800.0,-7055.0,0.0,0.0,18.0
1742508501.3023605,0.0,0.02,-0.05,-18595.0,-2416.0,-15235.0,0.01,-0.0,-0.01,-18592.0,-2364.0,-23426.0,0.0,0.0,0.0
1742508501.3180199,0.0,0.02,-0.05,-18734.0,-1983.0,-31606.0,0.01,-0.0,-0.01,-18732.0,-1931.0,25739.0,117.0,139.0,105.0
1742508501.3300219,0.0,0.02,-0.05,-18882.0,-1562.0,17556.0,0.01,-0.0,-0.01,-18881.0,-1510.0,9364.0,0.0,0.0,0.0
1742508501.3386748,0.0,0.02,-0.04,-19037.0,-1148.0,1181.0,0.01,0.0,-0.01,-19037.0,-1097.0,-7010.0,0.0,0.0,2.0
1742508501.350992,0.0,0.02,-0.04,-19197.0,-738.0,-15192.0,0.01,-0.0,-0.01,-19196.0,-687.0,-23382.0,104.0,92.0,108.0
1742508501.3595119,0.0,0.02,-0.04,-19358.0,-325.0,-31564.0,0.01,-0.0,-0.01,-19357.0,-274.0,25782.0,0.0,0.0,0.0
1742508501.3712,0.0,0.02,-0.04,-19519.0,92.0,17599.0,0.01,-0.0,-0.01,-19518.0,142.0,9408.0,0.0,0.0,0.0
1742508501.3802035,0.0,0.02,-0.05,-19679.0,517.0,1227.0,0.01,-0.0,-0.01,-19678.0,566.0,-6963.0,92.0,97.0,128.0
1742508501.3918195,0.0,0.02,-0.05,-19836.0,951.0,-15143.0,0.01,-0.0,-0.01,-19835.0,1000.0,-23333.0,0.0,7.0,19.0
1742508501.40432,0.0,0.02,-0.05,-19989.0,1395.0,-31513.0,0.01,0.0,-0.01,-19989.0,1444.0,25833.0,29.0,0.0,0.0
1742508501.4128203,0.0,0.02,-0.05,-20138.0,1843.0,17652.0,0.01,-0.0,-0.01,-20137.0,1892.0,9461.0,0.0,6.0,22.0
1742508501.4248197,0.0,0.02,-0.05,-20281.0,2292.0,1280.0,0.01,-0.0,-0.01,-20280.0,2342.0,-6911.0,40.0,50.0,0.0
1742508501.4376528,0.0,0.02,-0.05,-20419.0,2738.0,-15091.0,0.01,-0.0,-0.01,-20418.0,2788.0,-23282.0,0.0,0.0,0.0
1742508501.4493127,0.0,0.02,-0.05,-20557.0,3176.0,-31462.0,0.01,0.0,-0.01,-20557.0,3226.0,25883.0,127.0,94.0,69.0
1742508501.4612083,0.0,0.02,-0.05,-20697.0,3606.0,17701.0,0.01,0.0,-0.01,-20697.0,3656.0,9509.0,6.0,13.0,0.0
1742508501.469693,0.0,0.02,-0.05,-20838.0,4028.0,1326.0,0.01,0.0,-0.01,-20838.0,4077.0,-6865.0,0.0,0.0,0.0
1742508501.481936,0.0,0.02,-0.05,-20979.0,4446.0,-15047.0,0.01,0.0,-0.01,-20980.0,4495.0,-23238.0,38.0,37.0,89.0
1742508501.4904358,0.0,0.02,-0.05,-21120.0,4863.0,-31420.0,0.01,0.0,-0.01,-21121.0,4912.0,25925.0,44.0,36.0,38.0
1742508501.502437,0.0,0.02,-0.05,-21259.0,5282.0,17742.0,0.01,0.0,-0.01,-21260.0,5331.0,9550.0,40.0,25.0,0.0
1742508501.5114355,0.0,0.02,-0.05,-21396.0,5707.0,1367.0,0.01,0.0,-0.01,-21397.0,5755.0,-6824.0,0.0,0.0,34.0
1742508501.523358,0.0,0.02,-0.05,-21530.0,6140.0,-15004.0,0.01,0.0,-0.01,-21531.0,6188.0,-23195.0,8.0,3.0,20.0
1742508501.5352156,0.0,0.02,-0.05,-21661.0,6581.0,-31375.0,0.01,0.0,-0.01,-21662.0,6629.0,25971.0,0.0,10.0,1.0
1742508501.5477145,0.0,0.02,-0.05,-21788.0,7031.0,17790.0,0.01,0.0,-0.01,-21789.0,7079.0,9599.0,154.0,142.0,120.0
1742508501.55972,0.0,0.02,-0.05,-21915.0,7483.0,1418.0,0.01,0.0,-0.01,-21916.0,7531.0,-6772.0,16.0,0.0,27.0
1742508501.5682187,0.0,0.02,-0.05,-22044.0,7934.0,-14952.0,0.01,0.0,-0.01,-22045.0,7982.0,-23142.0,0.0,0.0,0.0
1742508501.580278,0.0,0.02,-0.05,-22175.0,8381.0,-31322.0,0.01,0.0,-0.01,-22176.0,8430.0,26024.0,30.0,33.0,64.0
1742508501.5927768,0.0,0.02,-0.05,-22308.0,8823.0,17843.0,0.01,0.0,-0.01,-22309.0,8872.0,9652.0,32.0,0.0,20.0
1742508501.6007767,0.0,0.02,-0.05,-22442.0,9261.0,1471.0,0.01,0.0,-0.01,-22443.0,9310.0,-6720.0,21.0,5.0,0.0
1742508501.6131387,0.0,0.02,-0.05,-22576.0,9696.0,-14900.0,0.01,0.0,-0.01,-22577.0,9745.0,-23091.0,0.0,0.0,0.0
1742508501.6216383,0.0,0.02,-0.05,-22708.0,10129.0,-31271.0,0.01,0.0,-0.01,-22709.0,10177.0,26074.0,0.0,39.0,0.0
1742508501.637597,0.0,0.02,-0.05,-22836.0,10561.0,17892.0,0.01,0.0,-0.01,-22838.0,10608.0,9700.0,5.0,19.0,0.0
1742508501.6500978,0.0,0.01,-0.05,-22956.0,10999.0,1519.0,0.01,0.0,-0.01,-22958.0,11046.0,-6672.0,118.0,130.0,111.0
1742508501.6580784,0.0,0.01,-0.05,-23071.0,11441.0,-14852.0,0.01,0.0,-0.01,-23073.0,11488.0,-23043.0,21.0,28.0,38.0
1742508501.6705709,0.0,0.01,-0.05,-23183.0,11885.0,-31223.0,0.01,0.0,-0.01,-23185.0,11932.0,26122.0,0.0,4.0,0.0
1742508501.6826127,0.0,0.01,-0.05,-23293.0,12331.0,17941.0,0.01,0.0,-0.01,-23295.0,12378.0,9749.0,66.0,95.0,100.0
1742508501.6910985,0.0,0.01,-0.05,-23402.0,12779.0,1568.0,0.01,0.0,-0.01,-23404.0,12826.0,-6623.0,4.0,10.0,13.0
1742508501.7031028,0.0,0.01,-0.05,-23513.0,13227.0,-14803.0,0.01,0.0,-0.01,-23515.0,13274.0,-22994.0,35.0,0.0,27.0
1742508501.7113414,0.0,0.01,-0.05,-23627.0,13674.0,-31174.0,0.01,0.0,-0.01,-23629.0,13721.0,26171.0,0.0,3.0,17.0
1742508501.727462,0.0,0.01,-0.05,-23745.0,14118.0,17990.0,0.01,0.0,-0.01,-23747.0,14165.0,9798.0,29.0,39.0,45.0
1742508501.7402358,0.0,0.01,-0.05,-23867.0,14560.0,1617.0,0.01,0.0,-0.01,-23869.0,14608.0,-6574.0,0.0,0.0,0.0
1742508501.748019,0.0,0.01,-0.05,-23989.0,15003.0,-14754.0,0.01,0.0,-0.01,-23991.0,15051.0,-22945.0,74.0,72.0,102.0
1742508501.7605982,0.0,0.01,-0.05,-24109.0,15448.0,-31125.0,0.01,0.0,-0.01,-24111.0,15496.0,26220.0,27.0,30.0,0.0
1742508501.7726238,0.0,0.01,-0.05,-24226.0,15896.0,18039.0,0.01,0.0,-0.01,-24228.0,15943.0,9847.0,0.0,0.0,0.0
1742508501.781421,0.0,0.01,-0.05,-24339.0,16346.0,1666.0,0.01,0.0,-0.01,-24341.0,16393.0,-6525.0,107.0,100.0,107.0
1742508501.7934046,0.0,0.01,-0.05,-24447.0,16798.0,-14705.0,0.01,0.0,-0.01,-24449.0,16845.0,-22896.0,20.0,24.0,6.0
1742508501.8054264,0.0,0.01,-0.05,-24551.0,17251.0,-31076.0,0.01,0.0,-0.01,-24553.0,17298.0,26269.0,0.0,0.0,0.0
1742508501.8179045,0.0,0.01,-0.05,-24650.0,17703.0,18088.0,0.01,0.0,-0.01,-24652.0,17750.0,9896.0,46.0,76.0,19.0
1742508501.82992,0.0,0.01,-0.05,-24749.0,18152.0,1715.0,0.01,0.0,-0.01,-24752.0,18199.0,-6476.0,0.0,0.0,0.0
1742508501.838633,0.0,0.01,-0.05,-24850.0,18598.0,-14656.0,0.01,0.0,-0.01,-24853.0,18645.0,-22847.0,17.0,18.0,0.0
1742508501.8505433,0.0,0.01,-0.05,-24953.0,19042.0,-31027.0,0.01,0.0,-0.01,-24956.0,19089.0,26318.0,119.0,111.0,63.0
1742508501.862846,0.0,0.01,-0.05,-25058.0,19485.0,18137.0,0.01,0.0,-0.01,-25061.0,19532.0,9945.0,0.0,0.0,0.0
1742508501.8713446,0.0,0.01,-0.05,-25165.0,19929.0,1764.0,0.01,0.0,-0.01,-25168.0,19976.0,-6427.0,0.0,0.0,0.0
1742508501.8833854,0.0,0.01,-0.05,-25272.0,20375.0,-14607.0,0.01,0.0,-0.01,-25275.0,20422.0,-22798.0,99.0,85.0,89.0
1742508501.8918872,0.0,0.01,-0.05,-25379.0,20824.0,-30978.0,0.01,0.0,-0.01,-25382.0,20871.0,26367.0,7.0,0.0,0.0
1742508501.904085,0.0,0.01,-0.05,-25484.0,21277.0,18186.0,0.01,0.0,-0.01,-25487.0,21324.0,9994.0,0.0,0.0,0.0
1742508501.9205873,0.0,0.01,-0.05,-25585.0,21737.0,1813.0,0.01,0.0,-0.01,-25588.0,21784.0,-6378.0,23.0,8.0,0.0
1742508501.9288063,0.0,0.01,-0.05,-25684.0,22199.0,-14558.0,0.01,0.0,-0.01,-25687.0,22246.0,-22749.0,0.0,0.0,9.0
1742508501.9407613,0.0,0.01,-0.05,-25781.0,22661.0,-30929.0,0.01,0.0,-0.01,-25784.0,22708.0,26416.0,0.0,31.0,8.0
1742508501.9492586,0.0,0.01,-0.05,-25877.0,23121.0,18235.0,0.01,0.0,-0.01,-25880.0,23169.0,10043.0,123.0,102.0,71.0
1742508501.9616754,0.0,0.01,-0.05,-25972.0,23579.0,1862.0,0.01,0.0,-0.01,-25975.0,23626.0,-6329.0,0.0,0.0,0.0
1742508501.9734159,0.0,0.01,-0.05,-26067.0,24032.0,-14509.0,0.01,0.0,-0.01,-26070.0,24080.0,-22700.0,0.0,0.0,29.0
1742508501.982042,0.0,0.01,-0.05,-26163.0,24484.0,-30880.0,0.01,0.0,-0.01,-26166.0,24532.0,26465.0,99.0,85.0,75.0
1742508501.9943008,0.0,0.01,-0.05,-26259.0,24934.0,18284.0,0.01,0.0,-0.01,-26263.0,24981.0,10092.0,0.0,13.0,0.0
1742508502.0100627,0.0,0.01,-0.05,-26354.0,25383.0,1911.0,0.01,0.0,-0.01,-26358.0,25430.0,-6280.0,0.0,32.0,28.0
1742508502.0185492,0.0,0.01,-0.05,-26448.0,25835.0,-14460.0,0.01,0.0,-0.01,-26452.0,25882.0,-22651.0,0.0,0.0,0.0
1742508502.0310473,0.0,0.01,-0.05,-26540.0,26291.0,-30831.0,0.01,0.0,-0.01,-26544.0,26338.0,26514.0,16.0,17.0,63.0
1742508502.0395536,0.0,0.01,-0.05,-26630.0,26750.0,18333.0,0.01,0.0,-0.01,-26634.0,26797.0,10141.0,49.0,18.0,57.0
1742508502.0514905,0.0,0.01,-0.05,-26719.0,27212.0,1960.0,0.01,0.0,-0.01,-26723.0,27259.0,-6231.0,57.0,109.0,33.0
1742508502.0636795,0.0,0.01,-0.05,-26808.0,27677.0,-14411.0,0.01,0.0,-0.01,-26812.0,27724.0,-22602.0,0.0,0.0,0.0
1742508502.0720153,0.0,0.01,-0.05,-26896.0,28143.0,-30782.0,0.01,0.0,-0.01,-26900.0,28190.0,26563.0,0.0,0.0,7.0
1742508502.084495,0.0,0.01,-0.05,-26985.0,28608.0,18382.0,0.01,0.0,-0.01,-26989.0,28655.0,10190.0,5.0,20.0,1.0
1742508502.100322,0.0,0.01,-0.05,-27075.0,29069.0,2009.0,0.01,0.0,-0.01,-27079.0,29116.0,-6182.0,93.0,94.0,91.0
1742508502.108689,0.0,0.01,-0.05,-27166.0,29528.0,-14362.0,0.01,0.0,-0.01,-27171.0,29575.0,-22553.0,33.0,0.0,0.0
1742508502.1213162,0.0,0.01,-0.05,-27258.0,29985.0,-30733.0,0.01,0.0,-0.01,-27263.0,30032.0,26612.0,0.0,0.0,0.0
1742508502.1293154,0.0,0.01,-0.05,-27348.0,30441.0,18431.0,0.01,0.0,-0.01,-27353.0,30488.0,10239.0,55.0,58.0,95.0
1742508502.1417751,0.0,0.01,-0.05,-27436.0,30898.0,2058.0,0.01,0.0,-0.01,-27441.0,30944.0,-6133.0,9.0,0.0,0.0
1742508502.1537762,0.0,0.01,-0.05,-27522.0,31355.0,-14313.0,0.01,0.0,-0.01,-27527.0,31401.0,-22504.0,34.0,59.0,26.0
1742508502.1616287,0.0,0.01,-0.05,-27605.0,31814.0,-30684.0,0.01,0.0,-0.01,-27610.0,31860.0,26661.0,0.0,17.0,4.0
1742508502.1739237,0.0,0.01,-0.05,-27686.0,32275.0,18480.0,0.01,0.0,-0.01,-27692.0,32321.0,10288.0,29.0,35.0,20.0
1742508502.1906643,0.0,0.01,-0.05,-27766.0,32738.0,2107.0,0.01,0.0,-0.01,-27772.0,-32752.0,-6084.0,0.0,0.0,0.0
1742508502.198993,0.0,0.01,-0.05,-27846.0,-32333.0,-14264.0,0.01,0.0,-0.01,-27852.0,-32286.0,-22455.0,126.0,123.0,108.0
1742508502.2109818,0.0,0.01,-0.05,-27927.0,-31867.0,-30635.0,0.01,0.0,-0.01,-27933.0,-31820.0,26710.0,0.0,0.0,11.0
1742508502.2194698,0.0,0.01,-0.05,-28009.0,-31402.0,18529.0,0.01,0.0,-0.01,-28014.0,-31355.0,10337.0,0.0,0.0,0.0
1742508502.2315571,0.0,0.01,-0.05,-28092.0,-30937.0,2156.0,0.01,0.0,-0.01,-28097.0,-30889.0,-6035.0,94.0,129.0,75.0
1742508502.2439206,0.0,0.01,-0.05,-28176.0,-30472.0,-14215.0,0.01,0.0,-0.01,-28182.0,-30424.0,-22406.0,22.0,56.0,4.0
1742508502.2562764,0.0,0.01,-0.05,-28262.0,-30007.0,-30586.0,0.01,0.0,-0.01,-28268.0,-29960.0,26759.0,0.0,0.0,0.0
1742508502.2684352,0.0,0.01,-0.05,-28346.0,-29542.0,18578.0,0.01,0.0,-0.01,-28352.0,-29495.0,10386.0,56.0,46.0,9.0
1742508502.2809453,0.0,0.01,-0.05,-28428.0,-29075.0,2205.0,0.01,0.0,-0.01,-28434.0,-29028.0,-5986.0,0.0,0.0,0.0
1742508502.2889447,0.0,0.01,-0.05,-28507.0,-28607.0,-14166.0,0.01,0.0,-0.01,-28513.0,-28560.0,-22357.0,13.0,14.0,0.0
1742508502.3014562,0.0,0.01,-0.05,-28584.0,-28139.0,-30537.0,0.01,0.0,-0.01,-28590.0,-28092.0,26808.0,78.0,100.0,76.0
1742508502.3095376,0.0,0.01,-0.05,-28659.0,-27670.0,18627.0,0.01,0.0,-0.01,-28665.0,-27623.0,10435.0,0.0,0.0,0.0
1742508502.3217099,0.0,0.01,-0.05,-28732.0,-27202.0,2254.0,0.01,0.0,-0.01,-28739.0,-27155.0,-5937.0,0.0,0.0,0.0
1742508502.3337078,0.0,0.01,-0.05,-28806.0,-26735.0,-14117.0,0.01,0.0,-0.01,-28813.0,-26688.0,-22308.0,93.0,119.0,121.0
1742508502.346046,0.0,0.01,-0.05,-28880.0,-26269.0,-30488.0,0.01,0.0,-0.01,-28887.0,-26222.0,26857.0,0.0,0.0,0.0
1742508502.3586035,0.0,0.01,-0.05,-28956.0,-25804.0,18676.0,0.01,0.0,-0.01,-28963.0,-25757.0,10484.0,1.0,0.0,0.0
1742508502.3711216,0.0,0.01,-0.05,-29032.0,-25339.0,2303.0,0.01,0.0,-0.01,-29039.0,-25292.0,-5888.0,31.0,0.0,4.0
1742508502.3791268,0.0,0.01,-0.05,-29109.0,-24873.0,-14068.0,0.01,0.0,-0.01,-29116.0,-24826.0,-22259.0,16.0,5.0,31.0
1742508502.3913307,0.0,0.01,-0.05,-29186.0,-24406.0,-30439.0,0.01,0.0,-0.01,-29193.0,-24359.0,26906.0,11.0,15.0,35.0
1742508502.3998308,0.0,0.01,-0.05,-29262.0,-23937.0,18725.0,0.01,0.0,-0.01,-29269.0,-23890.0,10533.0,70.0,42.0,53.0
1742508502.4118311,0.0,0.01,-0.05,-29337.0,-23466.0,2352.0,0.01,0.0,-0.01,-29344.0,-23419.0,-5839.0,0.0,0.0,0.0
1742508502.423975,0.0,0.01,-0.05,-29411.0,-22993.0,-14019.0,0.01,0.0,-0.01,-29418.0,-22946.0,-22210.0,0.0,16.0,5.0
1742508502.43616,0.0,0.01,-0.05,-29484.0,-22519.0,-30390.0,0.01,0.0,-0.01,-29491.0,-22472.0,26955.0,44.0,78.0,8.0
1742508502.4486778,0.0,0.01,-0.05,-29555.0,-22045.0,18774.0,0.01,0.0,-0.01,-29562.0,-21998.0,10582.0,108.0,118.0,89.0
1742508502.460974,0.0,0.01,-0.05,-29625.0,-21572.0,2401.0,0.01,0.0,-0.01,-29632.0,-21525.0,-5790.0,42.0,1.0,37.0
1742508502.4689744,0.0,0.01,-0.05,-29694.0,-21099.0,-13970.0,0.01,0.0,-0.01,-29701.0,-21052.0,-22161.0,0.0,0.0,0.0
1742508502.4816108,0.0,0.01,-0.05,-29763.0,-20626.0,-30341.0,0.01,0.0,-0.01,-29771.0,-20580.0,27004.0,54.0,70.0,74.0
1742508502.48961,0.0,0.01,-0.05,-29833.0,-20164.0,18823.0,0.01,0.0,-0.01,-29841.0,-20119.0,10631.0,0.0,9.0,0.0
1742508502.5021102,0.0,0.01,-0.05,-29902.0,-19710.0,2450.0,0.01,0.0,-0.01,-29910.0,-19665.0,-5741.0,19.0,35.0,29.0
1742508502.514626,0.0,0.01,-0.05,-29969.0,-19265.0,-13922.0,0.01,0.0,-0.01,-29975.0,-19218.0,-22113.0,129.0,119.0,94.0
1742508502.527131,0.01,0.01,-0.05,-30037.0,-18841.0,-30295.0,0.01,0.0,-0.01,-30044.0,-18794.0,27050.0,0.0,0.0,0.0
1742508502.5386152,0.01,0.01,-0.04,-30111.0,-18434.0,18867.0,0.01,0.0,-0.01,-30118.0,-18388.0,10675.0,0.0,0.0,8.0
1742508502.5511165,0.01,0.01,-0.04,-30185.0,-18048.0,2490.0,0.01,0.0,-0.01,-30191.0,-18002.0,-5701.0,250.0,295.0,249.0
1742508502.5595632,0.0,0.01,-0.04,-30257.0,-17685.0,-13885.0,0.01,0.0,-0.01,-30263.0,-17640.0,-22076.0,0.0,292.0,118.0
1742508502.57175,-0.0,0.01,-0.04,-30333.0,-17351.0,-30262.0,0.01,0.0,-0.0,-30339.0,-17311.0,27083.0,57.0,94.0,73.0
1742508502.583827,-0.0,0.01,-0.03,-30426.0,-17062.0,18896.0,0.01,0.0,-0.0,-30438.0,-17028.0,10704.0,223.0,216.0,217.0
1742508502.5958235,-0.0,0.01,-0.03,-30530.0,-16822.0,2515.0,0.01,0.0,-0.0,-30540.0,-16787.0,-5676.0,25.0,16.0,18.0
1742508502.6083233,0.0,0.02,-0.02,-30704.0,-16644.0,-13864.0,0.01,0.0,-0.0,-30717.0,-16610.0,-22055.0,51.0,57.0,45.0
1742508502.6208394,0.0,0.03,-0.02,-30936.0,-16486.0,-30243.0,0.01,0.0,-0.0,-30950.0,-16452.0,27102.0,24.0,38.0,14.0
1742508502.628824,0.01,0.03,-0.01,-31233.0,-16355.0,18915.0,0.01,0.0,-0.0,-31247.0,-16318.0,10723.0,0.0,2.0,39.0
1742508502.6408234,0.01,0.04,-0.01,-31604.0,-16242.0,2539.0,0.01,0.0,-0.0,-31619.0,-16202.0,-5652.0,9.0,2.0,10.0
1742508502.6498246,0.02,0.05,-0.01,-32053.0,-16136.0,-13831.0,0.01,0.0,-0.01,-32066.0,-16094.0,-22022.0,84.0,59.0,42.0
1742508502.6613278,0.02,0.06,-0.01,-32587.0,-16037.0,-30196.0,0.01,0.0,-0.01,-32600.0,-15994.0,27149.0,0.0,0.0,0.0
1742508502.6743276,0.03,0.08,-0.01,32321.0,-15945.0,18980.0,0.01,0.0,-0.01,32307.0,-15902.0,10788.0,0.0,8.0,8.0
1742508502.6863832,0.04,0.1,-0.0,31497.0,-15880.0,2637.0,0.01,0.0,-0.01,31483.0,-15836.0,-5554.0,0.0,0.0,0.0
1742508502.698333,0.05,0.11,-0.0,30567.0,-15822.0,-13693.0,0.01,0.0,-0.01,30552.0,-15778.0,-21884.0,81.0,41.0,73.0
1742508502.7108328,0.06,0.13,0.0,29530.0,-15779.0,-30011.0,0.01,0.0,-0.01,29514.0,-15733.0,27334.0,12.0,1.0,7.0
1742508502.7188613,0.07,0.14,0.0,28388.0,-15751.0,19220.0,0.01,0.0,-0.01,28373.0,-15701.0,11028.0,0.0,0.0,0.0
1742508502.731332,0.08,0.15,0.0,27137.0,-15732.0,2930.0,0.01,0.0,-0.01,27123.0,-15681.0,-5261.0,0.0,0.0,48.0
1742508502.7393327,0.09,0.17,0.01,25773.0,-15737.0,-13340.0,0.01,0.0,-0.01,25758.0,-15687.0,-21531.0,7.0,16.0,23.0
1742508502.751832,0.1,0.18,0.01,24293.0,-15769.0,-29590.0,0.01,0.0,-0.01,24277.0,-15718.0,27755.0,47.0,19.0,43.0
1742508502.7603378,0.1,0.19,0.01,22694.0,-15814.0,19717.0,0.01,0.0,-0.01,22678.0,-15763.0,11525.0,0.0,0.0,0.0
1742508502.7759593,0.11,0.21,0.01,20979.0,-15879.0,3512.0,0.01,0.0,-0.01,20962.0,-15826.0,-4678.0,2.0,34.0,6.0
1742508502.7884822,0.13,0.24,0.02,19025.0,-15979.0,-12635.0,0.01,0.0,-0.01,19008.0,-15927.0,-20825.0,0.0,0.0,0.0
1742508502.8009589,0.14,0.25,0.02,16947.0,-16105.0,-28750.0,0.01,0.0,-0.01,16930.0,-16053.0,28596.0,133.0,91.0,108.0
1742508502.808959,0.15,0.27,0.02,14740.0,-16249.0,20704.0,0.01,0.0,-0.01,14723.0,-16197.0,12513.0,3.0,0.0,6.0
1742508502.82096,0.15,0.29,0.03,12401.0,-16410.0,4659.0,0.0,0.0,-0.01,12384.0,-16356.0,-3531.0,0.0,0.0,0.0
1742508502.8299692,0.16,0.3,0.03,9928.0,-16588.0,-11342.0,0.0,0.0,-0.01,9911.0,-16531.0,-19532.0,37.0,48.0,73.0
1742508502.8419642,0.17,0.32,0.03,7317.0,-16779.0,-27297.0,0.0,0.0,-0.01,7302.0,-16722.0,30049.0,7.0,9.0,28.0
1742508502.8504589,0.18,0.34,0.04,4570.0,-17001.0,22331.0,0.0,0.0,-0.01,4555.0,-16945.0,14140.0,60.0,37.0,28.0
1742508502.8659604,0.19,0.36,0.04,1687.0,-17263.0,6473.0,0.0,0.0,-0.01,1672.0,-17207.0,-1717.0,87.0,82.0,111.0
1742508502.8784704,0.22,0.39,0.05,-1462.0,-17575.0,-9276.0,0.0,0.0,-0.01,-1475.0,-17518.0,-17466.0,0.0,0.0,0.0
1742508502.8869703,0.23,0.41,0.05,-4738.0,-17915.0,-24968.0,0.0,0.0,-0.01,-4751.0,-17857.0,32378.0,0.0,0.0,0.0
1742508502.8994699,0.24,0.43,0.06,-8142.0,-18288.0,24934.0,0.0,0.0,-0.01,-8155.0,-18231.0,16743.0,95.0,69.0,85.0
1742508502.9074693,0.25,0.44,0.06,-11670.0,-18698.0,9358.0,0.0,0.0,-0.01,-11683.0,-18642.0,1167.0,29.0,20.0,20.0
1742508502.919485,0.26,0.46,0.07,-15319.0,-19138.0,-6157.0,0.0,0.0,-0.01,-15332.0,-19083.0,-14347.0,0.0,0.0,0.0
1742508502.9319744,0.27,0.48,0.07,-19083.0,-19607.0,-21610.0,0.0,0.0,-0.01,-19095.0,-19553.0,-29800.0,49.0,56.0,62.0
1742508502.9401624,0.28,0.49,0.08,-22959.0,-20105.0,28534.0,0.0,0.0,-0.01,-22970.0,-20050.0,20343.0,0.0,11.0,0.0
1742508502.9522202,0.29,0.51,0.08,-26947.0,-20630.0,13205.0,0.0,0.0,-0.01,-26958.0,-20576.0,5014.0,0.0,0.0,19.0
1742508502.964749,0.3,0.52,0.09,-31044.0,-21190.0,-2059.0,0.0,0.0,-0.01,-31055.0,-21138.0,-10249.0,86.0,94.0,78.0
1742508502.9773016,0.32,0.55,0.1,30183.0,-21810.0,-17190.0,0.0,0.0,-0.01,30173.0,-21758.0,-25380.0,0.0,0.0,0.0
1742508502.9893007,0.33,0.57,0.1,25773.0,-22464.0,-32253.0,0.0,0.0,-0.01,25763.0,-22412.0,25093.0,0.0,0.0,0.0
1742508502.9978006,0.34,0.58,0.11,21262.0,-23157.0,18289.0,0.0,0.0,-0.01,21252.0,-23105.0,10098.0,99.0,98.0,95.0
1742508503.0099332,0.35,0.6,0.12,16652.0,-23891.0,3365.0,0.0,0.0,-0.01,16642.0,-23840.0,-4825.0,2.0,8.0,0.0
1742508503.0219343,0.37,0.61,0.12,11944.0,-24663.0,-11485.0,0.0,0.0,-0.01,11934.0,-24613.0,-19675.0,5.0,15.0,0.0
1742508503.0304344,0.38,0.62,0.13,7141.0,-25463.0,-26263.0,-0.0,0.0,-0.01,7132.0,-25414.0,31083.0,88.0,95.0,115.0
1742508503.0424345,0.39,0.64,0.13,2247.0,-26297.0,24566.0,-0.0,0.0,-0.01,2239.0,-26246.0,16375.0,38.0,13.0,14.0
1742508503.0552104,0.4,0.65,0.14,-2735.0,-27159.0,9930.0,-0.0,0.0,-0.01,-2740.0,-27106.0,1739.0,0.0,0.0,0.0
1742508503.0672336,0.43,0.68,0.15,-7889.0,-28061.0,-4559.0,-0.0,0.0,-0.01,-7893.0,-28009.0,-12749.0,41.0,33.0,43.0
1742508503.0793586,0.44,0.69,0.16,-13123.0,-28998.0,-18974.0,-0.0,0.0,-0.01,-13126.0,-28949.0,-27164.0,0.0,0.0,0.0
1742508503.0878582,0.45,0.7,0.16,-18431.0,-29959.0,32214.0,-0.0,0.0,-0.01,-18433.0,-29913.0,24023.0,16.0,25.0,0.0
1742508503.0998578,0.46,0.72,0.17,-23808.0,-30938.0,17927.0,-0.0,0.0,-0.01,-23810.0,-30893.0,9736.0,114.0,77.0,109.0
1742508503.112358,0.48,0.73,0.17,-29255.0,-31927.0,3704.0,-0.0,0.0,-0.01,-29257.0,-31883.0,-4486.0,3.0,0.0,0.0
1742508503.1203575,0.49,0.74,0.17,30770.0,32605.0,-10457.0,-0.0,0.0,-0.0,30768.0,32644.0,-18647.0,0.0,0.0,0.0
1742508503.1325853,0.5,0.75,0.18,25198.0,31585.0,-24561.0,-0.01,-0.0,-0.0,25199.0,31619.0,-32752.0,119.0,67.0,86.0
1742508503.1447134,0.51,0.76,0.18,19577.0,30557.0,26921.0,-0.01,-0.0,-0.0,19585.0,30586.0,18729.0,0.0,0.0,0.0
1742508503.1572144,0.53,0.77,0.18,13877.0,29511.0,12952.0,-0.01,-0.0,-0.0,13887.0,29541.0,4760.0,7.0,25.0,19.0
1742508503.1697161,0.54,0.78,0.19,8147.0,28458.0,-983.0,-0.01,-0.0,-0.0,8157.0,28489.0,-9174.0,26.0,77.0,45.0
1742508503.1782715,0.55,0.78,0.19,2388.0,27404.0,-14887.0,-0.01,-0.0,-0.0,2398.0,27436.0,-23078.0,0.0,0.0,0.0
1742508503.1899498,0.56,0.78,0.19,-3391.0,26354.0,-28771.0,-0.01,-0.0,-0.0,-3381.0,26386.0,28574.0,0.0,0.0,0.0
1742508503.1984422,0.56,0.79,0.19,-9185.0,25310.0,22894.0,-0.01,-0.0,-0.0,-9175.0,25342.0,14702.0,106.0,84.0,95.0
1742508503.2104418,0.57,0.79,0.19,-14993.0,24267.0,9036.0,-0.01,-0.0,-0.0,-14982.0,24300.0,844.0,0.0,0.0,1.0
1742508503.2224584,0.57,0.79,0.19,-20810.0,23222.0,-4810.0,-0.01,-0.0,-0.0,-20799.0,23255.0,-13001.0,0.0,0.0,0.0
1742508503.230942,0.58,0.79,0.19,-26633.0,22172.0,-18648.0,-0.01,-0.0,-0.0,-26622.0,22206.0,-26839.0,98.0,85.0,96.0
1742508503.243442,0.58,0.79,0.19,-32461.0,21121.0,-32481.0,-0.01,-0.0,-0.0,-32449.0,21155.0,24864.0,0.0,0.0,0.0
1742508503.2559416,0.59,0.79,0.19,27246.0,20067.0,19224.0,-0.01,-0.0,-0.0,27257.0,20101.0,11032.0,5.0,1.0,19.0
1742508503.267966,0.59,0.79,0.19,21419.0,19011.0,5389.0,-0.01,-0.0,-0.0,21432.0,19043.0,-2802.0,54.0,24.0,47.0
1742508503.2799788,0.59,0.79,0.19,15599.0,17955.0,-8450.0,-0.01,-0.0,-0.0,15612.0,17987.0,-16641.0,0.0,0.0,0.0
1742508503.289116,0.59,0.79,0.19,9787.0,16899.0,-22297.0,-0.01,-0.0,-0.0,9801.0,16931.0,-30488.0,25.0,0.0,0.0
1742508503.301117,0.6,0.79,0.19,3986.0,15849.0,29381.0,-0.01,-0.0,-0.0,4001.0,15881.0,21189.0,76.0,95.0,65.0
1742508503.3091178,0.6,0.79,0.19,-1801.0,14806.0,15507.0,-0.01,-0.0,-0.0,-1785.0,14837.0,7315.0,0.0,0.0,0.0
1742508503.321116,0.6,0.78,0.18,-7573.0,13771.0,1617.0,-0.01,-0.0,-0.0,-7556.0,13802.0,-6574.0,0.0,0.0,0.0
1742508503.333115,0.6,0.78,0.18,-13327.0,12746.0,-12291.0,-0.01,-0.0,-0.0,-13309.0,12776.0,-20482.0,84.0,102.0,107.0
1742508503.345177,0.6,0.78,0.18,-19059.0,11731.0,-26222.0,-0.01,-0.0,-0.0,-19040.0,11761.0,31123.0,0.0,0.0,0.0
1742508503.3583317,0.59,0.77,0.18,-24738.0,10729.0,25329.0,-0.01,-0.0,-0.0,-24718.0,10760.0,17137.0,0.0,11.0,0.0
1742508503.3663344,0.59,0.76,0.17,-30385.0,9737.0,11311.0,-0.01,-0.0,-0.0,-30364.0,9770.0,3119.0,43.0,72.0,41.0
1742508503.3783908,0.59,0.76,0.17,29542.0,8752.0,-2743.0,-0.01,-0.0,-0.0,29562.0,8786.0,-10934.0,0.0,0.0,0.0
1742508503.3908906,0.58,0.75,0.17,23970.0,7771.0,-16834.0,-0.01,-0.0,-0.0,23990.0,7807.0,-25025.0,0.0,0.0,0.0
1742508503.3988893,0.58,0.74,0.17,18440.0,6795.0,-30964.0,-0.01,-0.0,-0.0,18460.0,6833.0,26381.0,124.0,96.0,152.0
1742508503.4113896,0.58,0.74,0.17,12953.0,5829.0,20399.0,-0.01,-0.0,-0.0,12973.0,5867.0,12208.0,16.0,3.0,0.0
1742508503.4193892,0.57,0.73,0.16,7509.0,4877.0,6184.0,-0.01,-0.0,-0.0,7529.0,4916.0,-2006.0,0.0,0.0,0.0
1742508503.4313881,0.57,0.72,0.16,2111.0,3939.0,-8072.0,-0.0,-0.0,-0.0,2132.0,3979.0,-16262.0,84.0,79.0,68.0
1742508503.4398894,0.56,0.72,0.16,-3245.0,3018.0,-22366.0,-0.0,-0.0,-0.01,-3223.0,3062.0,-30556.0,15.0,6.0,24.0
1742508503.4523897,0.56,0.71,0.15,-8566.0,2118.0,28844.0,-0.0,-0.0,-0.01,-8547.0,2166.0,20653.0,0.0,0.0,0.0
1742508503.4686527,0.55,0.7,0.15,-13816.0,1257.0,14447.0,-0.0,-0.0,-0.01,-13798.0,1303.0,6256.0,107.0,100.0,83.0
1742508503.4767034,0.54,0.69,0.14,-19028.0,409.0,15.0,-0.0,-0.0,-0.01,-19009.0,453.0,-8175.0,0.0,0.0,0.0
1742508503.4888136,0.54,0.69,0.14,-24204.0,-434.0,-14446.0,-0.0,-0.0,-0.01,-24184.0,-390.0,-22636.0,0.0,0.0,0.0
1742508503.4974535,0.54,0.68,0.14,-29347.0,-1280.0,-28933.0,-0.0,-0.0,-0.01,-29326.0,-1236.0,28413.0,85.0,74.0,108.0
1742508503.5094533,0.54,0.68,0.14,31076.0,-2129.0,22093.0,-0.0,-0.0,-0.01,31097.0,-2086.0,13902.0,9.0,12.0,6.0
1742508503.5180848,0.54,0.67,0.14,25991.0,-2981.0,7558.0,-0.01,-0.0,-0.0,26012.0,-2941.0,-632.0,0.0,0.0,0.0
1742508503.5302763,0.54,0.67,0.14,20939.0,-3836.0,-7002.0,-0.01,-0.0,-0.0,20962.0,-3798.0,-15193.0,10.0,32.0,54.0
1742508503.5417757,0.54,0.66,0.14,15921.0,-4692.0,-21588.0,-0.01,-0.0,-0.0,15946.0,-4655.0,-29779.0,0.0,22.0,12.0
1742508503.5507817,0.54,0.66,0.14,10934.0,-5551.0,29339.0,-0.01,-0.0,-0.0,10961.0,-5513.0,21148.0,25.0,63.0,61.0
1742508503.5669904,0.54,0.65,0.14,6010.0,-6411.0,14682.0,-0.01,-0.0,-0.0,6037.0,-6371.0,6491.0,102.0,94.0,102.0
1742508503.5753345,0.54,0.64,0.14,1117.0,-7259.0,1.0,-0.0,-0.0,-0.01,1144.0,-7217.0,-8189.0,0.0,0.0,0.0
1742508503.5873394,0.54,0.64,0.13,-3741.0,-8095.0,-14705.0,-0.0,-0.0,-0.01,-3713.0,-8052.0,-22895.0,5.0,0.0,0.0
1742508503.5994492,0.54,0.63,0.13,-8567.0,-8927.0,-29435.0,-0.0,-0.0,-0.01,-8539.0,-8882.0,27911.0,109.0,78.0,110.0
1742508503.6079485,0.54,0.63,0.13,-13361.0,-9756.0,21347.0,-0.0,-0.0,-0.01,-13334.0,-9711.0,13156.0,0.0,0.0,43.0
1742508503.6201534,0.53,0.62,0.13,-18122.0,-10582.0,6567.0,-0.0,-0.0,-0.01,-18095.0,-10539.0,-1623.0,0.0,0.0,0.0
1742508503.6287513,0.53,0.62,0.13,-22851.0,-11402.0,-8236.0,-0.01,-0.0,-0.01,-22823.0,-11360.0,-16426.0,0.0,8.0,34.0
1742508503.6403675,0.53,0.61,0.13,-27547.0,-12219.0,-23062.0,-0.01,-0.0,-0.0,-27518.0,-12178.0,-31252.0,0.0,0.0,2.0
1742508503.6527812,0.53,0.61,0.13,-32213.0,-13034.0,27627.0,-0.01,-0.0,-0.0,-32183.0,-12993.0,19436.0,94.0,89.0,57.0
1742508503.664782,0.53,0.61,0.13,28687.0,-13849.0,12757.0,-0.01,-0.0,-0.0,28717.0,-13808.0,4566.0,27.0,80.0,118.0
1742508503.6774697,0.53,0.6,0.13,24116.0,-14654.0,-2159.0,-0.01,-0.0,-0.0,24147.0,-14614.0,-10349.0,20.0,0.0,0.0
1742508503.6894858,0.53,0.59,0.12,19578.0,-15453.0,-17096.0,-0.01,-0.0,-0.0,19610.0,-15412.0,-25286.0,0.0,0.0,0.0
1742508503.69797,0.53,0.59,0.12,15072.0,-16246.0,-32055.0,-0.0,-0.0,-0.01,15104.0,-16204.0,25291.0,104.0,67.0,133.0
1742508503.7104912,0.53,0.58,0.12,10598.0,-17035.0,18499.0,-0.0,-0.0,-0.01,10630.0,-16992.0,10308.0,67.0,20.0,39.0
1742508503.7185955,0.53,0.58,0.12,6157.0,-17818.0,3494.0,-0.0,-0.0,-0.01,6189.0,-17775.0,-4696.0,7.0,0.0,0.0
1742508503.7305956,0.53,0.57,0.12,1750.0,-18595.0,-11532.0,-0.0,-0.0,-0.01,1782.0,-18552.0,-19722.0,20.0,86.0,96.0
1742508503.742611,0.52,0.57,0.12,-2622.0,-19368.0,-26580.0,-0.0,-0.0,-0.01,-2588.0,-19324.0,30766.0,11.0,21.0,0.0
1742508503.7551367,0.52,0.56,0.12,-6959.0,-20140.0,23886.0,-0.0,-0.0,-0.01,-6925.0,-20096.0,15695.0,4.0,0.0,0.0
1742508503.7678075,0.52,0.55,0.12,-11234.0,-20908.0,8775.0,-0.0,-0.0,-0.01,-11199.0,-20864.0,584.0,48.0,144.0,84.0
1742508503.7756453,0.52,0.55,0.12,-15476.0,-21670.0,-6355.0,-0.0,-0.0,-0.01,-15441.0,-21626.0,-14545.0,45.0,0.0,0.0
1742508503.7881565,0.52,0.55,0.11,-19688.0,-22425.0,-21503.0,-0.01,-0.0,-0.01,-19652.0,-22382.0,-29693.0,0.0,0.0,4.0
1742508503.800412,0.52,0.54,0.11,-23869.0,-23176.0,28866.0,-0.01,-0.0,-0.01,-23833.0,-23133.0,20675.0,158.0,114.0,161.0
1742508503.808598,0.52,0.54,0.11,-28020.0,-23922.0,13678.0,-0.01,-0.0,-0.01,-27983.0,-23879.0,5487.0,0.0,0.0,47.0
1742508503.820597,0.52,0.53,0.11,-32140.0,-24663.0,-1527.0,-0.0,-0.0,-0.01,-32103.0,-24620.0,-9717.0,0.0,0.0,0.0
1742508503.8330975,0.52,0.53,0.11,29306.0,-25397.0,-16749.0,-0.0,-0.0,-0.01,29343.0,-25354.0,-24939.0,32.0,107.0,85.0
1742508503.845327,0.52,0.52,0.11,25245.0,-26126.0,-31989.0,-0.0,-0.0,-0.01,25283.0,-26083.0,25357.0,0.0,4.0,5.0
1742508503.8576305,0.51,0.52,0.11,21247.0,-26849.0,18269.0,-0.0,-0.0,-0.01,21285.0,-26805.0,10078.0,0.0,0.0,31.0
1742508503.8663108,0.51,0.51,0.11,17280.0,-27568.0,2973.0,-0.0,-0.0,-0.01,17318.0,-27523.0,-5217.0,70.0,64.0,96.0
1742508503.8778617,0.51,0.51,0.11,13345.0,-28283.0,-12340.0,-0.0,-0.0,-0.01,13383.0,-28237.0,-20530.0,49.0,0.0,0.0
1742508503.890346,0.51,0.5,0.11,9439.0,-28994.0,-27670.0,-0.0,-0.0,-0.01,9477.0,-28949.0,29676.0,0.0,34.0,4.0
1742508503.8988461,0.51,0.5,0.1,5564.0,-29702.0,22518.0,-0.0,-0.0,-0.01,5603.0,-29657.0,14327.0,144.0,124.0,138.0
1742508503.9108458,0.51,0.49,0.1,1720.0,-30406.0,7152.0,-0.0,-0.0,-0.01,1759.0,-30361.0,-1038.0,0.0,49.0,65.0
1742508503.9193485,0.51,0.49,0.1,-2093.0,-31105.0,-8229.0,-0.0,-0.0,-0.01,-2052.0,-31060.0,-16419.0,0.0,0.0,0.0
1742508503.9314725,0.51,0.49,0.1,-5874.0,-31798.0,-23625.0,-0.0,-0.0,-0.01,-5833.0,-31753.0,-31815.0,157.0,122.0,146.0
1742508503.9476068,0.51,0.48,0.1,-9600.0,-32480.0,26484.0,-0.01,-0.01,-0.01,-9558.0,-32436.0,18293.0,40.0,88.0,43.0
1742508503.956195,0.51,0.47,0.1,-13296.0,32378.0,11040.0,-0.01,-0.01,-0.01,-13254.0,32422.0,2849.0,102.0,29.0,62.0
1742508503.968542,0.51,0.47,0.1,-16964.0,31704.0,-4418.0,-0.01,-0.01,-0.01,-16921.0,31748.0,-12608.0,17.0,71.0,92.0
1742508503.980512,0.51,0.47,0.1,-20603.0,31032.0,-19890.0,-0.0,-0.01,-0.01,-20560.0,31076.0,-28080.0,0.0,0.0,0.0
1742508503.9889348,0.51,0.46,0.1,-24213.0,30363.0,30160.0,-0.0,-0.01,-0.01,-24169.0,30408.0,21969.0,82.0,0.0,0.0
1742508504.000804,0.51,0.46,0.1,-27793.0,29698.0,14657.0,-0.0,-0.01,-0.01,-27749.0,29743.0,6466.0,208.0,152.0,156.0
1742508504.0093067,0.51,0.45,0.1,-31345.0,29036.0,-860.0,-0.0,-0.01,-0.01,-31301.0,29082.0,-9050.0,0.0,0.0,63.0
1742508504.0253048,0.51,0.45,0.1,30670.0,28379.0,-16391.0,-0.0,-0.01,-0.01,30713.0,28425.0,-24581.0,76.0,67.0,25.0
1742508504.0378046,0.5,0.44,0.09,27205.0,27730.0,-31951.0,-0.0,-0.01,-0.01,27249.0,27776.0,25395.0,59.0,17.0,0.0
1742508504.0463052,0.5,0.44,0.09,23770.0,27085.0,18010.0,-0.0,-0.01,-0.01,23814.0,27131.0,9819.0,19.0,100.0,135.0
1742508504.058306,0.5,0.43,0.09,20362.0,26446.0,2421.0,-0.0,-0.01,-0.01,20406.0,26492.0,-5769.0,27.0,82.0,76.0
1742508504.0703332,0.5,0.43,0.09,16981.0,25812.0,-13179.0,-0.0,-0.01,-0.01,17026.0,25857.0,-21369.0,139.0,76.0,8.0
1742508504.0788345,0.5,0.43,0.09,13628.0,25182.0,-28792.0,-0.0,-0.01,-0.01,13673.0,25227.0,28554.0,0.0,37.0,70.0
1742508504.0908349,0.5,0.42,0.09,10302.0,24555.0,21118.0,-0.0,-0.01,-0.01,10348.0,24600.0,12927.0,144.0,50.0,49.0
1742508504.099336,0.5,0.42,0.09,7003.0,23933.0,5479.0,-0.0,-0.01,-0.01,7049.0,23978.0,-2711.0,75.0,140.0,110.0
1742508504.1157956,0.5,0.41,0.09,3756.0,23317.0,-10182.0,-0.0,-0.01,-0.01,3803.0,23363.0,-18372.0,80.0,145.0,133.0
1742508504.1277945,0.5,0.41,0.09,536.0,22705.0,-25855.0,-0.0,-0.01,-0.01,583.0,22751.0,31491.0,88.0,69.0,0.0
1742508504.136411,0.5,0.41,0.09,-2656.0,22097.0,23995.0,-0.0,-0.01,-0.01,-2608.0,22143.0,15804.0,0.0,6.0,6.0
1742508504.1484127,0.5,0.4,0.09,-5819.0,21493.0,8296.0,-0.0,-0.01,-0.01,-5771.0,21539.0,105.0,155.0,118.0,146.0
1742508504.1569107,0.5,0.4,0.09,-8955.0,20893.0,-7414.0,-0.0,-0.01,-0.01,-8907.0,20940.0,-15604.0,0.0,70.0,97.0
1742508504.1689246,0.5,0.4,0.09,-12064.0,20297.0,-23135.0,-0.0,-0.01,-0.01,-12015.0,20344.0,-31325.0,0.0,33.0,66.0
1742508504.1809452,0.5,0.39,0.08,-15146.0,19706.0,26669.0,-0.0,-0.01,-0.01,-15097.0,19753.0,18478.0,115.0,91.0,91.0
1742508504.1894305,0.5,0.39,0.08,-18201.0,19119.0,10923.0,-0.0,-0.01,-0.01,-18152.0,19166.0,2732.0,0.0,45.0,59.0
1742508504.2059295,0.5,0.38,0.08,-21205.0,18540.0,-4843.0,-0.0,-0.01,-0.01,-21156.0,18586.0,-13033.0,15.0,28.0,9.0
1742508504.217946,0.5,0.38,0.08,-24184.0,17963.0,-20618.0,-0.0,-0.01,-0.01,-24134.0,18009.0,-28808.0,147.0,179.0,130.0
1742508504.2264307,0.5,0.38,0.08,-27138.0,17389.0,29133.0,-0.0,-0.01,-0.01,-27088.0,17435.0,20942.0,0.0,8.0,59.0
1742508504.238431,0.5,0.37,0.08,-30067.0,16818.0,13336.0,-0.0,-0.01,-0.01,-30016.0,16864.0,5145.0,0.0,0.0,0.0
1742508504.250445,0.5,0.37,0.08,32565.0,16251.0,-2470.0,-0.0,-0.01,-0.01,32615.0,16297.0,-10660.0,61.0,126.0,114.0
1742508504.2589326,0.49,0.37,0.08,29683.0,15688.0,-18285.0,-0.0,-0.01,-0.01,29733.0,15734.0,-26475.0,161.0,79.0,90.0
1742508504.2710943,0.49,0.36,0.08,26827.0,15129.0,31427.0,-0.0,-0.01,-0.01,26878.0,15175.0,23236.0,64.0,17.0,4.0
1742508504.2796364,0.49,0.36,0.08,23996.0,14574.0,15591.0,-0.0,-0.01,-0.01,24047.0,14621.0,7400.0,137.0,108.0,163.0
1742508504.2960324,0.49,0.35,0.08,21215.0,14028.0,-263.0,-0.0,-0.01,-0.01,21266.0,14075.0,-8453.0,102.0,39.0,74.0
1742508504.3080316,0.49,0.35,0.08,18459.0,13486.0,-16126.0,-0.0,-0.01,-0.01,18510.0,13533.0,-24316.0,0.0,55.0,96.0
1742508504.3165314,0.49,0.35,0.08,15727.0,12948.0,-31998.0,-0.0,-0.01,-0.01,15778.0,12995.0,25348.0,96.0,160.0,111.0
1742508504.3285315,0.49,0.34,0.08,13019.0,12412.0,17656.0,-0.0,-0.01,-0.01,13071.0,12459.0,9465.0,0.0,12.0,6.0
1742508504.340531,0.49,0.34,0.08,10336.0,11879.0,1764.0,-0.0,-0.01,-0.01,10388.0,11926.0,-6426.0,121.0,19.0,11.0
1742508504.349147,0.49,0.34,0.07,7677.0,11349.0,-14134.0,-0.0,-0.01,-0.01,7729.0,11396.0,-22324.0,174.0,126.0,133.0
1742508504.3611474,0.49,0.33,0.07,5041.0,10822.0,-30041.0,-0.0,-0.01,-0.01,5093.0,10869.0,27305.0,19.0,38.0,43.0
1742508504.3778396,0.49,0.33,0.07,2450.0,10302.0,19571.0,-0.0,-0.01,-0.01,2503.0,10349.0,11380.0,123.0,67.0,90.0
1742508504.3858504,0.49,0.33,0.07,-116.0,9785.0,3638.0,-0.0,-0.01,-0.01,-62.0,9832.0,-4552.0,5.0,17.0,28.0
1742508504.3983428,0.49,0.32,0.07,-2658.0,9273.0,-12300.0,-0.0,-0.01,-0.01,-2603.0,9320.0,-20490.0,0.0,77.0,96.0
1742508504.4063585,0.49,0.32,0.07,-5176.0,8764.0,-28246.0,-0.0,-0.01,-0.01,-5121.0,8811.0,29100.0,0.0,46.0,58.0
1742508504.4188423,0.49,0.32,0.07,-7672.0,8260.0,21335.0,-0.0,-0.01,-0.01,-7617.0,8307.0,13144.0,134.0,100.0,78.0
1742508504.4273436,0.49,0.31,0.07,-10145.0,7759.0,5371.0,-0.0,-0.01,-0.01,-10090.0,7806.0,-2819.0,54.0,0.0,14.0
1742508504.4395425,0.49,0.31,0.07,-12595.0,7262.0,-10598.0,-0.0,-0.01,-0.01,-12539.0,7310.0,-18788.0,0.0,31.0,87.0
1742508504.4515417,0.49,0.31,0.07,-15021.0,6769.0,-26575.0,-0.0,-0.01,-0.01,-14965.0,6817.0,30771.0,69.0,140.0,179.0
1742508504.4599164,0.49,0.31,0.07,-17425.0,6279.0,22976.0,-0.0,-0.01,-0.01,-17369.0,6327.0,14785.0,60.0,60.0,4.0
1742508504.4759429,0.49,0.3,0.07,-19786.0,5794.0,6976.0,-0.0,-0.01,-0.01,-19730.0,5842.0,-1214.0,51.0,48.0,82.0
1742508504.4846199,0.49,0.3,0.07,-22125.0,5312.0,-9029.0,-0.0,-0.01,-0.01,-22069.0,5359.0,-17219.0,140.0,22.0,33.0
1742508504.4966195,0.49,0.29,0.07,-24443.0,4832.0,-25041.0,-0.0,-0.01,-0.01,-24386.0,4879.0,32305.0,125.0,103.0,76.0
1742508504.5087478,0.49,0.29,0.07,-26739.0,4355.0,24475.0,-0.0,-0.01,-0.01,-26682.0,4402.0,16284.0,31.0,70.0,75.0
1742508504.5173836,0.49,0.29,0.07,-29014.0,3882.0,8448.0,-0.0,-0.01,-0.01,-28957.0,3929.0,257.0,194.0,134.0,90.0
1742508504.5293837,0.49,0.29,0.07,-31268.0,3413.0,-7584.0,-0.0,-0.01,-0.01,-31211.0,3460.0,-15774.0,0.0,14.0,45.0
1742508504.5378826,0.49,0.28,0.07,32035.0,2947.0,-23622.0,-0.0,-0.01,-0.01,32092.0,2995.0,-31812.0,0.0,41.0,82.0
1742508504.549883,0.49,0.28,0.06,29821.0,2485.0,25870.0,-0.0,-0.01,-0.01,29878.0,2533.0,17679.0,203.0,126.0,180.0
1742508504.5665612,0.49,0.28,0.06,27649.0,2029.0,9812.0,-0.0,-0.01,-0.01,27706.0,2077.0,1621.0,46.0,171.0,142.0
1742508504.5745614,0.49,0.27,0.06,25498.0,1576.0,-6252.0,-0.0,-0.01,-0.01,25555.0,1624.0,-14442.0,73.0,37.0,85.0
1742508504.5865889,0.49,0.27,0.06,23367.0,1126.0,-22321.0,-0.0,-0.01,-0.01,23424.0,1174.0,-30511.0,0.0,0.0,15.0
1742508504.5988176,0.49,0.27,0.06,21256.0,679.0,27141.0,-0.0,-0.01,-0.01,21313.0,727.0,18950.0,152.0,93.0,129.0
1742508504.6073165,0.49,0.27,0.06,19166.0,234.0,11059.0,-0.0,-0.01,-0.01,19224.0,282.0,2868.0,80.0,35.0,27.0
1742508504.6193209,0.49,0.26,0.06,17096.0,-207.0,-5027.0,-0.0,-0.01,-0.01,17154.0,-158.0,-13217.0,171.0,78.0,114.0
1742508504.6275048,0.49,0.26,0.06,15045.0,-644.0,-21117.0,-0.0,-0.01,-0.01,15103.0,-595.0,-29307.0,0.0,16.0,9.0
1742508504.640005,0.49,0.26,0.06,13013.0,-1078.0,28323.0,-0.0,-0.01,-0.01,13071.0,-1029.0,20132.0,51.0,28.0,44.0
1742508504.6520047,0.49,0.26,0.06,11001.0,-1508.0,12220.0,-0.0,-0.01,-0.01,11060.0,-1460.0,4029.0,247.0,148.0,178.0
1742508504.6641371,0.49,0.25,0.06,9028.0,-1933.0,-3892.0,-0.0,-0.01,-0.01,9087.0,-1885.0,-12082.0,262.0,175.0,206.0
1742508504.6769724,0.49,0.25,0.06,7075.0,-2355.0,-20008.0,-0.0,-0.01,-0.01,7134.0,-2306.0,-28198.0,0.0,48.0,86.0
1742508504.6849785,0.49,0.25,0.06,5141.0,-2773.0,29407.0,-0.0,-0.01,-0.01,5200.0,-2724.0,21216.0,0.0,29.0,25.0
1742508504.697382,0.49,0.24,0.06,3226.0,-3189.0,13279.0,-0.0,-0.01,-0.01,3285.0,-3140.0,5088.0,155.0,78.0,111.0
1742508504.7095842,0.49,0.24,0.06,1329.0,-3602.0,-2854.0,-0.0,-0.01,-0.01,1389.0,-3553.0,-11044.0,26.0,64.0,132.0
1742508504.7175841,0.49,0.24,0.06,-546.0,-4013.0,-18990.0,-0.0,-0.01,-0.01,-485.0,-3964.0,-27180.0,14.0,57.0,116.0
1742508504.7295847,0.48,0.24,0.06,-2403.0,-4422.0,30406.0,-0.0,-0.01,-0.01,-2342.0,-4373.0,22215.0,0.0,7.0,51.0
1742508504.7381976,0.48,0.23,0.06,-4242.0,-4827.0,14259.0,-0.0,-0.01,-0.01,-4181.0,-4778.0,6068.0,65.0,18.0,24.0
1742508504.7501981,0.48,0.23,0.06,-6062.0,-5230.0,-1891.0,-0.0,-0.01,-0.01,-6001.0,-5181.0,-10081.0,220.0,136.0,135.0
1742508504.7670584,0.48,0.23,0.06,-7846.0,-5626.0,-18049.0,-0.0,-0.01,-0.01,-7784.0,-5577.0,-26239.0,111.0,155.0,151.0
1742508504.7750564,0.48,0.23,0.06,-9612.0,-6020.0,31325.0,-0.0,-0.01,-0.01,-9550.0,-5971.0,23134.0,148.0,66.0,52.0
1742508504.7871733,0.48,0.22,0.06,-11360.0,-6411.0,15157.0,-0.0,-0.01,-0.01,-11298.0,-6362.0,6966.0,102.0,1.0,6.0
1742508504.7956736,0.48,0.22,0.05,-13091.0,-6800.0,-1014.0,-0.0,-0.01,-0.01,-13029.0,-6751.0,-9204.0,37.0,90.0,106.0
1742508504.8078148,0.48,0.22,0.05,-14804.0,-7185.0,-17189.0,-0.0,-0.01,-0.01,-14742.0,-7136.0,-25379.0,160.0,60.0,52.0
1742508504.8203154,0.48,0.22,0.05,-16500.0,-7568.0,32168.0,-0.0,-0.01,-0.01,-16438.0,-7519.0,23977.0,185.0,83.0,53.0
1742508504.8283165,0.48,0.21,0.05,-18178.0,-7949.0,15983.0,-0.0,-0.01,-0.01,-18116.0,-7899.0,7792.0,0.0,33.0,8.0
1742508504.840502,0.48,0.21,0.05,-19839.0,-8327.0,-205.0,-0.0,-0.01,-0.01,-19776.0,-8277.0,-8395.0,0.0,38.0,52.0
1742508504.8569438,0.48,0.21,0.05,-21465.0,-8700.0,-16399.0,-0.0,-0.01,-0.01,-21402.0,-8650.0,-24589.0,0.0,21.0,74.0
1742508504.8650496,0.48,0.21,0.05,-23075.0,-9071.0,-32597.0,-0.0,-0.01,-0.01,-23012.0,-9021.0,24749.0,236.0,129.0,173.0
1742508504.8773568,0.48,0.2,0.05,-24668.0,-9439.0,16737.0,-0.0,-0.01,-0.01,-24605.0,-9389.0,8546.0,113.0,71.0,39.0
1742508504.885689,0.48,0.2,0.05,-26245.0,-9804.0,531.0,-0.0,-0.01,-0.01,-26182.0,-9754.0,-7659.0,0.0,16.0,2.0
1742508504.8980103,0.48,0.2,0.05,-27806.0,-10166.0,-15677.0,-0.0,-0.01,-0.01,-27743.0,-10117.0,-23867.0,204.0,147.0,179.0
1742508504.9102492,0.48,0.2,0.05,-29351.0,-10526.0,-31888.0,-0.0,-0.01,-0.01,-29288.0,-10477.0,25458.0,0.0,80.0,80.0
1742508504.918749,0.48,0.2,0.05,-30880.0,-10883.0,17432.0,-0.0,-0.01,-0.01,-30817.0,-10833.0,9241.0,8.0,84.0,28.0
1742508504.9307537,0.48,0.19,0.05,-32393.0,-11238.0,1213.0,-0.0,-0.01,-0.01,-32329.0,-11188.0,-6977.0,14.0,44.0,73.0
1742508504.9472094,0.48,0.19,0.05,31663.0,-11588.0,-15011.0,-0.0,-0.01,-0.01,31726.0,-11538.0,-23201.0,29.0,11.0,16.0
1742508504.955233,0.48,0.19,0.05,30197.0,-11936.0,-31238.0,-0.0,-0.01,-0.01,30260.0,-11886.0,26108.0,0.0,20.0,40.0
1742508504.967759,0.48,0.19,0.05,28747.0,-12281.0,18067.0,-0.0,-0.01,-0.01,28810.0,-12231.0,9876.0,33.0,152.0,124.0
1742508504.9757588,0.48,0.18,0.05,27312.0,-12625.0,1831.0,-0.0,-0.01,-0.01,27375.0,-12575.0,-6359.0,44.0,29.0,47.0
1742508504.988266,0.48,0.18,0.05,25893.0,-12966.0,-14405.0,-0.0,-0.01,-0.01,25957.0,-12916.0,-22595.0,0.0,9.0,62.0
1742508505.0002663,0.48,0.18,0.05,24491.0,-13304.0,-30644.0,-0.0,-0.01,-0.01,24555.0,-13254.0,26702.0,39.0,160.0,137.0
1742508505.008767,0.48,0.18,0.05,23103.0,-13640.0,18649.0,-0.0,-0.01,-0.01,23167.0,-13590.0,10458.0,149.0,36.0,102.0
1742508505.0250263,0.48,0.17,0.05,21744.0,-13970.0,2400.0,-0.0,-0.01,-0.01,21808.0,-13920.0,-5790.0,111.0,16.0,78.0
1742508505.037021,0.48,0.17,0.05,20400.0,-14299.0,-13851.0,-0.0,-0.01,-0.01,20464.0,-14249.0,-22041.0,109.0,34.0,61.0
1742508505.0455055,0.48,0.17,0.05,19071.0,-14625.0,-30104.0,-0.0,-0.01,-0.01,19136.0,-14575.0,27242.0,0.0,36.0,129.0
1742508505.0575087,0.48,0.17,0.05,17758.0,-14949.0,19175.0,-0.0,-0.01,-0.01,17823.0,-14899.0,10984.0,9.0,22.0,83.0
1742508505.0700083,0.48,0.17,0.05,16458.0,-15272.0,2915.0,-0.0,-0.01,-0.01,16523.0,-15222.0,-5275.0,125.0,122.0,124.0
1742508505.0785089,0.48,0.17,0.05,15173.0,-15592.0,-13345.0,-0.0,-0.01,-0.01,15238.0,-15542.0,-21535.0,116.0,0.0,10.0
1742508505.0900273,0.48,0.16,0.05,13902.0,-15910.0,-29609.0,-0.0,-0.01,-0.01,13967.0,-15860.0,27737.0,68.0,35.0,18.0
1742508505.1065116,0.48,0.16,0.05,12660.0,-16224.0,19658.0,-0.0,-0.01,-0.01,12726.0,-16174.0,11467.0,0.0,0.0,50.0
1742508505.1155126,0.48,0.16,0.04,11433.0,-16535.0,3386.0,-0.0,-0.01,-0.01,11499.0,-16485.0,-4804.0,124.0,134.0,130.0
1742508505.1280131,0.48,0.16,0.04,10220.0,-16844.0,-12887.0,-0.0,-0.01,-0.01,10286.0,-16794.0,-21077.0,98.0,83.0,31.0
1742508505.1360128,0.48,0.16,0.04,9020.0,-17151.0,-29162.0,-0.0,-0.01,-0.01,9086.0,-17101.0,28184.0,0.0,0.0,0.0
1742508505.1480138,0.48,0.15,0.04,7834.0,-17455.0,20096.0,-0.0,-0.01,-0.01,7900.0,-17405.0,11905.0,92.0,144.0,152.0
1742508505.160012,0.48,0.15,0.04,6662.0,-17757.0,3815.0,-0.0,-0.01,-0.01,6729.0,-17707.0,-4375.0,11.0,50.0,35.0
1742508505.168515,0.48,0.15,0.04,5504.0,-18058.0,-12467.0,-0.0,-0.01,-0.01,5571.0,-18008.0,-20657.0,0.0,43.0,62.0
1742508505.185024,0.48,0.15,0.04,4372.0,-18355.0,-28753.0,-0.0,-0.01,-0.01,4439.0,-18305.0,28593.0,206.0,132.0,103.0
1742508505.1965237,0.48,0.15,0.04,3253.0,-18650.0,20494.0,-0.0,-0.01,-0.01,3320.0,-18600.0,12303.0,33.0,20.0,4.0
1742508505.2050426,0.48,0.14,0.04,2148.0,-18942.0,4202.0,-0.0,-0.01,-0.01,2215.0,-18892.0,-3988.0,18.0,22.0,0.0
1742508505.2175226,0.48,0.14,0.04,1056.0,-19233.0,-12090.0,-0.0,-0.01,-0.01,1123.0,-19183.0,-20280.0,250.0,147.0,154.0
1742508505.225613,0.48,0.14,0.04,-22.0,-19522.0,-28383.0,-0.0,-0.01,-0.01,45.0,-19472.0,28963.0,107.0,0.0,0.0
1742508505.2376115,0.48,0.14,0.04,-1088.0,-19809.0,20857.0,-0.0,-0.01,-0.01,-1019.0,-19758.0,12666.0,25.0,0.0,0.0
1742508505.2501118,0.48,0.14,0.04,-2139.0,-20093.0,4558.0,-0.0,-0.01,-0.01,-2070.0,-20043.0,-3632.0,145.0,153.0,191.0
1742508505.2586143,0.48,0.14,0.04,-3177.0,-20376.0,-11741.0,-0.0,-0.01,-0.01,-3108.0,-20326.0,-19931.0,0.0,45.0,83.0
1742508505.2746186,0.48,0.13,0.04,-4191.0,-20655.0,-28044.0,-0.0,-0.01,-0.01,-4122.0,-20605.0,29302.0,66.0,78.0,53.0
1742508505.2866828,0.48,0.13,0.04,-5192.0,-20932.0,21187.0,-0.0,-0.01,-0.01,-5123.0,-20882.0,12996.0,139.0,89.0,85.0
1742508505.2954154,0.48,0.13,0.04,-6181.0,-21207.0,4879.0,-0.0,-0.01,-0.01,-6112.0,-21157.0,-3311.0,0.0,0.0,47.0
1742508505.3076887,0.48,0.13,0.04,-7158.0,-21480.0,-11429.0,-0.0,-0.01,-0.01,-7089.0,-21430.0,-19619.0,0.0,29.0,37.0
1742508505.316188,0.48,0.13,0.04,-8123.0,-21752.0,-27738.0,-0.0,-0.01,-0.01,-8054.0,-21701.0,29608.0,166.0,175.0,111.0
1742508505.3277745,0.48,0.13,0.04,-9076.0,-22021.0,21487.0,-0.0,-0.01,-0.01,-9007.0,-21970.0,13296.0,111.0,36.0,19.0
1742508505.3406186,0.48,0.12,0.04,-10018.0,-22288.0,5173.0,-0.0,-0.01,-0.01,-9948.0,-22237.0,-3017.0,66.0,47.0,63.0
1742508505.3486187,0.48,0.12,0.04,-10947.0,-22553.0,-11141.0,-0.0,-0.01,-0.01,-10877.0,-22502.0,-19331.0,202.0,163.0,163.0
1742508505.3649077,0.48,0.12,0.04,-11852.0,-22814.0,-27458.0,-0.0,-0.01,-0.01,-11782.0,-22763.0,29888.0,88.0,129.0,128.0
1742508505.3770816,0.48,0.12,0.04,-12745.0,-23073.0,21758.0,-0.0,-0.01,-0.01,-12675.0,-23022.0,13567.0,121.0,89.0,98.0
1742508505.3855724,0.48,0.12,0.04,-13627.0,-23331.0,5437.0,-0.0,-0.01,-0.01,-13557.0,-23280.0,-2753.0,0.0,0.0,25.0
1742508505.3977199,0.48,0.12,0.04,-14498.0,-23587.0,-10884.0,-0.0,-0.01,-0.01,-14428.0,-23536.0,-19074.0,63.0,83.0,120.0
1742508505.4097345,0.48,0.11,0.04,-15358.0,-23841.0,-27207.0,-0.0,-0.01,-0.01,-15288.0,-23790.0,30139.0,0.0,19.0,106.0
1742508505.4182215,0.48,0.11,0.04,-16207.0,-24094.0,22005.0,-0.0,-0.01,-0.01,-16137.0,-24043.0,13814.0,157.0,72.0,33.0
1742508505.4347196,0.48,0.11,0.04,-17033.0,-24343.0,5677.0,-0.0,-0.01,-0.01,-16962.0,-24292.0,-2513.0,133.0,134.0,54.0
1742508505.446719,0.48,0.11,0.04,-17848.0,-24591.0,-10651.0,-0.0,-0.01,-0.01,-17777.0,-24540.0,-18841.0,26.0,30.0,42.0
1742508505.4552188,0.48,0.11,0.04,-18652.0,-24837.0,-26980.0,-0.0,-0.01,-0.01,-18581.0,-24786.0,30366.0,108.0,13.0,26.0
1742508505.4672558,0.48,0.11,0.04,-19445.0,-25082.0,22225.0,-0.0,-0.01,-0.01,-19374.0,-25031.0,14034.0,242.0,173.0,193.0
1742508505.4793193,0.48,0.1,0.04,-20228.0,-25325.0,5891.0,-0.0,-0.01,-0.01,-20157.0,-25274.0,-2299.0,102.0,0.0,0.0
1742508505.4883015,0.48,0.1,0.04,-21000.0,-25566.0,-10441.0,-0.0,-0.01,-0.01,-20929.0,-25515.0,-18631.0,6.0,41.0,20.0
1742508505.5003035,0.48,0.1,0.04,-21762.0,-25807.0,-26775.0,-0.0,-0.01,-0.01,-21691.0,-25756.0,30571.0,177.0,150.0,128.0
1742508505.516142,0.48,0.1,0.04,-22502.0,-26047.0,22425.0,-0.0,-0.01,-0.01,-22431.0,-25997.0,14234.0,151.0,123.0,176.0
1742508505.5246406,0.48,0.1,0.04,-23231.0,-26287.0,6087.0,-0.0,-0.01,-0.01,-23160.0,-26236.0,-2103.0,96.0,100.0,78.0
1742508505.536826,0.48,0.1,0.04,-23948.0,-26525.0,-10251.0,-0.0,-0.01,-0.01,-23876.0,-26473.0,-18441.0,104.0,33.0,3.0
1742508505.548825,0.48,0.1,0.04,-24653.0,-26760.0,-26590.0,-0.0,-0.01,-0.01,-24581.0,-26709.0,30756.0,150.0,99.0,107.0
1742508505.5573254,0.48,0.09,0.03,-25346.0,-26989.0,22605.0,-0.0,-0.01,-0.01,-25274.0,-26940.0,14414.0,87.0,53.0,44.0
1742508505.5698268,0.48,0.09,0.03,-26026.0,-27204.0,6261.0,-0.0,-0.01,-0.01,-25954.0,-27157.0,-1929.0,29.0,84.0,73.0
1742508505.585991,0.48,0.09,0.03,-26684.0,-27416.0,-10083.0,-0.0,-0.01,-0.01,-26611.0,-27371.0,-18273.0,165.0,127.0,150.0
1742508505.5944908,0.48,0.09,0.03,-27333.0,-27637.0,-26428.0,-0.0,-0.01,-0.01,-27260.0,-27592.0,30918.0,64.0,45.0,0.0
1742508505.60649,0.48,0.09,0.04,-27976.0,-27884.0,22762.0,-0.0,-0.01,-0.01,-27904.0,-27839.0,14571.0,70.0,19.0,36.0
1742508505.6186383,0.48,0.09,0.04,-28616.0,-28168.0,6416.0,-0.0,-0.01,-0.01,-28543.0,-28124.0,-1774.0,113.0,190.0,151.0
1742508505.6268082,0.48,0.09,0.05,-29253.0,-28507.0,-9925.0,-0.0,-0.01,-0.01,-29181.0,-28462.0,-18115.0,151.0,71.0,46.0
1742508505.6393082,0.48,0.09,0.06,-29889.0,-28917.0,-26262.0,-0.0,-0.01,-0.01,-29817.0,-28870.0,31084.0,39.0,0.0,38.0
1742508505.6478076,0.48,0.09,0.07,-30525.0,-29407.0,22940.0,-0.0,-0.01,-0.01,-30453.0,-29358.0,14749.0,170.0,188.0,220.0
1742508505.6638095,0.48,0.09,0.09,-31163.0,-30107.0,6622.0,-0.0,-0.01,-0.01,-31092.0,-30053.0,-1568.0,181.0,156.0,112.0
1742508505.6758099,0.48,0.09,0.11,-31801.0,-30913.0,-9683.0,-0.0,-0.01,-0.01,-31730.0,-30857.0,-17873.0,158.0,79.0,240.0
1742508505.684358,0.48,0.09,0.12,-32436.0,-31825.0,-25976.0,-0.0,-0.01,-0.01,-32365.0,-31767.0,31370.0,154.0,136.0,87.0
1742508505.6968353,0.48,0.09,0.13,32471.0,32702.0,23278.0,-0.01,-0.01,-0.01,32541.0,32760.0,15087.0,71.0,47.0,123.0
1742508505.7088354,0.49,0.08,0.15,31894.0,31563.0,7008.0,-0.0,-0.01,-0.01,31967.0,31622.0,-1182.0,49.0,38.0,98.0
1742508505.717335,0.49,0.08,0.15,31343.0,30376.0,-9254.0,-0.0,-0.01,-0.01,31417.0,30440.0,-17444.0,95.0,103.0,62.0
1742508505.7333353,0.49,0.08,0.16,30740.0,29159.0,-25506.0,-0.0,-0.01,-0.01,30808.0,29205.0,31840.0,123.0,101.0,99.0
1742508505.7458358,0.49,0.08,0.16,30131.0,27928.0,23776.0,-0.01,-0.01,-0.0,30202.0,27966.0,15585.0,0.0,0.0,19.0
1742508505.7538369,0.49,0.08,0.16,29523.0,26688.0,7521.0,-0.01,-0.01,-0.0,29598.0,26724.0,-669.0,0.0,0.0,0.0
1742508505.765836,0.49,0.08,0.16,28923.0,25456.0,-8734.0,-0.01,-0.01,-0.01,28998.0,25498.0,-16924.0,108.0,116.0,120.0
1742508505.7744603,0.49,0.08,0.16,28315.0,24236.0,-24988.0,-0.01,-0.01,-0.01,28388.0,24286.0,32358.0,5.0,11.0,1.0
1742508505.7866526,0.49,0.08,0.16,27693.0,23015.0,24295.0,-0.01,-0.01,-0.01,27765.0,23064.0,16104.0,0.0,0.0,0.0
1742508505.7991307,0.49,0.08,0.16,27081.0,21783.0,8041.0,-0.01,-0.01,-0.01,27155.0,21827.0,-149.0,74.0,79.0,52.0
1742508505.8076308,0.49,0.08,0.16,26481.0,20544.0,-8211.0,-0.01,-0.01,-0.01,26557.0,20586.0,-16401.0,15.0,4.0,21.0
1742508505.823746,0.49,0.08,0.16,25921.0,19318.0,-24468.0,-0.0,-0.01,-0.01,25996.0,19365.0,-32658.0,0.0,0.0,0.0
1742508505.8357604,0.49,0.08,0.15,25377.0,18110.0,24807.0,-0.0,-0.01,-0.01,25450.0,18159.0,16616.0,68.0,74.0,89.0
1742508505.84388,0.49,0.07,0.15,24849.0,16908.0,8542.0,-0.0,-0.01,-0.01,24921.0,16958.0,351.0,0.0,0.0,0.0
1742508505.8563795,0.49,0.07,0.15,24336.0,15705.0,-7723.0,-0.0,-0.01,-0.01,24409.0,15754.0,-15913.0,0.0,0.0,0.0
1742508505.8648832,0.5,0.07,0.15,23838.0,14505.0,-23988.0,-0.0,-0.01,-0.01,23912.0,14551.0,-32178.0,113.0,94.0,89.0
1742508505.8765254,0.5,0.07,0.15,23352.0,13310.0,25281.0,-0.0,-0.01,-0.01,23427.0,13356.0,17090.0,0.0,0.0,0.0
1742508505.88505,0.49,0.07,0.15,22873.0,12122.0,9010.0,-0.0,-0.01,-0.01,22947.0,12169.0,819.0,0.0,0.0,0.0
1742508505.8975494,0.49,0.07,0.15,22399.0,10941.0,-7261.0,-0.01,-0.01,-0.01,22473.0,10987.0,-15451.0,57.0,53.0,47.0
1742508505.909555,0.49,0.07,0.15,21933.0,9762.0,-23532.0,-0.01,-0.01,-0.01,22008.0,9807.0,-31722.0,7.0,3.0,11.0
1742508505.9220502,0.5,0.06,0.15,21483.0,8595.0,25730.0,-0.0,-0.01,-0.01,21558.0,8641.0,17539.0,0.0,24.0,12.0
1742508505.9340749,0.5,0.06,0.15,21043.0,7433.0,9452.0,-0.0,-0.01,-0.01,21118.0,7480.0,1261.0,95.0,82.0,75.0
1742508505.9466424,0.5,0.06,0.15,20613.0,6277.0,-6826.0,-0.0,-0.01,-0.01,20688.0,6324.0,-15016.0,0.0,0.0,0.0
1742508505.9547913,0.5,0.06,0.15,20193.0,5126.0,-23104.0,-0.0,-0.01,-0.01,20268.0,5174.0,-31294.0,0.0,0.0,0.0
1742508505.9668183,0.5,0.06,0.15,19783.0,3982.0,26153.0,-0.0,-0.01,-0.01,19858.0,4030.0,17962.0,99.0,85.0,98.0
1742508505.9748857,0.5,0.06,0.15,19383.0,2843.0,9870.0,-0.0,-0.01,-0.01,19458.0,2891.0,1679.0,22.0,2.0,0.0
1742508505.9875002,0.5,0.06,0.14,18992.0,1710.0,-6413.0,-0.0,-0.01,-0.01,19067.0,1757.0,-14603.0,0.0,0.0,0.0
1742508505.996,0.5,0.06,0.14,18608.0,582.0,-22697.0,-0.0,-0.01,-0.01,18684.0,629.0,-30887.0,41.0,64.0,92.0
1742508506.008074,0.5,0.06,0.14,18232.0,-540.0,26555.0,-0.0,-0.01,-0.01,18308.0,-493.0,18364.0,0.0,1.0,26.0
1742508506.0165765,0.5,0.05,0.14,17863.0,-1656.0,10267.0,-0.01,-0.01,-0.01,17939.0,-1609.0,2076.0,43.0,44.0,48.0
1742508506.0328257,0.5,0.05,0.14,17510.0,-2762.0,-6023.0,-0.0,-0.01,-0.01,17587.0,-2714.0,-14213.0,104.0,92.0,70.0
1742508506.0449486,0.5,0.05,0.14,17167.0,-3862.0,-22313.0,-0.0,-0.01,-0.01,17244.0,-3814.0,-30503.0,8.0,0.0,17.0
1742508506.053458,0.5,0.05,0.14,16833.0,-4957.0,26932.0,-0.0,-0.01,-0.01,16910.0,-4908.0,18741.0,0.0,0.0,0.0
1742508506.0649457,0.5,0.05,0.14,16509.0,-6046.0,10638.0,-0.0,-0.01,-0.01,16586.0,-5997.0,2447.0,85.0,105.0,74.0
1742508506.077611,0.5,0.05,0.14,16193.0,-7130.0,-5656.0,-0.0,-0.01,-0.01,16269.0,-7081.0,-13846.0,11.0,6.0,0.0
1742508506.0861442,0.5,0.05,0.14,15885.0,-8209.0,-21950.0,-0.0,-0.01,-0.01,15961.0,-8161.0,-30140.0,0.0,0.0,0.0
1742508506.0980568,0.5,0.05,0.14,15585.0,-9284.0,27291.0,-0.0,-0.01,-0.01,15662.0,-9236.0,19100.0,19.0,23.0,59.0
1742508506.1061995,0.5,0.05,0.14,15293.0,-10354.0,10993.0,-0.0,-0.01,-0.01,15370.0,-10306.0,2802.0,20.0,28.0,54.0
1742508506.1227422,0.5,0.04,0.14,15015.0,-11414.0,-5306.0,-0.0,-0.01,-0.01,15092.0,-11366.0,-13496.0,0.0,0.0,0.0
1742508506.1347425,0.5,0.04,0.14,14745.0,-12469.0,-21605.0,-0.0,-0.01,-0.01,14822.0,-12421.0,-29795.0,99.0,88.0,119.0
1742508506.1432424,0.5,0.04,0.13,14483.0,-13519.0,27631.0,-0.0,-0.01,-0.01,14560.0,-13470.0,19440.0,0.0,0.0,0.0
1742508506.155242,0.5,0.04,0.13,14229.0,-14564.0,11328.0,-0.0,-0.01,-0.01,14306.0,-14515.0,3137.0,0.0,0.0,0.0
1742508506.1672487,0.5,0.04,0.13,13983.0,-15604.0,-4975.0,-0.0,-0.01,-0.01,14060.0,-15555.0,-13165.0,113.0,105.0,113.0
1742508506.1757479,0.5,0.04,0.13,13745.0,-16639.0,-21278.0,-0.0,-0.01,-0.01,13822.0,-16590.0,-29468.0,12.0,27.0,18.0
1742508506.1879046,0.5,0.04,0.13,13514.0,-17670.0,27954.0,-0.0,-0.01,-0.01,13591.0,-17621.0,19763.0,0.0,0.0,0.0
1742508506.196598,0.5,0.04,0.13,13291.0,-18696.0,11648.0,-0.0,-0.01,-0.01,13369.0,-18648.0,3457.0,78.0,114.0,48.0
1742508506.2128282,0.5,0.03,0.13,13083.0,-19712.0,-4660.0,-0.0,-0.01,-0.01,13161.0,-19664.0,-12850.0,12.0,50.0,45.0
1742508506.2250433,0.5,0.03,0.13,12881.0,-20724.0,-20967.0,-0.0,-0.01,-0.01,12959.0,-20675.0,-29157.0,0.0,43.0,41.0
1742508506.2335436,0.5,0.03,0.13,12687.0,-21730.0,28261.0,-0.0,-0.01,-0.01,12765.0,-21681.0,20070.0,75.0,61.0,32.0
1742508506.2452605,0.5,0.03,0.13,12501.0,-22732.0,11949.0,-0.0,-0.01,-0.01,12579.0,-22683.0,3758.0,0.0,0.0,0.0
1742508506.2572773,0.5,0.03,0.13,12322.0,-23730.0,-4362.0,-0.0,-0.01,-0.01,12400.0,-23681.0,-12552.0,2.0,0.0,0.0
1742508506.2662187,0.5,0.03,0.13,12151.0,-24723.0,-20673.0,-0.0,-0.01,-0.01,12229.0,-24674.0,-28863.0,110.0,116.0,110.0
1742508506.2778637,0.5,0.03,0.13,11987.0,-25712.0,28552.0,-0.0,-0.01,-0.01,12065.0,-25663.0,20361.0,0.0,0.0,0.0
1742508506.2908874,0.5,0.03,0.13,11837.0,-26692.0,12237.0,-0.0,-0.01,-0.01,11916.0,-26643.0,4046.0,0.0,19.0,0.0
1742508506.3028874,0.5,0.03,0.13,11695.0,-27667.0,-4077.0,-0.0,-0.01,-0.01,11774.0,-27618.0,-12267.0,0.0,0.0,0.0
1742508506.3152616,0.5,0.03,0.12,11559.0,-28637.0,-20392.0,-0.0,-0.01,-0.01,11638.0,-28589.0,-28582.0,62.0,41.0,77.0
1742508506.323262,0.5,0.03,0.12,11430.0,-29604.0,28829.0,-0.0,-0.01,-0.01,11509.0,-29555.0,20638.0,16.0,0.0,51.0
1742508506.3357615,0.5,0.02,0.12,11308.0,-30567.0,12511.0,-0.0,-0.01,-0.01,11387.0,-30518.0,4320.0,37.0,14.0,10.0
1742508506.3477616,0.5,0.02,0.12,11193.0,-31525.0,-3806.0,-0.0,-0.01,-0.01,11272.0,-31476.0,-11996.0,0.0,0.0,0.0
1742508506.3559232,0.5,0.02,0.12,11085.0,-32479.0,-20123.0,-0.0,-0.01,-0.01,11164.0,-32430.0,-28313.0,0.0,12.0,29.0
1742508506.3679166,0.5,0.02,0.12,10984.0,32107.0,29095.0,-0.0,-0.01,-0.01,11063.0,32155.0,20904.0,90.0,87.0,74.0
1742508506.3848646,0.5,0.02,0.12,10896.0,31164.0,12774.0,-0.0,-0.01,-0.01,10975.0,31212.0,4583.0,128.0,88.0,77.0
1742508506.3928819,0.5,0.02,0.12,10814.0,30225.0,-3547.0,-0.0,-0.01,-0.01,10893.0,30273.0,-11737.0,4.0,0.0,0.0
1742508506.404998,0.5,0.02,0.12,10738.0,29291.0,-19868.0,-0.0,-0.01,-0.01,10817.0,29339.0,-28058.0,0.0,0.0,0.0
1742508506.413721,0.5,0.02,0.12,10669.0,28360.0,29347.0,-0.0,-0.01,-0.01,10749.0,28408.0,21156.0,102.0,126.0,137.0
1742508506.4257188,0.5,0.02,0.12,10607.0,27433.0,13023.0,-0.0,-0.01,-0.01,10687.0,27481.0,4832.0,45.0,0.0,30.0
1742508506.4377344,0.5,0.02,0.12,10552.0,26510.0,-3301.0,-0.0,-0.01,-0.01,10632.0,26558.0,-11491.0,0.0,0.0,0.0
1742508506.4462204,0.5,0.02,0.12,10503.0,25591.0,-19624.0,-0.0,-0.01,-0.01,10583.0,25640.0,-27814.0,63.0,51.0,83.0
1742508506.462376,0.5,0.01,0.12,10467.0,24681.0,29588.0,-0.0,-0.01,-0.01,10547.0,24730.0,21397.0,0.0,0.0,0.0
1742508506.470879,0.5,0.01,0.12,10437.0,23775.0,13262.0,-0.0,-0.01,-0.01,10517.0,23824.0,5071.0,0.0,15.0,5.0
1742508506.4834049,0.5,0.01,0.12,10413.0,22873.0,-3064.0,-0.0,-0.01,-0.01,10493.0,22922.0,-11254.0,84.0,129.0,89.0
1742508506.495048,0.5,0.01,0.12,10396.0,21975.0,-19390.0,-0.0,-0.01,-0.01,10476.0,22024.0,-27580.0,0.0,0.0,0.0
1742508506.5035477,0.5,0.01,0.12,10384.0,21080.0,29820.0,-0.0,-0.01,-0.01,10464.0,21129.0,21629.0,0.0,0.0,0.0
1742508506.5155482,0.5,0.01,0.11,10378.0,20189.0,13492.0,-0.0,-0.01,-0.01,10458.0,20238.0,5301.0,130.0,112.0,85.0
1742508506.528048,0.5,0.01,0.11,10378.0,19302.0,-2836.0,-0.0,-0.01,-0.01,10458.0,19351.0,-11026.0,0.0,18.0,18.0
1742508506.536048,0.5,0.01,0.11,10385.0,18419.0,-19163.0,-0.0,-0.01,-0.01,10465.0,18468.0,-27353.0,13.0,0.0,0.0
1742508506.5526435,0.5,0.01,0.11,10403.0,17543.0,30044.0,-0.0,-0.01,-0.01,10483.0,17592.0,21853.0,0.0,22.0,0.0
1742508506.5612075,0.5,0.01,0.11,10427.0,16672.0,13713.0,-0.0,-0.01,-0.01,10507.0,16721.0,5522.0,0.0,39.0,14.0
1742508506.5732417,0.5,0.01,0.11,10456.0,15804.0,-2618.0,-0.0,-0.01,-0.01,10536.0,15853.0,-10808.0,9.0,0.0,15.0
1742508506.5852504,0.5,0.01,0.11,10492.0,14940.0,-18948.0,-0.0,-0.01,-0.01,10572.0,14990.0,-27138.0,116.0,99.0,50.0
1742508506.5937495,0.5,0.0,0.11,10533.0,14080.0,30258.0,-0.0,-0.01,-0.01,10614.0,14130.0,22067.0,0.0,0.0,0.0
1742508506.6064441,0.5,0.0,0.11,10580.0,13224.0,13926.0,-0.0,-0.01,-0.01,10661.0,13274.0,5735.0,0.0,0.0,0.0
1742508506.6184402,0.5,0.0,0.11,10634.0,12371.0,-2406.0,-0.0,-0.01,-0.01,10715.0,12421.0,-10596.0,192.0,140.0,70.0
1742508506.6264408,0.5,0.0,0.11,10693.0,11522.0,-18737.0,-0.0,-0.01,-0.01,10774.0,11572.0,-26927.0,9.0,30.0,7.0
1742508506.643072,0.5,0.0,0.11,10764.0,10680.0,30466.0,-0.0,-0.01,-0.01,10845.0,10730.0,22275.0,14.0,26.0,0.0
1742508506.651072,0.5,0.0,0.11,10840.0,9841.0,14131.0,-0.0,-0.01,-0.01,10921.0,9891.0,5940.0,0.0,0.0,0.0
1742508506.6630847,0.5,-0.0,0.11,10921.0,9006.0,-2203.0,-0.0,-0.01,-0.01,11002.0,9056.0,-10393.0,45.0,36.0,58.0
1742508506.675077,0.5,-0.0,0.11,11008.0,8174.0,-18537.0,-0.0,-0.01,-0.01,11089.0,8224.0,-26727.0,0.0,0.0,60.0
1742508506.6836836,0.5,-0.0,0.11,11100.0,7346.0,30665.0,-0.0,-0.01,-0.01,11181.0,7396.0,22474.0,87.0,90.0,57.0
1742508506.696178,0.5,-0.0,0.11,11196.0,6521.0,14329.0,-0.0,-0.01,-0.01,11276.0,6571.0,6138.0,0.0,0.0,0.0
1742508506.7041779,0.5,-0.0,0.11,11297.0,5699.0,-2007.0,-0.0,-0.01,-0.01,11377.0,5749.0,-10197.0,0.0,3.0,0.0
1742508506.716509,0.5,-0.0,0.11,11403.0,4881.0,-18342.0,-0.0,-0.01,-0.01,11484.0,4932.0,-26532.0,96.0,53.0,115.0
1742508506.725007,0.5,-0.0,0.11,11516.0,4067.0,30859.0,-0.0,-0.01,-0.01,11597.0,4118.0,22668.0,5.0,0.0,0.0
1742508506.741507,0.5,-0.01,0.1,11639.0,3260.0,14521.0,-0.0,-0.01,-0.01,11720.0,3310.0,6330.0,61.0,76.0,0.0
1742508506.753023,0.5,-0.01,0.1,11767.0,2455.0,-1817.0,-0.0,-0.01,-0.01,11848.0,2505.0,-10007.0,0.0,14.0,0.0
1742508506.762007,0.5,-0.01,0.1,11901.0,1654.0,-18154.0,-0.0,-0.01,-0.01,11982.0,1704.0,-26344.0,0.0,46.0,27.0
1742508506.774036,0.5,-0.01,0.1,12039.0,856.0,31045.0,-0.0,-0.01,-0.01,12120.0,906.0,22854.0,36.0,38.0,11.0
1742508506.7861187,0.5,-0.01,0.1,12182.0,61.0,14705.0,-0.0,-0.01,-0.01,12263.0,111.0,6514.0,141.0,86.0,67.0
1742508506.7942703,0.5,-0.01,0.1,12331.0,-729.0,-1634.0,-0.0,-0.01,-0.01,12412.0,-677.0,-9824.0,0.0,0.0,0.0
1742508506.8067713,0.5,-0.01,0.1,12484.0,-1515.0,-17972.0,-0.0,-0.01,-0.01,12565.0,-1463.0,-26162.0,0.0,0.0,0.0
1742508506.8147712,0.5,-0.01,0.1,12642.0,-2298.0,31226.0,-0.0,-0.01,-0.01,12723.0,-2247.0,23035.0,112.0,128.0,87.0
1742508506.8267705,0.5,-0.01,0.1,12805.0,-3078.0,14886.0,-0.0,-0.01,-0.01,12886.0,-3026.0,6695.0,48.0,21.0,42.0
1742508506.8432717,0.5,-0.01,0.1,12977.0,-3851.0,-1454.0,-0.0,-0.01,-0.01,13058.0,-3799.0,-9644.0,8.0,39.0,10.0
1742508506.8517714,0.51,-0.01,0.1,13154.0,-4621.0,-17793.0,-0.0,-0.01,-0.01,13235.0,-4570.0,-25983.0,0.0,24.0,0.0
1742508506.863777,0.51,-0.01,0.1,13336.0,-5389.0,31404.0,-0.0,-0.01,-0.01,13418.0,-5337.0,23213.0,0.0,52.0,1.0
1742508506.8722768,0.51,-0.01,0.1,13524.0,-6153.0,15062.0,-0.0,-0.01,-0.01,13606.0,-6101.0,6871.0,3.0,0.0,26.0
1742508506.8842876,0.51,-0.01,0.1,13717.0,-6913.0,-1279.0,-0.0,-0.01,-0.01,13799.0,-6861.0,-9469.0,135.0,85.0,94.0
1742508506.8927853,0.51,-0.01,0.1,13915.0,-7671.0,-17619.0,-0.0,-0.01,-0.01,13997.0,-7619.0,-25809.0,0.0,0.0,0.0
1742508506.9047852,0.51,-0.01,0.1,14117.0,-8426.0,31577.0,-0.0,-0.01,-0.01,14199.0,-8374.0,23386.0,0.0,9.0,0.0
1742508506.9172873,0.51,-0.02,0.1,14324.0,-9178.0,15235.0,-0.0,-0.01,-0.01,14406.0,-9126.0,7044.0,94.0,75.0,108.0
1742508506.9258084,0.51,-0.02,0.1,14536.0,-9927.0,-1107.0,-0.0,-0.01,-0.01,14618.0,-9875.0,-9297.0,3.0,0.0,31.0
1742508506.9417849,0.51,-0.02,0.1,14757.0,-10670.0,-17448.0,-0.0,-0.01,-0.01,14839.0,-10619.0,-25638.0,0.0,47.0,0.0
1742508506.9542859,0.51,-0.02,0.1,14982.0,-11411.0,31747.0,-0.0,-0.01,-0.01,15064.0,-11359.0,23556.0,77.0,43.0,0.0
1742508506.9622843,0.51,-0.02,0.1,15212.0,-12149.0,15404.0,-0.0,-0.01,-0.01,15294.0,-12097.0,7213.0,0.0,6.0,75.0
1742508506.9747958,0.51,-0.02,0.1,15445.0,-12884.0,-938.0,-0.0,-0.01,-0.01,15527.0,-12832.0,-9128.0,0.0,10.0,41.0
1742508506.9828098,0.51,-0.02,0.1,15683.0,-13615.0,-17280.0,-0.0,-0.01,-0.01,15765.0,-13563.0,-25470.0,79.0,85.0,80.0
1742508506.9948282,0.51,-0.02,0.1,15925.0,-14344.0,31914.0,-0.0,-0.01,-0.01,16007.0,-14292.0,23723.0,0.0,0.0,0.0
1742508507.00731,0.51,-0.02,0.1,16171.0,-15070.0,15570.0,-0.0,-0.01,-0.01,16253.0,-15018.0,7379.0,34.0,0.0,0.0
1742508507.01531,0.51,-0.02,0.09,16422.0,-15793.0,-773.0,-0.0,-0.01,-0.01,16504.0,-15741.0,-8963.0,84.0,103.0,119.0
1742508507.03181,0.51,-0.02,0.09,16682.0,-16511.0,-17116.0,-0.0,-0.01,-0.01,16764.0,-16459.0,-25306.0,89.0,56.0,83.0
1742508507.0438244,0.51,-0.02,0.09,16946.0,-17225.0,32077.0,-0.0,-0.01,-0.01,17028.0,-17173.0,23886.0,27.0,34.0,61.0
1742508507.052309,0.51,-0.02,0.09,17214.0,-17937.0,15732.0,-0.0,-0.01,-0.01,17296.0,-17885.0,7541.0,0.0,0.0,0.0
1742508507.0643132,0.51,-0.02,0.09,17486.0,-18646.0,-612.0,-0.0,-0.01,-0.01,17568.0,-18594.0,-8802.0,86.0,52.0,58.0
1742508507.0728128,0.51,-0.02,0.09,17762.0,-19353.0,-16955.0,-0.0,-0.01,-0.01,17844.0,-19301.0,-25145.0,12.0,21.0,37.0
1742508507.0848203,0.51,-0.02,0.09,18042.0,-20058.0,32238.0,-0.0,-0.01,-0.01,18124.0,-20006.0,24047.0,41.0,30.0,17.0
1742508507.0973198,0.51,-0.02,0.09,18326.0,-20760.0,15893.0,-0.0,-0.01,-0.01,18408.0,-20708.0,7702.0,0.0,0.0,22.0
1742508507.1058204,0.51,-0.03,0.09,18614.0,-21459.0,-451.0,-0.0,-0.01,-0.01,18696.0,-21407.0,-8641.0,0.0,0.0,0.0
1742508507.1218235,0.51,-0.03,0.09,18910.0,-22153.0,-16795.0,-0.0,-0.01,-0.01,18993.0,-22101.0,-24985.0,0.0,0.0,0.0
1742508507.133837,0.51,-0.03,0.09,19210.0,-22845.0,32397.0,-0.0,-0.01,-0.01,19293.0,-22793.0,24206.0,140.0,117.0,140.0
1742508507.1423237,0.51,-0.03,0.09,19514.0,-23534.0,16051.0,-0.0,-0.01,-0.01,19597.0,-23482.0,7860.0,0.0,37.0,29.0
1742508507.1548207,0.51,-0.03,0.09,19822.0,-24221.0,-294.0,-0.0,-0.01,-0.01,19905.0,-24169.0,-8484.0,0.0,0.0,0.0
1742508507.1633205,0.51,-0.03,0.09,20134.0,-24905.0,-16638.0,-0.0,-0.01,-0.01,20217.0,-24853.0,-24828.0,65.0,51.0,73.0
1742508507.1753244,0.51,-0.03,0.09,20450.0,-25586.0,32554.0,-0.0,-0.01,-0.01,20533.0,-25534.0,24363.0,41.0,0.0,22.0
1742508507.1873398,0.51,-0.03,0.09,20770.0,-26265.0,16207.0,-0.0,-0.01,-0.01,20853.0,-26213.0,8016.0,35.0,31.0,3.0
1742508507.1958308,0.51,-0.03,0.09,21095.0,-26942.0,-139.0,-0.0,-0.01,-0.01,21178.0,-26890.0,-8329.0,0.0,8.0,0.0
1742508507.2123306,0.51,-0.03,0.09,21427.0,-27614.0,-16484.0,-0.0,-0.01,-0.01,21510.0,-27562.0,-24674.0,0.0,0.0,0.0
1742508507.2208364,0.51,-0.03,0.09,21762.0,-28283.0,32707.0,-0.0,-0.01,-0.01,21845.0,-28231.0,24516.0,0.0,0.0,0.0
1742508507.232838,0.51,-0.03,0.09,22101.0,-28950.0,16360.0,-0.0,-0.01,-0.01,22184.0,-28898.0,8169.0,120.0,171.0,113.0
1742508507.244833,0.51,-0.03,0.09,22443.0,-29615.0,13.0,-0.0,-0.01,-0.01,22526.0,-29563.0,-8177.0,27.0,5.0,9.0
1742508507.2533314,0.51,-0.03,0.09,22789.0,-30277.0,-16332.0,-0.0,-0.01,-0.01,22873.0,-30225.0,-24522.0,0.0,0.0,0.0
1742508507.2658367,0.51,-0.03,0.09,23139.0,-30937.0,-32678.0,-0.0,-0.01,-0.01,23223.0,-30885.0,24668.0,92.0,125.0,108.0
1742508507.2738347,0.51,-0.03,0.09,23493.0,-31596.0,16511.0,-0.0,-0.01,-0.01,23577.0,-31544.0,8320.0,20.0,41.0,53.0
1742508507.2858632,0.51,-0.03,0.09,23851.0,-32251.0,163.0,-0.0,-0.01,-0.01,23935.0,-32199.0,-8027.0,22.0,0.0,3.0
1742508507.3023674,0.51,-0.03,0.09,24216.0,32634.0,-16183.0,-0.0,-0.01,-0.01,24300.0,32685.0,-24373.0,43.0,33.0,82.0
1742508507.310368,0.51,-0.03,0.09,24585.0,31983.0,-32529.0,-0.0,-0.01,-0.01,24669.0,32034.0,24817.0,0.0,0.0,0.0
1742508507.3228629,0.51,-0.04,0.09,24958.0,31335.0,16660.0,-0.0,-0.01,-0.01,25042.0,31386.0,8469.0,5.0,0.0,12.0
1742508507.3348641,0.51,-0.04,0.09,25333.0,30688.0,312.0,-0.0,-0.01,-0.01,25417.0,30739.0,-7878.0,127.0,114.0,149.0
1742508507.3433654,0.51,-0.04,0.09,25712.0,30043.0,-16034.0,-0.0,-0.01,-0.01,25796.0,30094.0,-24224.0,0.0,0.0,0.0
1742508507.3553681,0.51,-0.04,0.08,26094.0,29401.0,-32380.0,-0.0,-0.01,-0.01,26178.0,29452.0,24966.0,0.0,0.0,24.0
1742508507.363863,0.51,-0.04,0.08,26480.0,28761.0,16808.0,-0.0,-0.01,-0.01,26564.0,28812.0,8617.0,165.0,98.0,122.0
1742508507.3758683,0.51,-0.04,0.08,26869.0,28123.0,459.0,-0.0,-0.01,-0.01,26953.0,28174.0,-7731.0,21.0,0.0,0.0
1742508507.392384,0.51,-0.04,0.08,27265.0,27489.0,-15888.0,-0.0,-0.01,-0.01,27349.0,27540.0,-24078.0,14.0,44.0,13.0
1742508507.4003794,0.51,-0.04,0.08,27664.0,26858.0,-32235.0,-0.0,-0.01,-0.01,27748.0,26909.0,25111.0,3.0,3.0,0.0
1742508507.4128797,0.51,-0.04,0.08,28066.0,26228.0,16953.0,-0.0,-0.01,-0.01,28150.0,26279.0,8762.0,4.0,0.0,0.0
1742508507.421383,0.51,-0.04,0.08,28471.0,25600.0,604.0,-0.0,-0.01,-0.01,28555.0,25651.0,-7586.0,0.0,14.0,2.0
1742508507.4338827,0.51,-0.04,0.08,28880.0,24974.0,-15743.0,-0.0,-0.01,-0.01,28964.0,25025.0,-23933.0,117.0,102.0,137.0
1742508507.4453852,0.51,-0.04,0.08,29292.0,24350.0,-32089.0,-0.0,-0.01,-0.01,29376.0,24401.0,25257.0,0.0,0.0,0.0
1742508507.4538834,0.51,-0.04,0.08,29707.0,23728.0,17100.0,-0.0,-0.01,-0.01,29791.0,23779.0,8909.0,0.0,23.0,0.0
1742508507.4659038,0.51,-0.04,0.08,30126.0,23109.0,752.0,-0.0,-0.01,-0.01,30210.0,23160.0,-7438.0,107.0,153.0,123.0
1742508507.4829125,0.51,-0.04,0.08,30551.0,22494.0,-15595.0,-0.0,-0.01,-0.01,30635.0,22545.0,-23785.0,78.0,81.0,99.0
1742508507.4909127,0.51,-0.04,0.08,30979.0,21881.0,-31942.0,-0.0,-0.01,-0.01,31063.0,21932.0,25404.0,51.0,16.0,7.0
1742508507.5034208,0.51,-0.04,0.08,31409.0,21269.0,17246.0,-0.0,-0.01,-0.01,31493.0,21320.0,9055.0,0.0,5.0,7.0
1742508507.511413,0.51,-0.04,0.08,31843.0,20659.0,897.0,-0.0,-0.01,-0.01,31927.0,20710.0,-7293.0,33.0,57.0,63.0
1742508507.5234149,0.51,-0.04,0.08,32280.0,20051.0,-15450.0,-0.0,-0.01,-0.01,32364.0,20102.0,-23640.0,9.0,20.0,44.0
1742508507.535541,0.51,-0.04,0.08,32720.0,19445.0,-31797.0,-0.0,-0.01,-0.01,-32732.0,19496.0,25549.0,55.0,76.0,61.0
1742508507.5440395,0.51,-0.04,0.08,-32372.0,18841.0,17391.0,-0.0,-0.01,-0.01,-32287.0,18892.0,9200.0,0.0,0.0,0.0
1742508507.556042,0.51,-0.04,0.08,-31925.0,18238.0,1042.0,-0.0,-0.01,-0.01,-31840.0,18290.0,-7148.0,0.0,15.0,0.0
1742508507.5721812,0.51,-0.04,0.08,-31471.0,17641.0,-15305.0,-0.0,-0.01,-0.01,-31386.0,17693.0,-23495.0,0.0,0.0,0.0
1742508507.5807168,0.51,-0.05,0.08,-31015.0,17046.0,-31652.0,-0.0,-0.01,-0.01,-30930.0,17098.0,25694.0,115.0,86.0,111.0
1742508507.5928447,0.51,-0.05,0.08,-30556.0,16452.0,17536.0,-0.0,-0.01,-0.01,-30471.0,16504.0,9345.0,0.0,0.0,37.0
1742508507.6013448,0.51,-0.05,0.08,-30095.0,15860.0,1187.0,-0.0,-0.01,-0.01,-30010.0,15912.0,-7003.0,3.0,0.0,0.0
1742508507.6133618,0.51,-0.05,0.08,-29630.0,15270.0,-15160.0,-0.0,-0.01,-0.01,-29545.0,15322.0,-23350.0,60.0,67.0,36.0
1742508507.6253614,0.51,-0.05,0.08,-29162.0,14682.0,-31507.0,-0.0,-0.01,-0.01,-29077.0,14734.0,25839.0,22.0,15.0,10.0
1742508507.6343625,0.51,-0.05,0.08,-28692.0,14096.0,17680.0,-0.0,-0.01,-0.01,-28607.0,14148.0,9489.0,33.0,45.0,35.0
1742508507.6460044,0.51,-0.05,0.08,-28219.0,13511.0,1330.0,-0.0,-0.01,-0.01,-28134.0,13563.0,-6860.0,0.0,0.0,0.0
1742508507.662641,0.51,-0.05,0.08,-27740.0,12930.0,-15017.0,-0.0,-0.01,-0.01,-27655.0,12982.0,-23207.0,20.0,0.0,0.0
1742508507.671143,0.51,-0.05,0.08,-27258.0,12351.0,-31364.0,-0.0,-0.01,-0.01,-27173.0,12403.0,25982.0,0.0,0.0,32.0
1742508507.683197,0.51,-0.05,0.08,-26774.0,11775.0,17824.0,-0.0,-0.01,-0.01,-26689.0,11827.0,9633.0,84.0,117.0,77.0
1742508507.6914024,0.51,-0.05,0.08,-26287.0,11200.0,1475.0,-0.0,-0.01,-0.01,-26202.0,11252.0,-6715.0,0.0,0.0,0.0
1742508507.7034025,0.51,-0.05,0.08,-25797.0,10627.0,-14872.0,-0.0,-0.01,-0.01,-25712.0,10679.0,-23062.0,0.0,0.0,0.0
1742508507.7155638,0.51,-0.05,0.08,-25305.0,10056.0,-31219.0,-0.0,-0.01,-0.01,-25220.0,10108.0,26127.0,45.0,80.0,111.0
1742508507.7240503,0.51,-0.05,0.08,-24810.0,9486.0,17969.0,-0.0,-0.01,-0.01,-24725.0,9538.0,9778.0,37.0,32.0,6.0
1742508507.7360485,0.51,-0.05,0.08,-24312.0,8918.0,1620.0,-0.0,-0.01,-0.01,-24227.0,8970.0,-6570.0,27.0,48.0,10.0
1742508507.752718,0.51,-0.05,0.08,-23810.0,8353.0,-14727.0,-0.0,-0.01,-0.01,-23725.0,8405.0,-22917.0,114.0,129.0,71.0
1742508507.7608135,0.51,-0.05,0.08,-23305.0,7790.0,-31074.0,-0.0,-0.01,-0.01,-23220.0,7842.0,26272.0,0.0,0.0,15.0
1742508507.773354,0.51,-0.05,0.07,-22798.0,7229.0,18114.0,-0.0,-0.01,-0.01,-22713.0,7281.0,9923.0,0.0,2.0,0.0
1742508507.7814755,0.51,-0.05,0.07,-22288.0,6670.0,1765.0,-0.0,-0.01,-0.01,-22203.0,6722.0,-6425.0,173.0,98.0,83.0
1742508507.7934768,0.51,-0.05,0.07,-21775.0,6112.0,-14582.0,-0.0,-0.01,-0.01,-21690.0,6164.0,-22772.0,0.0,7.0,17.0
1742508507.8019753,0.51,-0.05,0.07,-21260.0,5556.0,-30929.0,-0.0,-0.01,-0.01,-21175.0,5608.0,26417.0,0.0,0.0,0.0
1742508507.8140554,0.51,-0.05,0.07,-20742.0,5002.0,18259.0,-0.0,-0.01,-0.01,-20657.0,5054.0,10068.0,91.0,114.0,54.0
1742508507.8265555,0.51,-0.05,0.07,-20222.0,4449.0,1910.0,-0.0,-0.01,-0.01,-20137.0,4501.0,-6280.0,65.0,26.0,36.0
1742508507.8345585,0.51,-0.05,0.07,-19700.0,3898.0,-14437.0,-0.0,-0.01,-0.01,-19615.0,3950.0,-22627.0,55.0,65.0,19.0
1742508507.8509572,0.51,-0.05,0.07,-19172.0,3350.0,-30785.0,-0.0,-0.01,-0.01,-19087.0,3402.0,26561.0,123.0,73.0,77.0
1742508507.8594167,0.51,-0.05,0.07,-18643.0,2804.0,18402.0,-0.0,-0.01,-0.01,-18558.0,2856.0,10211.0,0.0,0.0,0.0
1742508507.8715425,0.51,-0.05,0.07,-18111.0,2259.0,2053.0,-0.0,-0.01,-0.01,-18026.0,2311.0,-6137.0,0.0,0.0,0.0
1742508507.8835542,0.51,-0.05,0.07,-17576.0,1715.0,-14294.0,-0.0,-0.01,-0.01,-17491.0,1767.0,-22484.0,90.0,94.0,84.0
1742508507.8920658,0.51,-0.06,0.07,-17038.0,1173.0,-30641.0,-0.0,-0.01,-0.01,-16953.0,1225.0,26705.0,59.0,32.0,46.0
1742508507.9040513,0.51,-0.06,0.07,-16499.0,633.0,18547.0,-0.0,-0.01,-0.01,-16414.0,685.0,10356.0,0.0,0.0,0.0
1742508507.9127162,0.51,-0.06,0.07,-15957.0,94.0,2198.0,-0.0,-0.01,-0.01,-15872.0,146.0,-5992.0,87.0,53.0,91.0
1742508507.9247158,0.51,-0.06,0.07,-15413.0,-442.0,-14149.0,-0.0,-0.01,-0.01,-15328.0,-389.0,-22339.0,7.0,24.0,0.0
1742508507.9331818,0.51,-0.06,0.07,-14867.0,-976.0,-30496.0,-0.0,-0.01,-0.01,-14782.0,-923.0,26850.0,33.0,44.0,3.0
1742508507.9493642,0.51,-0.06,0.07,-14316.0,-1507.0,18692.0,-0.0,-0.01,-0.01,-14231.0,-1454.0,10501.0,109.0,86.0,83.0
1742508507.961866,0.51,-0.06,0.07,-13764.0,-2037.0,2343.0,-0.0,-0.01,-0.01,-13679.0,-1984.0,-5847.0,0.0,0.0,0.0
1742508507.9698906,0.51,-0.06,0.07,-13209.0,-2565.0,-14004.0,-0.0,-0.01,-0.01,-13124.0,-2512.0,-22194.0,0.0,0.0,0.0
1742508507.9819376,0.51,-0.06,0.07,-12652.0,-3092.0,-30351.0,-0.0,-0.01,-0.01,-12567.0,-3039.0,26995.0,171.0,148.0,97.0
1742508507.9945366,0.51,-0.06,0.07,-12093.0,-3617.0,18837.0,-0.0,-0.01,-0.01,-12008.0,-3564.0,10646.0,31.0,8.0,29.0
1742508508.0025382,0.51,-0.06,0.07,-11532.0,-4141.0,2488.0,-0.0,-0.01,-0.01,-11447.0,-4088.0,-5702.0,0.0,0.0,0.0
1742508508.0145373,0.51,-0.06,0.07,-10968.0,-4664.0,-13859.0,-0.0,-0.01,-0.01,-10883.0,-4611.0,-22049.0,34.0,33.0,61.0
1742508508.0231612,0.51,-0.06,0.07,-10402.0,-5185.0,-30206.0,-0.0,-0.01,-0.01,-10317.0,-5132.0,27140.0,45.0,13.0,44.0
1742508508.0351593,0.51,-0.06,0.07,-9834.0,-5704.0,18982.0,-0.0,-0.01,-0.01,-9749.0,-5651.0,10791.0,89.0,61.0,42.0
1742508508.0476577,0.51,-0.06,0.07,-9261.0,-6220.0,2634.0,-0.0,-0.01,-0.01,-9176.0,-6167.0,-5556.0,84.0,31.0,129.0
1742508508.0599232,0.51,-0.06,0.07,-8687.0,-6735.0,-13712.0,-0.0,-0.01,-0.01,-8602.0,-6682.0,-21902.0,39.0,19.0,0.0
1742508508.0720608,0.51,-0.06,0.07,-8111.0,-7248.0,-30058.0,-0.0,-0.01,-0.01,-8026.0,-7195.0,27288.0,0.0,0.0,0.0
1742508508.0800743,0.51,-0.06,0.07,-7532.0,-7761.0,19131.0,-0.0,-0.01,-0.01,-7447.0,-7708.0,10940.0,81.0,144.0,132.0
1742508508.0926697,0.51,-0.06,0.07,-6951.0,-8272.0,2783.0,-0.0,-0.01,-0.01,-6866.0,-8219.0,-5407.0,19.0,29.0,49.0
1742508508.1011698,0.51,-0.06,0.07,-6368.0,-8781.0,-13563.0,-0.0,-0.01,-0.01,-6283.0,-8728.0,-21753.0,12.0,10.0,0.0
1742508508.1128397,0.51,-0.06,0.07,-5783.0,-9289.0,-29909.0,-0.0,-0.01,-0.01,-5698.0,-9236.0,27437.0,6.0,56.0,67.0
1742508508.125255,0.51,-0.06,0.07,-5196.0,-9796.0,19280.0,-0.0,-0.01,-0.01,-5111.0,-9743.0,11089.0,5.0,19.0,6.0
1742508508.1334302,0.51,-0.06,0.07,-4607.0,-10302.0,2932.0,-0.0,-0.01,-0.01,-4522.0,-10249.0,-5258.0,58.0,32.0,16.0
1742508508.145914,0.51,-0.06,0.07,-4015.0,-10807.0,-13415.0,-0.0,-0.01,-0.01,-3930.0,-10754.0,-21605.0,0.0,0.0,0.0
1742508508.1584141,0.51,-0.06,0.07,-3420.0,-11309.0,-29762.0,-0.0,-0.01,-0.01,-3335.0,-11256.0,27584.0,48.0,14.0,0.0
1742508508.1704607,0.51,-0.06,0.07,-2823.0,-11811.0,19426.0,-0.0,-0.01,-0.01,-2738.0,-11758.0,11235.0,0.0,0.0,0.0
1742508508.182645,0.51,-0.06,0.07,-2224.0,-12311.0,3077.0,-0.0,-0.01,-0.01,-2139.0,-12258.0,-5113.0,112.0,160.0,84.0
1742508508.1911438,0.51,-0.06,0.07,-1624.0,-12810.0,-13270.0,-0.0,-0.01,-0.01,-1539.0,-12757.0,-21460.0,39.0,17.0,0.0
1742508508.2031434,0.51,-0.06,0.07,-1021.0,-13307.0,-29617.0,-0.0,-0.01,-0.01,-936.0,-13254.0,27729.0,7.0,0.0,0.0
1742508508.2116435,0.51,-0.06,0.07,-416.0,-13803.0,19571.0,-0.0,-0.01,-0.01,-331.0,-13750.0,11380.0,15.0,16.0,3.0
1742508508.2237253,0.51,-0.06,0.07,190.0,-14298.0,3223.0,-0.0,-0.01,-0.01,274.0,-14245.0,-4967.0,0.0,51.0,17.0
1742508508.2362094,0.51,-0.06,0.07,796.0,-14791.0,-13123.0,-0.0,-0.01,-0.01,880.0,-14738.0,-21313.0,96.0,115.0,101.0
1742508508.2443929,0.51,-0.06,0.07,1404.0,-15284.0,-29469.0,-0.0,-0.01,-0.01,1489.0,-15231.0,27877.0,0.0,2.0,0.0
1742508508.25697,0.51,-0.06,0.07,2017.0,-15774.0,19720.0,-0.0,-0.01,-0.01,2102.0,-15721.0,11529.0,47.0,4.0,15.0
1742508508.2689927,0.51,-0.06,0.07,2631.0,-16263.0,3372.0,-0.0,-0.01,-0.01,2716.0,-16210.0,-4818.0,0.0,0.0,0.0
1742508508.2815397,0.51,-0.06,0.07,3247.0,-16751.0,-12974.0,-0.0,-0.01,-0.01,3332.0,-16698.0,-21164.0,143.0,111.0,82.0
1742508508.2931373,0.51,-0.07,0.07,3865.0,-17238.0,-29320.0,-0.0,-0.01,-0.01,3950.0,-17185.0,28026.0,37.0,0.0,0.0
1742508508.3015924,0.51,-0.07,0.07,4485.0,-17723.0,19869.0,-0.0,-0.01,-0.01,4570.0,-17670.0,11678.0,43.0,0.0,0.0
1742508508.313846,0.51,-0.07,0.07,5106.0,-18208.0,3521.0,-0.0,-0.01,-0.01,5191.0,-18155.0,-4669.0,0.0,56.0,0.0
1742508508.322333,0.51,-0.07,0.07,5729.0,-18691.0,-12825.0,-0.0,-0.01,-0.01,5814.0,-18638.0,-21015.0,0.0,47.0,0.0
1742508508.3343954,0.51,-0.07,0.07,6354.0,-19174.0,-29171.0,-0.0,-0.01,-0.01,6439.0,-19121.0,28175.0,135.0,101.0,103.0
1742508508.3467233,0.51,-0.07,0.07,6982.0,-19654.0,20018.0,-0.0,-0.01,-0.01,7067.0,-19601.0,11827.0,25.0,65.0,89.0
1742508508.3587244,0.51,-0.07,0.07,7612.0,-20133.0,3670.0,-0.0,-0.01,-0.01,7697.0,-20080.0,-4520.0,28.0,22.0,10.0
1742508508.371228,0.51,-0.07,0.07,8244.0,-20611.0,-12676.0,-0.0,-0.01,-0.01,8329.0,-20557.0,-20866.0,0.0,0.0,0.0
1742508508.3799405,0.51,-0.07,0.06,8878.0,-21086.0,-29021.0,-0.0,-0.01,-0.01,8963.0,-21033.0,28325.0,100.0,80.0,76.0
1742508508.3920019,0.51,-0.07,0.06,9514.0,-21562.0,20169.0,-0.0,-0.01,-0.01,9599.0,-21508.0,11978.0,68.0,2.0,20.0
1742508508.4041688,0.51,-0.07,0.06,10151.0,-22035.0,3822.0,-0.0,-0.01,-0.01,10236.0,-21981.0,-4368.0,0.0,12.0,0.0
1742508508.4121747,0.51,-0.07,0.06,10790.0,-22508.0,-12523.0,-0.0,-0.01,-0.01,10875.0,-22454.0,-20713.0,10.0,2.0,62.0
1742508508.4242964,0.51,-0.07,0.06,11431.0,-22979.0,-28868.0,-0.0,-0.01,-0.01,11516.0,-22925.0,28478.0,7.0,34.0,24.0
1742508508.436293,0.51,-0.07,0.06,12074.0,-23450.0,20322.0,-0.0,-0.01,-0.01,12159.0,-23396.0,12131.0,116.0,100.0,61.0
1742508508.4492764,0.51,-0.07,0.06,12720.0,-23919.0,3975.0,-0.0,-0.01,-0.01,12805.0,-23865.0,-4215.0,121.0,110.0,160.0
1742508508.4611871,0.51,-0.07,0.06,13367.0,-24386.0,-12370.0,-0.0,-0.01,-0.01,13452.0,-24332.0,-20560.0,1.0,4.0,0.0
1742508508.4696913,0.51,-0.07,0.06,14016.0,-24852.0,-28715.0,-0.0,-0.01,-0.01,14101.0,-24798.0,28631.0,0.0,0.0,0.0
1742508508.4817176,0.51,-0.07,0.06,14667.0,-25317.0,20475.0,-0.0,-0.01,-0.01,14752.0,-25263.0,12284.0,128.0,99.0,134.0
1742508508.4942966,0.51,-0.07,0.06,15319.0,-25781.0,4128.0,-0.0,-0.01,-0.01,15404.0,-25727.0,-4062.0,0.0,49.0,20.0
1742508508.5022976,0.51,-0.07,0.06,15972.0,-26244.0,-12217.0,-0.0,-0.01,-0.01,16057.0,-26190.0,-20407.0,0.0,0.0,0.0
1742508508.5143125,0.51,-0.07,0.06,16627.0,-26706.0,-28562.0,-0.0,-0.01,-0.01,16712.0,-26652.0,28784.0,81.0,110.0,82.0
1742508508.526797,0.51,-0.07,0.06,17286.0,-27166.0,20628.0,-0.0,-0.01,-0.01,17371.0,-27112.0,12437.0,0.0,4.0,27.0
1742508508.5392978,0.51,-0.07,0.06,17947.0,-27625.0,4282.0,-0.0,-0.01,-0.01,18033.0,-27571.0,-3908.0,10.0,35.0,51.0
1742508508.5513113,0.51,-0.07,0.06,18610.0,-28084.0,-12062.0,-0.0,-0.01,-0.01,18696.0,-28030.0,-20252.0,102.0,113.0,11.0
1742508508.5634463,0.51,-0.07,0.06,19274.0,-28541.0,-28406.0,-0.0,-0.01,-0.01,19360.0,-28488.0,28940.0,0.0,0.0,0.0
1742508508.57197,0.51,-0.07,0.06,19940.0,-28998.0,20785.0,-0.0,-0.01,-0.01,20026.0,-28945.0,12594.0,0.0,0.0,0.0
1742508508.5840027,0.51,-0.07,0.06,20607.0,-29454.0,4439.0,-0.0,-0.01,-0.01,20693.0,-29401.0,-3751.0,80.0,118.0,128.0
1742508508.5927396,0.51,-0.07,0.06,21276.0,-29910.0,-11905.0,-0.0,-0.01,-0.01,21362.0,-29857.0,-20095.0,21.0,0.0,0.0
1742508508.608824,0.51,-0.07,0.06,21947.0,-30363.0,-28249.0,-0.0,-0.01,-0.01,22033.0,-30310.0,29097.0,29.0,30.0,0.0
1742508508.6208234,0.51,-0.07,0.06,22620.0,-30816.0,20942.0,-0.0,-0.01,-0.01,22706.0,-30763.0,12751.0,0.0,0.0,0.0
1742508508.6293237,0.51,-0.07,0.06,23294.0,-31267.0,4596.0,-0.0,-0.01,-0.01,23380.0,-31214.0,-3594.0,75.0,42.0,63.0
1742508508.6418235,0.51,-0.07,0.06,23970.0,-31718.0,-11748.0,-0.0,-0.01,-0.01,24056.0,-31664.0,-19938.0,108.0,56.0,0.0
1742508508.6538239,0.51,-0.07,0.06,24646.0,-32167.0,-28092.0,-0.0,-0.01,-0.01,24732.0,-32113.0,29254.0,69.0,67.0,72.0
1742508508.662323,0.51,-0.07,0.06,25324.0,-32615.0,21099.0,-0.0,-0.01,-0.01,25410.0,-32561.0,12908.0,0.0,18.0,39.0
1742508508.674326,0.51,-0.07,0.06,26003.0,32474.0,4753.0,-0.0,-0.01,-0.01,26089.0,32527.0,-3437.0,0.0,0.0,0.0
1742508508.6828346,0.51,-0.07,0.06,26684.0,32026.0,-11591.0,-0.0,-0.01,-0.01,26770.0,32079.0,-19781.0,102.0,121.0,126.0
1742508508.6988301,0.51,-0.07,0.06,27368.0,31579.0,-27936.0,-0.0,-0.01,-0.01,27454.0,31632.0,29410.0,28.0,91.0,59.0
1742508508.7108297,0.51,-0.07,0.06,28053.0,31134.0,21255.0,-0.0,-0.01,-0.01,28139.0,31187.0,13064.0,0.0,41.0,0.0
1742508508.7198324,0.51,-0.07,0.06,28739.0,30689.0,4909.0,-0.0,-0.01,-0.01,28825.0,30742.0,-3281.0,0.0,1.0,0.0
1742508508.7318304,0.51,-0.07,0.06,29427.0,30246.0,-11434.0,-0.0,-0.01,-0.01,29513.0,30299.0,-19624.0,93.0,113.0,129.0
1742508508.7438307,0.51,-0.07,0.06,30116.0,29804.0,-27777.0,-0.0,-0.01,-0.01,30202.0,29857.0,29569.0,32.0,28.0,48.0
1742508508.752831,0.51,-0.07,0.06,30806.0,29362.0,21415.0,-0.0,-0.01,-0.01,30892.0,29415.0,13224.0,0.0,0.0,0.0
1742508508.76433,0.51,-0.07,0.06,31497.0,28922.0,5070.0,-0.0,-0.01,-0.01,31583.0,28975.0,-3120.0,0.0,55.0,31.0
1742508508.772834,0.51,-0.07,0.06,32189.0,28482.0,-11273.0,-0.0,-0.01,-0.01,32275.0,28535.0,-19463.0,36.0,0.0,0.0
1742508508.7849693,0.51,-0.07,0.06,-32652.0,28044.0,-27616.0,-0.0,-0.01,-0.01,-32565.0,28097.0,29730.0,0.0,0.0,0.0
1742508508.8014674,0.51,-0.07,0.06,-31953.0,27607.0,21576.0,-0.0,-0.01,-0.01,-31866.0,27660.0,13385.0,84.0,166.0,133.0
1742508508.8094685,0.51,-0.07,0.06,-31253.0,27170.0,5231.0,-0.0,-0.01,-0.01,-31166.0,27223.0,-2959.0,2.0,1.0,0.0
1742508508.8216953,0.51,-0.07,0.06,-30552.0,26734.0,-11113.0,-0.0,-0.01,-0.01,-30465.0,26787.0,-19303.0,0.0,0.0,0.0
1742508508.8336973,0.51,-0.08,0.06,-29850.0,26299.0,-27456.0,-0.0,-0.01,-0.01,-29763.0,26352.0,29890.0,127.0,136.0,111.0
1742508508.842196,0.51,-0.08,0.06,-29147.0,25864.0,21736.0,-0.0,-0.01,-0.01,-29061.0,25917.0,13545.0,70.0,56.0,23.0
1742508508.8542113,0.51,-0.08,0.06,-28443.0,25431.0,5391.0,-0.0,-0.01,-0.01,-28356.0,25484.0,-2799.0,0.0,0.0,0.0
1742508508.862696,0.51,-0.08,0.06,-27737.0,24999.0,-10952.0,-0.0,-0.01,-0.01,-27650.0,25051.0,-19142.0,54.0,69.0,70.0
1742508508.875221,0.51,-0.08,0.06,-27029.0,24568.0,-27295.0,-0.0,-0.01,-0.01,-26942.0,24620.0,30051.0,22.0,18.0,0.0
1742508508.8917253,0.51,-0.08,0.06,-26320.0,24137.0,21897.0,-0.0,-0.01,-0.01,-26233.0,24189.0,13706.0,3.0,24.0,0.0
1742508508.8997252,0.51,-0.08,0.06,-25609.0,23707.0,5551.0,-0.0,-0.01,-0.01,-25522.0,23759.0,-2639.0,102.0,71.0,64.0
1742508508.9117298,0.51,-0.08,0.06,-24897.0,23278.0,-10793.0,-0.0,-0.01,-0.01,-24810.0,23330.0,-18983.0,0.0,0.0,0.0
1742508508.9202282,0.51,-0.08,0.06,-24183.0,22850.0,-27136.0,-0.0,-0.01,-0.01,-24096.0,22902.0,30210.0,42.0,0.0,0.0
1742508508.9322417,0.51,-0.08,0.06,-23468.0,22422.0,22056.0,-0.0,-0.01,-0.01,-23381.0,22474.0,13865.0,155.0,139.0,132.0
1742508508.9442468,0.51,-0.08,0.06,-22753.0,21996.0,5711.0,-0.0,-0.01,-0.01,-22666.0,22048.0,-2479.0,27.0,50.0,16.0
1742508508.9567254,0.51,-0.08,0.06,-22036.0,21570.0,-10632.0,-0.0,-0.01,-0.01,-21949.0,21622.0,-18822.0,0.0,35.0,41.0
1742508508.9687283,0.51,-0.08,0.06,-21317.0,21146.0,-26975.0,-0.0,-0.01,-0.01,-21230.0,21198.0,30371.0,116.0,80.0,91.0
1742508508.9812443,0.51,-0.08,0.06,-20597.0,20722.0,22218.0,-0.0,-0.01,-0.01,-20510.0,20775.0,14027.0,33.0,29.0,53.0
1742508508.9897904,0.51,-0.08,0.06,-19876.0,20300.0,5873.0,-0.0,-0.01,-0.01,-19789.0,20353.0,-2317.0,2.0,13.0,21.0
1742508509.0021043,0.51,-0.08,0.06,-19154.0,19878.0,-10470.0,-0.0,-0.01,-0.01,-19067.0,19931.0,-18660.0,67.0,4.0,39.0
1742508509.0106692,0.51,-0.08,0.06,-18432.0,19458.0,-26813.0,-0.0,-0.01,-0.01,-18345.0,19511.0,30533.0,0.0,0.0,3.0
1742508509.0221953,0.51,-0.08,0.06,-17708.0,19038.0,22379.0,-0.0,-0.01,-0.01,-17621.0,19091.0,14188.0,0.0,4.0,0.0
1742508509.0346954,0.51,-0.08,0.06,-16983.0,18619.0,6034.0,-0.0,-0.01,-0.01,-16896.0,18672.0,-2156.0,65.0,122.0,89.0
1742508509.0471954,0.51,-0.08,0.06,-16256.0,18202.0,-10309.0,-0.0,-0.01,-0.01,-16169.0,18255.0,-18499.0,27.0,3.0,31.0
1742508509.0591953,0.51,-0.08,0.06,-15529.0,17785.0,-26652.0,-0.0,-0.01,-0.01,-15442.0,17838.0,30694.0,1.0,11.0,61.0
1742508509.0711975,0.51,-0.08,0.06,-14801.0,17368.0,22540.0,-0.0,-0.01,-0.01,-14714.0,17421.0,14349.0,0.0,0.0,0.0
1742508509.079713,0.51,-0.08,0.06,-14072.0,16951.0,6195.0,-0.0,-0.01,-0.01,-13985.0,17004.0,-1995.0,53.0,79.0,95.0
1742508509.0917044,0.51,-0.08,0.06,-13342.0,16535.0,-10147.0,-0.0,-0.01,-0.01,-13255.0,16588.0,-18337.0,32.0,44.0,60.0
1742508509.1007025,0.51,-0.08,0.06,-12611.0,16119.0,-26489.0,-0.0,-0.01,-0.01,-12524.0,16172.0,30857.0,51.0,48.0,31.0
1742508509.1124742,0.51,-0.08,0.06,-11880.0,15702.0,22704.0,-0.0,-0.01,-0.01,-11793.0,15755.0,14513.0,0.0,38.0,41.0
1742508509.1244724,0.51,-0.08,0.06,-11148.0,15281.0,6360.0,-0.0,-0.01,-0.01,-11061.0,15334.0,-1830.0,80.0,6.0,19.0
1742508509.1369936,0.51,-0.08,0.06,-10416.0,14844.0,-9981.0,-0.0,-0.01,-0.01,-10330.0,14897.0,-18171.0,64.0,0.0,0.0
1742508509.1494725,0.51,-0.08,0.06,-9691.0,14400.0,-26322.0,-0.0,-0.01,-0.01,-9605.0,14454.0,31024.0,197.0,165.0,232.0
1742508509.1614733,0.51,-0.08,0.06,-8969.0,13958.0,22872.0,-0.0,-0.01,-0.01,-8883.0,14011.0,14681.0,81.0,91.0,71.0
1742508509.1699753,0.51,-0.08,0.06,-8248.0,13508.0,6529.0,-0.0,-0.01,-0.01,-8162.0,13562.0,-1661.0,0.0,135.0,54.0
1742508509.1814756,0.51,-0.08,0.06,-7524.0,13051.0,-9811.0,-0.0,-0.01,-0.01,-7437.0,13105.0,-18001.0,117.0,117.0,145.0
1742508509.1904852,0.51,-0.08,0.06,-6796.0,12590.0,-26151.0,-0.0,-0.01,-0.01,-6710.0,12644.0,31195.0,13.0,35.0,65.0
1742508509.2024872,0.51,-0.08,0.06,-6066.0,12130.0,23044.0,-0.0,-0.01,-0.01,-5980.0,12184.0,14853.0,11.0,0.0,0.0
1742508509.214417,0.51,-0.08,0.06,-5334.0,11676.0,6702.0,-0.0,-0.01,-0.01,-5248.0,11730.0,-1488.0,0.0,31.0,34.0
1742508509.2274172,0.51,-0.08,0.06,-4592.0,11228.0,-9638.0,-0.0,-0.01,-0.01,-4506.0,11281.0,-17828.0,41.0,60.0,19.0
1742508509.235417,0.51,-0.08,0.06,-3846.0,10779.0,-25977.0,-0.0,-0.01,-0.01,-3760.0,10832.0,31369.0,0.0,0.0,0.0
1742508509.2514174,0.51,-0.08,0.06,-3098.0,10330.0,23219.0,-0.0,-0.01,-0.01,-3012.0,10385.0,15028.0,84.0,115.0,114.0
1742508509.2599168,0.51,-0.08,0.06,-2349.0,9882.0,6878.0,-0.0,-0.01,-0.01,-2264.0,9937.0,-1312.0,28.0,0.0,0.0
1742508509.2719193,0.51,-0.08,0.06,-1599.0,9430.0,-9460.0,-0.0,-0.01,-0.01,-1514.0,9485.0,-17650.0,0.0,0.0,0.0
1742508509.2805166,0.5,-0.08,0.06,-848.0,8974.0,-25799.0,-0.0,-0.01,-0.01,-762.0,9029.0,31547.0,43.0,83.0,122.0
1742508509.2926958,0.5,-0.08,0.06,-98.0,8514.0,23398.0,-0.0,-0.01,-0.01,-13.0,8569.0,15207.0,0.0,21.0,6.0
1742508509.300696,0.5,-0.08,0.06,651.0,8051.0,7059.0,-0.0,-0.01,-0.01,736.0,8105.0,-1131.0,65.0,41.0,56.0
1742508509.3130655,0.5,-0.08,0.06,1400.0,7589.0,-9279.0,-0.0,-0.01,-0.01,1485.0,7643.0,-17469.0,0.0,0.0,0.0
1742508509.3216925,0.5,-0.08,0.06,2149.0,7130.0,-25617.0,-0.0,-0.01,-0.01,2234.0,7184.0,31729.0,0.0,0.0,0.0
1742508509.3336916,0.5,-0.08,0.06,2898.0,6674.0,23580.0,-0.0,-0.01,-0.01,2983.0,6728.0,15389.0,132.0,128.0,114.0
1742508509.3458796,0.5,-0.08,0.06,3647.0,6227.0,7239.0,-0.0,-0.01,-0.01,3732.0,6280.0,-951.0,0.0,0.0,0.0
1742508509.3543825,0.5,-0.08,0.06,4396.0,5782.0,-9100.0,-0.0,-0.01,-0.01,4481.0,5836.0,-17290.0,0.0,0.0,4.0
1742508509.3663802,0.5,-0.08,0.06,5145.0,5338.0,-25439.0,-0.0,-0.01,-0.01,5230.0,5392.0,31907.0,116.0,114.0,70.0
1742508509.3783846,0.5,-0.08,0.06,5896.0,4892.0,23757.0,-0.0,-0.01,-0.01,5981.0,4946.0,15566.0,0.0,0.0,2.0
1742508509.3909109,0.5,-0.08,0.06,6646.0,4446.0,7416.0,-0.0,-0.01,-0.01,6731.0,4501.0,-774.0,0.0,0.0,0.0
1742508509.399411,0.5,-0.08,0.06,7395.0,3999.0,-8923.0,-0.0,-0.01,-0.01,7480.0,4054.0,-17113.0,77.0,71.0,94.0
1742508509.4114103,0.5,-0.08,0.06,8144.0,3551.0,-25262.0,-0.0,-0.01,-0.01,8229.0,3606.0,32084.0,12.0,0.0,0.0
1742508509.4199104,0.5,-0.08,0.06,8894.0,3102.0,23935.0,-0.0,-0.01,-0.01,8979.0,3157.0,15744.0,0.0,0.0,0.0
1742508509.4319115,0.5,-0.08,0.06,9644.0,2653.0,7595.0,-0.0,-0.01,-0.01,9729.0,2708.0,-595.0,50.0,101.0,78.0
1742508509.4404106,0.5,-0.08,0.06,10394.0,2207.0,-8744.0,-0.0,-0.01,-0.01,10479.0,2261.0,-16934.0,71.0,18.0,25.0
1742508509.4525008,0.5,-0.08,0.06,11144.0,1762.0,-25083.0,-0.0,-0.01,-0.01,11229.0,1816.0,32263.0,62.0,23.0,0.0
1742508509.4610004,0.5,-0.08,0.06,11896.0,1320.0,24113.0,-0.0,-0.01,-0.01,11981.0,1374.0,15922.0,0.0,12.0,20.0
1742508509.4770029,0.5,-0.08,0.06,12649.0,883.0,7772.0,-0.0,-0.01,-0.01,12734.0,937.0,-418.0,36.0,52.0,24.0
1742508509.48552,0.5,-0.08,0.06,13403.0,446.0,-8567.0,-0.0,-0.01,-0.01,13488.0,501.0,-16757.0,0.0,15.0,38.0
1742508509.4975228,0.5,-0.08,0.06,14157.0,10.0,-24906.0,-0.0,-0.01,-0.01,14242.0,65.0,32440.0,0.0,0.0,24.0
1742508509.5096068,0.5,-0.08,0.06,14911.0,-426.0,24290.0,-0.0,-0.01,-0.01,14996.0,-370.0,16099.0,31.0,63.0,0.0
1742508509.5181077,0.5,-0.08,0.06,15664.0,-862.0,7949.0,-0.0,-0.01,-0.01,15749.0,-806.0,-241.0,24.0,0.0,0.0
1742508509.5306084,0.5,-0.08,0.06,16417.0,-1298.0,-8390.0,-0.0,-0.01,-0.01,16502.0,-1242.0,-16580.0,39.0,28.0,28.0
1742508509.5386071,0.5,-0.08,0.06,17169.0,-1734.0,-24729.0,-0.0,-0.01,-0.01,17254.0,-1679.0,32617.0,0.0,0.0,6.0
1742508509.550623,0.5,-0.08,0.06,17922.0,-2169.0,24467.0,-0.0,-0.01,-0.01,18008.0,-2114.0,16276.0,60.0,96.0,61.0
1742508509.562767,0.5,-0.08,0.06,18675.0,-2603.0,8126.0,-0.0,-0.01,-0.01,18761.0,-2548.0,-64.0,0.0,0.0,0.0
1742508509.5712538,0.5,-0.08,0.06,19429.0,-3035.0,-8213.0,-0.0,-0.01,-0.01,19515.0,-2980.0,-16403.0,0.0,0.0,0.0
1742508509.583402,0.5,-0.08,0.06,20183.0,-3465.0,-24552.0,-0.0,-0.01,-0.01,20269.0,-3410.0,-32742.0,70.0,113.0,104.0
1742508509.595898,0.5,-0.08,0.06,20939.0,-3892.0,24645.0,-0.0,-0.01,-0.01,21025.0,-3837.0,16454.0,0.0,0.0,0.0
1742508509.6043978,0.5,-0.08,0.06,21696.0,-4319.0,8303.0,-0.0,-0.01,-0.01,21782.0,-4264.0,112.0,0.0,0.0,0.0
1742508509.6160326,0.5,-0.08,0.06,22453.0,-4746.0,-8038.0,-0.0,-0.01,-0.01,22539.0,-4691.0,-16228.0,89.0,113.0,65.0
1742508509.6285977,0.5,-0.08,0.06,23210.0,-5173.0,-24378.0,-0.0,-0.01,-0.01,23296.0,-5118.0,-32568.0,0.0,0.0,26.0
1742508509.6408243,0.5,-0.08,0.06,23967.0,-5600.0,24819.0,-0.0,-0.01,-0.01,24053.0,-5545.0,16628.0,0.0,30.0,0.0
1742508509.6493232,0.5,-0.08,0.06,24723.0,-6027.0,8478.0,-0.0,-0.01,-0.01,24809.0,-5972.0,287.0,45.0,54.0,120.0
1742508509.6613235,0.5,-0.08,0.06,25478.0,-6453.0,-7862.0,-0.0,-0.01,-0.01,25564.0,-6398.0,-16052.0,0.0,0.0,0.0
1742508509.6698253,0.5,-0.08,0.06,26233.0,-6878.0,-24201.0,-0.0,-0.01,-0.01,26320.0,-6822.0,-32391.0,0.0,0.0,0.0
1742508509.6818252,0.5,-0.08,0.06,26990.0,-7301.0,24995.0,-0.0,-0.01,-0.01,27076.0,-7245.0,16804.0,84.0,113.0,116.0
1742508509.6947525,0.5,-0.08,0.06,27747.0,-7722.0,8653.0,-0.0,-0.01,-0.01,27833.0,-7666.0,462.0,0.0,0.0,0.0
1742508509.7060003,0.5,-0.08,0.06,28504.0,-8142.0,-7688.0,-0.0,-0.01,-0.01,28590.0,-8086.0,-15878.0,0.0,0.0,13.0
1742508509.714766,0.5,-0.08,0.06,29262.0,-8561.0,-24028.0,-0.0,-0.01,-0.01,29348.0,-8505.0,-32218.0,128.0,101.0,101.0
1742508509.7312684,0.5,-0.08,0.06,30020.0,-8980.0,25168.0,-0.0,-0.01,-0.01,30106.0,-8924.0,16977.0,0.0,5.0,0.0
1742508509.7392664,0.5,-0.08,0.06,30778.0,-9399.0,8826.0,-0.0,-0.01,-0.01,30864.0,-9344.0,635.0,0.0,0.0,0.0
1742508509.7512813,0.5,-0.08,0.06,31536.0,-9819.0,-7515.0,-0.0,-0.01,-0.01,31622.0,-9764.0,-15705.0,132.0,92.0,113.0
1742508509.759907,0.5,-0.08,0.06,32294.0,-10238.0,-23855.0,-0.0,-0.01,-0.01,32380.0,-10182.0,-32045.0,2.0,0.0,0.0
1742508509.7719092,0.5,-0.08,0.06,-32485.0,-10655.0,25341.0,-0.0,-0.01,-0.01,-32398.0,-10599.0,17150.0,0.0,0.0,0.0
1742508509.7839222,0.5,-0.08,0.06,-31726.0,-11072.0,8999.0,-0.0,-0.01,-0.01,-31639.0,-11016.0,808.0,105.0,92.0,110.0
1742508509.796432,0.5,-0.08,0.06,-30965.0,-11486.0,-7342.0,-0.0,-0.01,-0.01,-30878.0,-11430.0,-15532.0,0.0,0.0,0.0
1742508509.8045917,0.5,-0.08,0.06,-30203.0,-11900.0,-23682.0,-0.0,-0.01,-0.01,-30116.0,-11844.0,-31872.0,0.0,0.0,0.0
1742508509.8172135,0.5,-0.08,0.06,-29441.0,-12313.0,25514.0,-0.0,-0.01,-0.01,-29354.0,-12257.0,17323.0,125.0,120.0,116.0
1742508509.8292136,0.5,-0.08,0.06,-28678.0,-12726.0,9172.0,-0.0,-0.01,-0.01,-28591.0,-12670.0,981.0,0.0,0.0,0.0
1742508509.8413033,0.5,-0.08,0.06,-27916.0,-13138.0,-7169.0,-0.0,-0.01,-0.01,-27829.0,-13082.0,-15359.0,0.0,0.0,12.0
1742508509.8497882,0.5,-0.08,0.06,-27154.0,-13550.0,-23509.0,-0.0,-0.01,-0.01,-27067.0,-13494.0,-31699.0,78.0,101.0,21.0
1742508509.8617885,0.5,-0.08,0.06,-26392.0,-13961.0,25687.0,-0.0,-0.01,-0.01,-26305.0,-13905.0,17496.0,0.0,0.0,0.0
1742508509.8702931,0.5,-0.08,0.06,-25630.0,-14371.0,9345.0,-0.0,-0.01,-0.01,-25543.0,-14315.0,1154.0,0.0,0.0,12.0
1742508509.8868005,0.5,-0.08,0.06,-24868.0,-14780.0,-6996.0,-0.0,-0.01,-0.01,-24780.0,-14724.0,-15186.0,85.0,61.0,58.0
1742508509.8948011,0.5,-0.08,0.06,-24105.0,-15188.0,-23336.0,-0.0,-0.01,-0.01,-24018.0,-15132.0,-31526.0,0.0,0.0,0.0
1742508509.907802,0.5,-0.08,0.06,-23343.0,-15596.0,25861.0,-0.0,-0.01,-0.01,-23256.0,-15540.0,17670.0,13.0,18.0,9.0
1742508509.9192994,0.5,-0.08,0.06,-22580.0,-16003.0,9519.0,-0.0,-0.01,-0.01,-22493.0,-15947.0,1328.0,24.0,1.0,0.0
1742508509.9317994,0.5,-0.08,0.06,-21817.0,-16409.0,-6822.0,-0.0,-0.01,-0.01,-21730.0,-16353.0,-15012.0,16.0,0.0,31.0
1742508509.9398127,0.5,-0.08,0.06,-21054.0,-16815.0,-23161.0,-0.0,-0.01,-0.01,-20967.0,-16759.0,-31351.0,6.0,0.0,0.0
1742508509.9523013,0.5,-0.08,0.06,-20290.0,-17220.0,26035.0,-0.0,-0.01,-0.01,-20203.0,-17165.0,17844.0,63.0,83.0,88.0
1742508509.9603007,0.5,-0.08,0.06,-19526.0,-17626.0,9693.0,-0.0,-0.01,-0.01,-19439.0,-17571.0,1502.0,0.0,0.0,0.0
1742508509.9763043,0.5,-0.08,0.06,-18763.0,-18030.0,-6649.0,-0.0,-0.01,-0.01,-18675.0,-17975.0,-14839.0,5.0,36.0,16.0
1742508509.9853406,0.5,-0.08,0.06,-17999.0,-18434.0,-22989.0,-0.0,-0.01,-0.01,-17911.0,-18378.0,-31179.0,44.0,50.0,15.0
1742508509.9973404,0.5,-0.08,0.06,-17234.0,-18836.0,26207.0,-0.0,-0.01,-0.01,-17146.0,-18780.0,18016.0,97.0,118.0,106.0
1742508510.0094743,0.5,-0.08,0.06,-16469.0,-19238.0,9865.0,-0.0,-0.01,-0.01,-16381.0,-19182.0,1674.0,0.0,47.0,32.0
1742508510.0214756,0.5,-0.08,0.06,-15703.0,-19639.0,-6476.0,-0.0,-0.01,-0.01,-15615.0,-19583.0,-14666.0,0.0,0.0,0.0
1742508510.0299754,0.5,-0.08,0.06,-14936.0,-20039.0,-22816.0,-0.0,-0.01,-0.01,-14848.0,-19983.0,-31006.0,90.0,57.0,59.0
1742508510.0419908,0.5,-0.08,0.06,-14170.0,-20438.0,26380.0,-0.0,-0.01,-0.01,-14082.0,-20383.0,18189.0,47.0,31.0,21.0
1742508510.0544388,0.5,-0.08,0.06,-13404.0,-20838.0,10038.0,-0.0,-0.01,-0.01,-13316.0,-20783.0,1847.0,0.0,0.0,0.0
1742508510.0667942,0.5,-0.08,0.06,-12638.0,-21238.0,-6303.0,-0.0,-0.01,-0.01,-12550.0,-21183.0,-14493.0,90.0,121.0,94.0
1742508510.07531,0.5,-0.08,0.06,-11872.0,-21638.0,-22643.0,-0.0,-0.01,-0.01,-11784.0,-21583.0,-30833.0,11.0,0.0,0.0
1742508510.0874977,0.5,-0.08,0.06,-11106.0,-22037.0,26553.0,-0.0,-0.01,-0.01,-11018.0,-21982.0,18362.0,0.0,0.0,0.0
1742508510.0994964,0.5,-0.08,0.06,-10339.0,-22435.0,10211.0,-0.0,-0.01,-0.01,-10251.0,-22380.0,2020.0,122.0,93.0,92.0
1742508510.1120837,0.5,-0.08,0.06,-9572.0,-22832.0,-6130.0,-0.0,-0.01,-0.01,-9484.0,-22776.0,-14320.0,36.0,0.0,1.0
1742508510.1196003,0.5,-0.08,0.06,-8805.0,-23228.0,-22470.0,-0.0,-0.01,-0.01,-8717.0,-23172.0,-30660.0,0.0,0.0,0.0
1742508510.1325753,0.5,-0.08,0.06,-8038.0,-23623.0,26726.0,-0.0,-0.01,-0.01,-7950.0,-23567.0,18535.0,90.0,97.0,90.0
1742508510.144591,0.5,-0.08,0.06,-7270.0,-24017.0,10384.0,-0.0,-0.01,-0.01,-7183.0,-23961.0,2193.0,0.0,0.0,0.0
1742508510.1530766,0.5,-0.08,0.06,-6503.0,-24411.0,-5957.0,-0.0,-0.01,-0.01,-6416.0,-24355.0,-14147.0,0.0,0.0,0.0
1742508510.1655915,0.5,-0.08,0.06,-5736.0,-24804.0,-22297.0,-0.0,-0.01,-0.01,-5648.0,-24748.0,-30487.0,125.0,130.0,110.0
1742508510.177723,0.5,-0.08,0.06,-4968.0,-25197.0,26899.0,-0.0,-0.01,-0.01,-4880.0,-25142.0,18708.0,0.0,0.0,0.0
1742508510.1897554,0.5,-0.08,0.06,-4200.0,-25591.0,10557.0,-0.0,-0.01,-0.01,-4112.0,-25536.0,2366.0,0.0,0.0,0.0
1742508510.1982546,0.5,-0.08,0.05,-3432.0,-25984.0,-5784.0,-0.0,-0.01,-0.01,-3344.0,-25929.0,-13974.0,110.0,86.0,115.0
1742508510.2104113,0.5,-0.08,0.05,-2663.0,-26377.0,-22124.0,-0.0,-0.01,-0.01,-2575.0,-26322.0,-30314.0,10.0,0.0,0.0
1742508510.2226071,0.5,-0.08,0.05,-1895.0,-26769.0,27072.0,-0.0,-0.01,-0.01,-1807.0,-26714.0,18881.0,0.0,0.0,0.0
1742508510.2308059,0.5,-0.08,0.05,-1127.0,-27161.0,10730.0,-0.0,-0.01,-0.01,-1039.0,-27106.0,2539.0,82.0,119.0,76.0
1742508510.2428267,0.5,-0.08,0.05,-358.0,-27551.0,-5611.0,-0.0,-0.01,-0.01,-270.0,-27496.0,-13801.0,0.0,0.0,0.0
1742508510.2553058,0.5,-0.08,0.05,410.0,-27941.0,-21951.0,-0.0,-0.01,-0.01,497.0,-27886.0,-30141.0,0.0,0.0,0.0
1742508510.2638066,0.5,-0.08,0.05,1177.0,-28331.0,27245.0,-0.0,-0.01,-0.01,1264.0,-28276.0,19054.0,117.0,121.0,121.0
1742508510.2758317,0.5,-0.08,0.05,1945.0,-28720.0,10902.0,-0.0,-0.01,-0.01,2032.0,-28665.0,2711.0,2.0,33.0,14.0
1742508510.2879794,0.5,-0.08,0.05,2713.0,-29109.0,-5440.0,-0.0,-0.01,-0.01,2800.0,-29054.0,-13630.0,0.0,0.0,0.0
1742508510.3003352,0.5,-0.08,0.05,3481.0,-29497.0,-21781.0,-0.0,-0.01,-0.01,3568.0,-29442.0,-29971.0,78.0,84.0,128.0
1742508510.3088348,0.5,-0.08,0.05,4249.0,-29885.0,27414.0,-0.0,-0.01,-0.01,4336.0,-29830.0,19223.0,0.0,0.0,0.0
1742508510.3209362,0.5,-0.08,0.05,5018.0,-30273.0,11071.0,-0.0,-0.01,-0.01,5105.0,-30218.0,2880.0,0.0,0.0,0.0
1742508510.3293364,0.5,-0.08,0.05,5786.0,-30660.0,-5271.0,-0.0,-0.01,-0.01,5873.0,-30605.0,-13461.0,85.0,71.0,80.0
1742508510.3414426,0.5,-0.08,0.05,6554.0,-31047.0,-21612.0,-0.0,-0.01,-0.01,6641.0,-30992.0,-29802.0,0.0,0.0,53.0
1742508510.3534434,0.5,-0.08,0.05,7322.0,-31433.0,27583.0,-0.0,-0.01,-0.01,7409.0,-31378.0,19392.0,0.0,0.0,0.0
1742508510.3657396,0.5,-0.08,0.05,8091.0,-31819.0,11240.0,-0.0,-0.01,-0.01,8178.0,-31764.0,3049.0,109.0,112.0,104.0
1742508510.3742445,0.5,-0.08,0.05,8860.0,-32205.0,-5102.0,-0.0,-0.01,-0.01,8947.0,-32150.0,-13292.0,14.0,19.0,22.0
1742508510.3903003,0.5,-0.08,0.05,9629.0,-32590.0,-21443.0,-0.0,-0.01,-0.01,9716.0,-32535.0,-29633.0,0.0,4.0,0.0
1742508510.3987782,0.5,-0.08,0.05,10398.0,32561.0,27752.0,-0.0,-0.01,-0.01,10485.0,32615.0,19561.0,109.0,103.0,115.0
1742508510.4106734,0.5,-0.08,0.05,11168.0,32175.0,11409.0,-0.0,-0.01,-0.01,11254.0,32229.0,3218.0,0.0,0.0,27.0
1742508510.419174,0.5,-0.08,0.05,11937.0,31789.0,-4933.0,-0.0,-0.01,-0.01,12023.0,31843.0,-13123.0,0.0,0.0,0.0
1742508510.4316585,0.5,-0.08,0.05,12705.0,31404.0,-21274.0,-0.0,-0.01,-0.01,12791.0,31458.0,-29464.0,69.0,86.0,98.0
1742508510.4437392,0.5,-0.08,0.05,13473.0,31020.0,27921.0,-0.0,-0.01,-0.01,13559.0,31074.0,19730.0,0.0,0.0,0.0
1742508510.455875,0.5,-0.08,0.05,14242.0,30637.0,11578.0,-0.0,-0.01,-0.01,14328.0,30691.0,3387.0,0.0,0.0,0.0
1742508510.4644809,0.51,-0.08,0.05,15011.0,30254.0,-4764.0,-0.0,-0.01,-0.01,15097.0,30308.0,-12954.0,125.0,110.0,74.0
1742508510.4766219,0.51,-0.08,0.05,15780.0,29872.0,-21105.0,-0.0,-0.01,-0.01,15866.0,29926.0,-29295.0,0.0,0.0,0.0
1742508510.4887674,0.51,-0.08,0.05,16549.0,29490.0,28090.0,-0.0,-0.01,-0.01,16635.0,29544.0,19899.0,0.0,15.0,7.0
1742508510.500976,0.51,-0.08,0.05,17318.0,29108.0,11747.0,-0.0,-0.01,-0.01,17404.0,29162.0,3556.0,125.0,125.0,87.0
1742508510.5094774,0.51,-0.08,0.05,18088.0,28727.0,-4595.0,-0.0,-0.01,-0.01,18174.0,28781.0,-12785.0,0.0,9.0,0.0
1742508510.5211406,0.51,-0.08,0.05,18858.0,28346.0,-20936.0,-0.0,-0.01,-0.01,18944.0,28400.0,-29126.0,0.0,0.0,0.0
1742508510.5341167,0.51,-0.08,0.05,19628.0,27966.0,28259.0,-0.0,-0.01,-0.01,19714.0,28020.0,20068.0,79.0,101.0,86.0
1742508510.5456152,0.51,-0.08,0.05,20398.0,27586.0,11916.0,-0.0,-0.01,-0.01,20484.0,27640.0,3725.0,0.0,0.0,0.0
1742508510.5541158,0.51,-0.08,0.05,21168.0,27207.0,-4426.0,-0.0,-0.01,-0.01,21254.0,27261.0,-12616.0,0.0,0.0,0.0
1742508510.5666187,0.51,-0.08,0.05,21938.0,26828.0,-20767.0,-0.0,-0.01,-0.01,22024.0,26882.0,-28957.0,67.0,75.0,41.0
1742508510.5787542,0.51,-0.08,0.05,22708.0,26449.0,28428.0,-0.0,-0.01,-0.01,22794.0,26503.0,20237.0,0.0,0.0,0.0
1742508510.591007,0.51,-0.08,0.05,23479.0,26071.0,12085.0,-0.0,-0.01,-0.01,23565.0,26125.0,3894.0,0.0,0.0,0.0
1742508510.5995061,0.51,-0.08,0.05,24250.0,25693.0,-4257.0,-0.0,-0.01,-0.01,24336.0,25747.0,-12447.0,94.0,127.0,125.0
1742508510.6120074,0.51,-0.08,0.05,25021.0,25315.0,-20598.0,-0.0,-0.01,-0.01,25107.0,25369.0,-28788.0,0.0,5.0,0.0
1742508510.624024,0.51,-0.08,0.05,25791.0,24938.0,28597.0,-0.0,-0.01,-0.01,25877.0,24992.0,20406.0,27.0,8.0,23.0
1742508510.6360216,0.51,-0.08,0.05,26561.0,24562.0,12254.0,-0.0,-0.01,-0.01,26647.0,24616.0,4063.0,78.0,94.0,52.0
1742508510.6445055,0.51,-0.08,0.05,27332.0,24186.0,-4088.0,-0.0,-0.01,-0.01,27418.0,24240.0,-12278.0,0.0,0.0,0.0
1742508510.6570077,0.51,-0.08,0.05,28103.0,23810.0,-20429.0,-0.0,-0.01,-0.01,28189.0,23864.0,-28619.0,25.0,11.0,26.0
1742508510.6690316,0.51,-0.08,0.05,28874.0,23435.0,28765.0,-0.0,-0.01,-0.01,28960.0,23489.0,20574.0,0.0,41.0,0.0
1742508510.677092,0.51,-0.08,0.05,29645.0,23060.0,12421.0,-0.0,-0.01,-0.01,29731.0,23114.0,4230.0,0.0,0.0,0.0
1742508510.689574,0.51,-0.08,0.05,30416.0,22685.0,-3922.0,-0.0,-0.01,-0.01,30502.0,22739.0,-12112.0,0.0,28.0,0.0
1742508510.7015944,0.51,-0.08,0.05,31187.0,22311.0,-20263.0,-0.0,-0.01,-0.01,31273.0,22365.0,-28453.0,119.0,118.0,100.0
1742508510.7140732,0.51,-0.08,0.05,31957.0,21938.0,28932.0,-0.0,-0.01,-0.01,32043.0,21992.0,20741.0,29.0,40.0,68.0
1742508510.7260735,0.51,-0.08,0.05,32727.0,21565.0,12589.0,-0.0,-0.01,-0.01,-32722.0,21619.0,4398.0,18.0,36.0,0.0
1742508510.7344687,0.51,-0.08,0.05,-32036.0,21193.0,-3753.0,-0.0,-0.01,-0.01,-31948.0,21247.0,-11943.0,32.0,41.0,28.0
1742508510.7470295,0.51,-0.08,0.05,-31262.0,20821.0,-20094.0,-0.0,-0.01,-0.01,-31174.0,20875.0,-28284.0,76.0,91.0,86.0
1742508510.7590277,0.51,-0.08,0.05,-30488.0,20449.0,29101.0,-0.0,-0.01,-0.01,-30400.0,20503.0,20910.0,8.0,3.0,16.0
1742508510.7675285,0.51,-0.08,0.05,-29713.0,20078.0,12758.0,-0.0,-0.01,-0.01,-29625.0,20132.0,4567.0,0.0,0.0,0.0
1742508510.7796266,0.51,-0.08,0.05,-28938.0,19707.0,-3584.0,-0.0,-0.01,-0.01,-28850.0,19761.0,-11774.0,26.0,32.0,50.0
1742508510.7918031,0.51,-0.08,0.05,-28163.0,19336.0,-19925.0,-0.0,-0.01,-0.01,-28075.0,19390.0,-28115.0,7.0,0.0,23.0
1742508510.8042405,0.51,-0.08,0.05,-27388.0,18966.0,29270.0,-0.0,-0.01,-0.01,-27300.0,19020.0,21079.0,0.0,0.0,0.0
1742508510.816274,0.51,-0.08,0.05,-26612.0,18596.0,12927.0,-0.0,-0.01,-0.01,-26524.0,18650.0,4736.0,93.0,61.0,109.0
1742508510.824325,0.51,-0.08,0.05,-25836.0,18227.0,-3415.0,-0.0,-0.01,-0.01,-25748.0,18281.0,-11605.0,18.0,5.0,17.0
1742508510.8367505,0.51,-0.08,0.05,-25060.0,17858.0,-19756.0,-0.0,-0.01,-0.01,-24972.0,17912.0,-27946.0,0.0,0.0,0.0
1742508510.8492343,0.51,-0.08,0.05,-24284.0,17489.0,29439.0,-0.0,-0.01,-0.01,-24196.0,17543.0,21248.0,113.0,102.0,133.0
1742508510.8612509,0.51,-0.08,0.05,-23509.0,17121.0,13096.0,-0.0,-0.01,-0.01,-23421.0,17175.0,4905.0,8.0,25.0,15.0
1742508510.8694813,0.51,-0.08,0.05,-22733.0,16753.0,-3246.0,-0.0,-0.01,-0.01,-22645.0,16807.0,-11436.0,0.0,0.0,0.0
1742508510.8820229,0.51,-0.08,0.05,-21957.0,16385.0,-19587.0,-0.0,-0.01,-0.01,-21869.0,16439.0,-27777.0,66.0,59.0,40.0
1742508510.8940277,0.51,-0.08,0.05,-21181.0,16018.0,29608.0,-0.0,-0.01,-0.01,-21093.0,16072.0,21417.0,0.0,0.0,0.0
1742508510.9026113,0.51,-0.08,0.05,-20405.0,15651.0,13265.0,-0.0,-0.01,-0.01,-20317.0,15705.0,5074.0,0.0,0.0,0.0
1742508510.914695,0.51,-0.08,0.05,-19629.0,15284.0,-3077.0,-0.0,-0.01,-0.01,-19541.0,15338.0,-11267.0,94.0,99.0,97.0
1742508510.9271016,0.51,-0.08,0.05,-18853.0,14918.0,-19418.0,-0.0,-0.01,-0.01,-18765.0,14972.0,-27608.0,0.0,0.0,0.0
1742508510.9391015,0.51,-0.08,0.05,-18076.0,14552.0,29777.0,-0.0,-0.01,-0.01,-17988.0,14606.0,21586.0,0.0,0.0,6.0
1742508510.9476914,0.51,-0.08,0.05,-17299.0,14186.0,13434.0,-0.0,-0.01,-0.01,-17211.0,14240.0,5243.0,93.0,104.0,108.0
1742508510.9596915,0.51,-0.08,0.05,-16522.0,13820.0,-2908.0,-0.0,-0.01,-0.01,-16434.0,13874.0,-11098.0,0.0,19.0,0.0
1742508510.9720917,0.51,-0.08,0.05,-15745.0,13455.0,-19249.0,-0.0,-0.01,-0.01,-15657.0,13509.0,-27439.0,0.0,0.0,0.0
1742508510.9842536,0.51,-0.08,0.05,-14967.0,13091.0,29946.0,-0.0,-0.01,-0.01,-14879.0,13145.0,21755.0,117.0,117.0,105.0
1742508510.9927576,0.51,-0.08,0.05,-14189.0,12727.0,13603.0,-0.0,-0.01,-0.01,-14101.0,12781.0,5412.0,0.0,0.0,0.0
1742508511.004757,0.51,-0.08,0.05,-13412.0,12364.0,-2739.0,-0.0,-0.01,-0.01,-13324.0,12418.0,-10929.0,0.0,0.0,0.0
1742508511.0172584,0.51,-0.08,0.05,-12635.0,12001.0,-19080.0,-0.0,-0.01,-0.01,-12548.0,12056.0,-27270.0,83.0,50.0,48.0
1742508511.0292609,0.51,-0.08,0.05,-11859.0,11639.0,30115.0,-0.0,-0.01,-0.01,-11772.0,11694.0,21924.0,0.0,0.0,0.0
1742508511.037757,0.51,-0.08,0.05,-11083.0,11277.0,13772.0,-0.0,-0.01,-0.01,-10996.0,11332.0,5581.0,0.0,0.0,0.0
1742508511.0497577,0.51,-0.08,0.05,-10307.0,10916.0,-2570.0,-0.0,-0.01,-0.01,-10220.0,10971.0,-10760.0,108.0,126.0,112.0
1742508511.0622585,0.51,-0.08,0.05,-9530.0,10555.0,-18911.0,-0.0,-0.01,-0.01,-9443.0,10610.0,-27101.0,0.0,48.0,27.0
1742508511.0742593,0.51,-0.08,0.05,-8753.0,10194.0,30284.0,-0.0,-0.01,-0.01,-8666.0,10248.0,22093.0,0.0,0.0,1.0
1742508511.0828764,0.51,-0.08,0.05,-7976.0,9832.0,13941.0,-0.0,-0.01,-0.01,-7889.0,9887.0,5750.0,122.0,78.0,69.0
1742508511.0949097,0.51,-0.08,0.05,-7199.0,9471.0,-2402.0,-0.0,-0.01,-0.01,-7111.0,9526.0,-10592.0,0.0,0.0,0.0
1742508511.1034093,0.51,-0.08,0.05,-6421.0,9111.0,-18744.0,-0.0,-0.01,-0.01,-6333.0,9166.0,-26934.0,0.0,14.0,19.0
1742508511.119552,0.51,-0.08,0.05,-5642.0,8751.0,30450.0,-0.0,-0.01,-0.01,-5555.0,8805.0,22259.0,82.0,86.0,40.0
1742508511.1275709,0.51,-0.08,0.05,-4864.0,8390.0,14106.0,-0.0,-0.01,-0.01,-4776.0,8444.0,5915.0,0.0,0.0,0.0
1742508511.1400552,0.51,-0.08,0.05,-4085.0,8029.0,-2237.0,-0.0,-0.01,-0.01,-3997.0,8083.0,-10427.0,0.0,0.0,0.0
1742508511.1485555,0.51,-0.08,0.05,-3306.0,7668.0,-18579.0,-0.0,-0.01,-0.01,-3218.0,7722.0,-26769.0,165.0,127.0,91.0
1742508511.1600575,0.51,-0.08,0.05,-2527.0,7308.0,30615.0,-0.0,-0.01,-0.01,-2439.0,7362.0,22424.0,7.0,18.0,23.0
1742508511.1730857,0.51,-0.08,0.05,-1747.0,6948.0,14271.0,-0.0,-0.01,-0.01,-1659.0,7002.0,6080.0,0.0,0.0,0.0
1742508511.1851132,0.51,-0.08,0.05,-967.0,6588.0,-2072.0,-0.0,-0.01,-0.01,-879.0,6642.0,-10262.0,99.0,99.0,123.0
1742508511.1932669,0.51,-0.08,0.05,-188.0,6229.0,-18414.0,-0.0,-0.01,-0.01,-100.0,6283.0,-26604.0,0.0,0.0,0.0
1742508511.2017672,0.51,-0.08,0.05,590.0,5870.0,30780.0,-0.0,-0.01,-0.01,677.0,5924.0,22589.0,0.0,0.0,0.0
1742508511.2137668,0.51,-0.08,0.05,1367.0,5511.0,14436.0,-0.0,-0.01,-0.01,1454.0,5565.0,6245.0,54.0,60.0,56.0
1742508511.2258797,0.51,-0.08,0.05,2144.0,5152.0,-1907.0,-0.0,-0.01,-0.01,2231.0,5206.0,-10097.0,3.0,39.0,13.0
1742508511.2338963,0.51,-0.08,0.05,2921.0,4794.0,-18249.0,-0.0,-0.01,-0.01,3008.0,4848.0,-26439.0,70.0,46.0,45.0
1742508511.246613,0.51,-0.08,0.05,3698.0,4436.0,30945.0,-0.0,-0.01,-0.01,3785.0,4490.0,22754.0,98.0,77.0,105.0
1742508511.258613,0.51,-0.08,0.05,4476.0,4079.0,14601.0,-0.0,-0.01,-0.01,4563.0,4133.0,6410.0,8.0,3.0,0.0
1742508511.2671144,0.51,-0.08,0.05,5254.0,3722.0,-1742.0,-0.0,-0.01,-0.01,5341.0,3776.0,-9932.0,20.0,16.0,0.0
1742508511.2791185,0.51,-0.08,0.05,6032.0,3365.0,-18083.0,-0.0,-0.01,-0.01,6119.0,3419.0,-26273.0,0.0,0.0,0.0
1742508511.2911892,0.51,-0.08,0.05,6810.0,3009.0,31112.0,-0.0,-0.01,-0.01,6897.0,3063.0,22921.0,3.0,12.0,18.0
1742508511.3036702,0.51,-0.08,0.05,7588.0,2653.0,14769.0,-0.0,-0.01,-0.01,7675.0,2707.0,6578.0,19.0,0.0,0.0
1742508511.312172,0.51,-0.08,0.05,8366.0,2297.0,-1573.0,-0.0,-0.01,-0.01,8453.0,2351.0,-9763.0,5.0,7.0,28.0
1742508511.3241706,0.51,-0.08,0.05,9144.0,1941.0,-17914.0,-0.0,-0.01,-0.01,9231.0,1995.0,-26104.0,0.0,0.0,12.0
1742508511.332673,0.51,-0.08,0.05,9922.0,1585.0,31281.0,-0.0,-0.01,-0.01,10009.0,1639.0,23090.0,126.0,88.0,75.0
1742508511.34474,0.51,-0.08,0.05,10700.0,1230.0,14938.0,-0.0,-0.01,-0.01,10787.0,1284.0,6747.0,0.0,0.0,0.0
1742508511.3532429,0.51,-0.08,0.05,11478.0,875.0,-1404.0,0.03,0.03,0.0,11219.0,872.0,-9595.0,0.0,0.0,0.0
1742508511.3694134,0.51,-0.08,0.05,11911.0,463.0,-17746.0,-0.0,-0.01,-0.01,11997.0,517.0,-25936.0,0.0,0.0,0.0
1742508511.3820531,0.51,-0.08,0.05,12689.0,108.0,31449.0,-0.0,-0.01,-0.01,12775.0,162.0,23258.0,144.0,107.0,80.0
1742508511.3935428,0.51,-0.08,0.05,13466.0,-245.0,15106.0,-0.0,-0.01,-0.01,13552.0,-190.0,6915.0,0.0,31.0,0.0
1742508511.402524,0.51,-0.08,0.05,14243.0,-597.0,-1236.0,-0.0,-0.01,-0.01,14329.0,-542.0,-9426.0,0.0,0.0,0.0
1742508511.4143462,0.51,-0.08,0.05,15021.0,-949.0,-17577.0,-0.0,-0.01,-0.01,15107.0,-894.0,-25767.0,63.0,76.0,34.0
1742508511.4224873,0.51,-0.08,0.05,15799.0,-1300.0,31618.0,-0.0,-0.01,-0.01,15886.0,-1245.0,23427.0,0.0,19.0,32.0
1742508511.4344869,0.51,-0.08,0.05,16578.0,-1651.0,15275.0,-0.0,-0.01,-0.01,16665.0,-1596.0,7084.0,82.0,51.0,23.0
1742508511.4469895,0.51,-0.08,0.05,17357.0,-2002.0,-1068.0,-0.0,-0.01,-0.01,17444.0,-1947.0,-9258.0,62.0,111.0,118.0
1742508511.4594867,0.51,-0.08,0.05,18136.0,-2353.0,-17410.0,-0.0,-0.01,-0.01,18223.0,-2298.0,-25600.0,9.0,21.0,0.0
1742508511.4675033,0.51,-0.08,0.05,18915.0,-2703.0,31784.0,-0.0,-0.01,-0.01,19002.0,-2648.0,23593.0,15.0,0.0,1.0
1742508511.4799943,0.51,-0.08,0.05,19694.0,-3053.0,15440.0,-0.0,-0.01,-0.01,19781.0,-2998.0,7249.0,11.0,12.0,4.0
1742508511.492062,0.51,-0.08,0.05,20474.0,-3403.0,-903.0,-0.0,-0.01,-0.01,20561.0,-3348.0,-9093.0,17.0,32.0,34.0
1742508511.5045466,0.51,-0.08,0.05,21253.0,-3752.0,-17245.0,-0.0,-0.01,-0.01,21340.0,-3697.0,-25435.0,0.0,0.0,0.0
1742508511.5126812,0.51,-0.08,0.05,22032.0,-4101.0,31949.0,-0.0,-0.01,-0.01,22119.0,-4046.0,23758.0,17.0,34.0,69.0
1742508511.52468,0.51,-0.08,0.05,22811.0,-4450.0,15605.0,-0.0,-0.01,-0.01,22897.0,-4395.0,7414.0,15.0,31.0,0.0
1742508511.5331786,0.51,-0.08,0.05,23589.0,-4799.0,-738.0,-0.0,-0.01,-0.01,23675.0,-4744.0,-8928.0,57.0,41.0,24.0
1742508511.5491955,0.51,-0.08,0.05,24368.0,-5147.0,-17080.0,-0.0,-0.01,-0.01,24454.0,-5092.0,-25270.0,64.0,73.0,107.0
1742508511.5576794,0.51,-0.08,0.05,25147.0,-5495.0,32114.0,-0.0,-0.01,-0.01,25233.0,-5440.0,23923.0,27.0,22.0,0.0
1742508511.5696988,0.51,-0.08,0.05,25926.0,-5843.0,15770.0,-0.0,-0.01,-0.01,26013.0,-5788.0,7579.0,35.0,0.0,11.0
1742508511.5781827,0.51,-0.08,0.05,26706.0,-6191.0,-573.0,-0.0,-0.01,-0.01,26793.0,-6136.0,-8763.0,0.0,0.0,0.0
1742508511.590713,0.51,-0.08,0.05,27487.0,-6537.0,-16915.0,-0.0,-0.01,-0.01,27574.0,-6482.0,-25105.0,11.0,9.0,0.0
1742508511.6027184,0.51,-0.08,0.05,28267.0,-6884.0,32279.0,-0.0,-0.01,-0.01,28354.0,-6829.0,24088.0,8.0,4.0,0.0
1742508511.6113803,0.51,-0.08,0.05,29047.0,-7231.0,15935.0,-0.0,-0.01,-0.01,29133.0,-7176.0,7744.0,0.0,13.0,20.0
1742508511.6233807,0.51,-0.08,0.05,29826.0,-7577.0,-408.0,-0.0,-0.01,-0.01,29912.0,-7522.0,-8598.0,6.0,18.0,0.0
1742508511.6357775,0.51,-0.08,0.05,30605.0,-7923.0,-16750.0,-0.0,-0.01,-0.01,30691.0,-7868.0,-24940.0,112.0,43.0,45.0
1742508511.647776,0.51,-0.08,0.05,31384.0,-8269.0,32444.0,-0.0,-0.01,-0.01,31470.0,-8214.0,24253.0,53.0,69.0,56.0
1742508511.6561205,0.51,-0.08,0.05,32163.0,-8615.0,16100.0,-0.0,-0.01,-0.01,32249.0,-8560.0,7909.0,59.0,18.0,59.0
1742508511.668145,0.51,-0.08,0.05,-32594.0,-8961.0,-243.0,-0.0,-0.01,-0.01,-32507.0,-8906.0,-8433.0,87.0,88.0,46.0
1742508511.6801355,0.51,-0.08,0.05,-31814.0,-9306.0,-16585.0,-0.0,-0.01,-0.01,-31727.0,-9251.0,-24775.0,0.0,0.0,0.0
1742508511.6886468,0.51,-0.08,0.05,-31034.0,-9651.0,32609.0,-0.0,-0.01,-0.01,-30946.0,-9596.0,24418.0,0.0,1.0,3.0
1742508511.7011468,0.51,-0.08,0.05,-30252.0,-9995.0,16265.0,-0.0,-0.01,-0.01,-30165.0,-9940.0,8074.0,0.0,0.0,24.0
1742508511.7131484,0.51,-0.08,0.05,-29471.0,-10339.0,-78.0,-0.0,-0.01,-0.01,-29384.0,-10284.0,-8268.0,0.0,0.0,4.0
1742508511.7216465,0.51,-0.08,0.05,-28690.0,-10683.0,-16420.0,-0.0,-0.01,-0.01,-28603.0,-10628.0,-24610.0,0.0,0.0,0.0
1742508511.733647,0.51,-0.08,0.05,-27909.0,-11026.0,-32762.0,-0.0,-0.01,-0.01,-27822.0,-10971.0,24584.0,116.0,67.0,56.0
1742508511.7461734,0.51,-0.08,0.05,-27128.0,-11369.0,16431.0,-0.0,-0.01,-0.01,-27041.0,-11314.0,8240.0,0.0,0.0,0.0
1742508511.7583463,0.51,-0.08,0.05,-26347.0,-11712.0,87.0,-0.0,-0.01,-0.01,-26260.0,-11657.0,-8103.0,0.0,15.0,3.0
1742508511.766848,0.51,-0.08,0.05,-25566.0,-12055.0,-16255.0,-0.0,-0.01,-0.01,-25479.0,-12000.0,-24445.0,84.0,122.0,72.0
1742508511.7788744,0.51,-0.08,0.05,-24785.0,-12398.0,-32597.0,-0.0,-0.01,-0.01,-24698.0,-12343.0,24749.0,0.0,0.0,0.0
1742508511.7908814,0.51,-0.08,0.05,-24004.0,-12741.0,16596.0,-0.0,-0.01,-0.01,-23917.0,-12686.0,8405.0,0.0,0.0,2.0
1742508511.8033807,0.51,-0.08,0.05,-23223.0,-13083.0,252.0,-0.0,-0.01,-0.01,-23136.0,-13028.0,-7938.0,42.0,35.0,0.0
1742508511.8118806,0.51,-0.08,0.05,-22442.0,-13425.0,-16091.0,-0.0,-0.01,-0.01,-22355.0,-13370.0,-24281.0,9.0,3.0,0.0
1742508511.8238814,0.51,-0.08,0.05,-21661.0,-13767.0,-32434.0,-0.0,-0.01,-0.01,-21574.0,-13712.0,24912.0,0.0,4.0,0.0
1742508511.8358963,0.51,-0.08,0.05,-20879.0,-14109.0,16760.0,-0.0,-0.01,-0.01,-20792.0,-14054.0,8569.0,120.0,98.0,101.0
1742508511.8483846,0.51,-0.08,0.05,-20097.0,-14451.0,417.0,-0.0,-0.01,-0.01,-20010.0,-14396.0,-7773.0,45.0,31.0,71.0
1742508511.8568807,0.51,-0.08,0.05,-19315.0,-14793.0,-15924.0,-0.0,-0.01,-0.01,-19228.0,-14738.0,-24114.0,5.0,0.0,17.0
1742508511.8688817,0.51,-0.08,0.05,-18533.0,-15134.0,-32266.0,-0.0,-0.01,-0.01,-18446.0,-15079.0,25080.0,63.0,29.0,53.0
1742508511.8773854,0.51,-0.08,0.05,-17751.0,-15475.0,16927.0,-0.0,-0.01,-0.01,-17664.0,-15420.0,8736.0,0.0,0.0,0.0
1742508511.8933895,0.51,-0.08,0.05,-16969.0,-15816.0,583.0,-0.0,-0.01,-0.01,-16882.0,-15761.0,-7607.0,29.0,1.0,8.0
1742508511.9018896,0.51,-0.08,0.05,-16187.0,-16157.0,-15759.0,-0.0,-0.01,-0.01,-16100.0,-16102.0,-23949.0,43.0,0.0,0.0
1742508511.9146054,0.51,-0.08,0.05,-15405.0,-16498.0,-32101.0,-0.0,-0.01,-0.01,-15318.0,-16443.0,25245.0,18.0,34.0,70.0
1742508511.92258,0.51,-0.08,0.05,-14623.0,-16839.0,17092.0,-0.0,-0.01,-0.01,-14536.0,-16784.0,8901.0,36.0,10.0,39.0
1742508511.938581,0.51,-0.08,0.05,-13841.0,-17180.0,748.0,-0.0,-0.01,-0.01,-13754.0,-17125.0,-7442.0,0.0,0.0,0.0
1742508511.9470804,0.51,-0.08,0.05,-13060.0,-17520.0,-15594.0,-0.0,-0.01,-0.01,-12973.0,-17465.0,-23784.0,102.0,76.0,106.0
1742508511.9590805,0.51,-0.08,0.05,-12279.0,-17860.0,-31936.0,-0.0,-0.01,-0.01,-12192.0,-17805.0,25410.0,2.0,21.0,18.0
1742508511.9676218,0.51,-0.08,0.05,-11498.0,-18200.0,17257.0,-0.0,-0.01,-0.01,-11411.0,-18145.0,9066.0,35.0,0.0,0.0
1742508511.984124,0.51,-0.08,0.05,-10716.0,-18540.0,913.0,-0.0,-0.01,-0.01,-10629.0,-18485.0,-7277.0,125.0,115.0,99.0
1742508511.9921296,0.51,-0.08,0.05,-9934.0,-18880.0,-15429.0,-0.0,-0.01,-0.01,-9847.0,-18825.0,-23619.0,57.0,0.0,44.0
1742508512.0041292,0.51,-0.08,0.05,-9152.0,-19220.0,-31771.0,-0.0,-0.01,-0.01,-9065.0,-19165.0,25575.0,0.0,0.0,0.0
1742508512.012629,0.51,-0.08,0.05,-8370.0,-19559.0,17422.0,-0.0,-0.01,-0.01,-8283.0,-19504.0,9231.0,51.0,52.0,93.0
1742508512.0246294,0.51,-0.08,0.05,-7588.0,-19898.0,1078.0,-0.0,-0.01,-0.01,-7501.0,-19843.0,-7112.0,3.0,0.0,0.0
1742508512.0371292,0.51,-0.08,0.05,-6806.0,-20237.0,-15264.0,-0.0,-0.01,-0.01,-6719.0,-20182.0,-23454.0,0.0,0.0,0.0
1742508512.0491292,0.51,-0.08,0.05,-6024.0,-20576.0,-31606.0,-0.0,-0.01,-0.01,-5937.0,-20521.0,25740.0,60.0,91.0,89.0
1742508512.0576296,0.51,-0.08,0.05,-5242.0,-20915.0,17587.0,-0.0,-0.01,-0.01,-5155.0,-20861.0,9396.0,14.0,3.0,22.0
1742508512.0696309,0.51,-0.08,0.05,-4460.0,-21254.0,1243.0,-0.0,-0.01,-0.01,-4373.0,-21200.0,-6947.0,0.0,0.0,0.0
1742508512.0821335,0.51,-0.08,0.05,-3678.0,-21593.0,-15099.0,-0.0,-0.01,-0.01,-3591.0,-21539.0,-23289.0,112.0,94.0,102.0
1742508512.0941386,0.51,-0.08,0.05,-2896.0,-21932.0,-31441.0,-0.0,-0.01,-0.01,-2809.0,-21878.0,25905.0,0.0,31.0,16.0
1742508512.102638,0.51,-0.08,0.05,-2114.0,-22270.0,17752.0,-0.0,-0.01,-0.01,-2027.0,-22216.0,9561.0,0.0,0.0,0.0
1742508512.1146374,0.51,-0.08,0.05,-1332.0,-22608.0,1408.0,-0.0,-0.01,-0.01,-1245.0,-22554.0,-6782.0,44.0,44.0,68.0
1742508512.1231372,0.51,-0.08,0.05,-550.0,-22946.0,-14934.0,-0.0,-0.01,-0.01,-463.0,-22892.0,-23124.0,37.0,32.0,14.0
1742508512.1356382,0.51,-0.08,0.05,231.0,-23284.0,-31276.0,-0.0,-0.01,-0.01,317.0,-23230.0,26070.0,0.0,0.0,0.0
1742508512.1476383,0.51,-0.08,0.05,1012.0,-23622.0,17917.0,-0.0,-0.01,-0.01,1098.0,-23568.0,9726.0,31.0,54.0,103.0
1742508512.159637,0.51,-0.08,0.05,1793.0,-23960.0,1573.0,-0.0,-0.01,-0.01,1879.0,-23906.0,-6617.0,21.0,7.0,7.0
1742508512.1681385,0.51,-0.08,0.05,2574.0,-24298.0,-14769.0,-0.0,-0.01,-0.01,2660.0,-24243.0,-22959.0,60.0,30.0,18.0
1742508512.1801393,0.51,-0.08,0.05,3355.0,-24635.0,-31111.0,-0.0,-0.01,-0.01,3441.0,-24581.0,26235.0,116.0,96.0,120.0
1742508512.1926467,0.51,-0.08,0.05,4136.0,-24973.0,18082.0,-0.0,-0.01,-0.01,4222.0,-24919.0,9891.0,8.0,34.0,0.0
1742508512.201147,0.51,-0.08,0.05,4917.0,-25311.0,1738.0,-0.0,-0.01,-0.01,5003.0,-25256.0,-6452.0,0.0,0.0,0.0
1742508512.2127435,0.51,-0.08,0.05,5698.0,-25648.0,-14604.0,-0.0,-0.01,-0.01,5784.0,-25593.0,-22794.0,0.0,8.0,16.0
1742508512.2251697,0.51,-0.08,0.05,6478.0,-25984.0,-30946.0,-0.0,-0.01,-0.01,6564.0,-25929.0,26400.0,5.0,0.0,14.0
1742508512.2336466,0.51,-0.08,0.05,7258.0,-26320.0,18247.0,-0.0,-0.01,-0.01,7344.0,-26265.0,10056.0,100.0,108.0,48.0
1742508512.2461457,0.51,-0.08,0.05,8038.0,-26656.0,1903.0,-0.0,-0.01,-0.01,8124.0,-26601.0,-6287.0,69.0,44.0,95.0
1742508512.2582505,0.51,-0.08,0.05,8818.0,-26992.0,-14439.0,-0.0,-0.01,-0.01,8904.0,-26937.0,-22629.0,0.0,55.0,37.0
1742508512.270152,0.51,-0.08,0.05,9598.0,-27328.0,-30781.0,-0.0,-0.01,-0.01,9684.0,-27273.0,26565.0,23.0,49.0,0.0
1742508512.2828636,0.51,-0.08,0.05,10378.0,-27664.0,18412.0,-0.0,-0.01,-0.01,10464.0,-27609.0,10221.0,122.0,114.0,92.0
1742508512.2910614,0.51,-0.08,0.05,11158.0,-27999.0,2067.0,-0.0,-0.01,-0.01,11244.0,-27944.0,-6123.0,12.0,38.0,0.0
1742508512.3035607,0.51,-0.08,0.05,11938.0,-28334.0,-14276.0,-0.0,-0.01,-0.01,12024.0,-28279.0,-22466.0,5.0,0.0,0.0
1742508512.3150597,0.51,-0.08,0.05,12718.0,-28669.0,-30619.0,-0.0,-0.01,-0.01,12804.0,-28614.0,26727.0,49.0,92.0,77.0
1742508512.3276134,0.51,-0.09,0.05,13499.0,-29003.0,18573.0,-0.0,-0.01,-0.01,13585.0,-28949.0,10382.0,0.0,19.0,32.0
1742508512.3360975,0.51,-0.09,0.05,14280.0,-29338.0,2228.0,-0.0,-0.01,-0.01,14366.0,-29284.0,-5962.0,0.0,0.0,0.0
1742508512.3480978,0.51,-0.09,0.05,15061.0,-29673.0,-14115.0,-0.0,-0.01,-0.01,15147.0,-29619.0,-22305.0,88.0,102.0,116.0
1742508512.3604798,0.51,-0.09,0.05,15842.0,-30008.0,-30458.0,-0.0,-0.01,-0.01,15928.0,-29954.0,26888.0,0.0,0.0,0.0
1742508512.3724985,0.51,-0.09,0.05,16623.0,-30342.0,18735.0,-0.0,-0.01,-0.01,16709.0,-30287.0,10544.0,0.0,0.0,0.0
1742508512.3814988,0.51,-0.09,0.05,17404.0,-30675.0,2390.0,-0.0,-0.01,-0.01,17490.0,-30620.0,-5800.0,113.0,105.0,138.0
1742508512.3934922,0.51,-0.09,0.05,18185.0,-31008.0,-13953.0,-0.0,-0.01,-0.01,18271.0,-30954.0,-22143.0,13.0,0.0,9.0
1742508512.4054375,0.51,-0.09,0.05,18966.0,-31342.0,-30295.0,-0.0,-0.01,-0.01,19052.0,-31288.0,27051.0,0.0,0.0,0.0
1742508512.417922,0.51,-0.09,0.05,19747.0,-31676.0,18898.0,-0.0,-0.01,-0.01,19833.0,-31622.0,10707.0,141.0,102.0,87.0
1742508512.4261568,0.51,-0.09,0.05,20528.0,-32010.0,2554.0,-0.0,-0.01,-0.01,20614.0,-31956.0,-5636.0,0.0,0.0,0.0
1742508512.4381566,0.51,-0.09,0.05,21310.0,-32344.0,-13788.0,-0.0,-0.01,-0.01,21396.0,-32290.0,-21978.0,0.0,0.0,0.0
1742508512.4511802,0.51,-0.09,0.05,22092.0,-32678.0,-30130.0,-0.0,-0.01,-0.01,22178.0,-32624.0,27216.0,53.0,67.0,58.0
1742508512.4627168,0.51,-0.09,0.05,22874.0,32524.0,19063.0,-0.0,-0.01,-0.01,22960.0,32577.0,10872.0,0.0,0.0,0.0
1742508512.4707353,0.51,-0.09,0.05,23656.0,32188.0,2719.0,-0.0,-0.01,-0.01,23742.0,32241.0,-5471.0,0.0,0.0,0.0
1742508512.4833128,0.51,-0.09,0.05,24438.0,31853.0,-13623.0,-0.0,-0.01,-0.01,24524.0,31906.0,-21813.0,95.0,122.0,108.0
1742508512.4918196,0.51,-0.09,0.05,25220.0,31518.0,-29965.0,-0.0,-0.01,-0.01,25306.0,31571.0,27381.0,9.0,5.0,0.0
1742508512.5076804,0.51,-0.09,0.05,26002.0,31183.0,19228.0,-0.0,-0.01,-0.01,26088.0,31237.0,11037.0,0.0,0.0,0.0
1742508512.5161786,0.51,-0.09,0.05,26784.0,30849.0,2884.0,-0.0,-0.01,-0.01,26870.0,30903.0,-5306.0,134.0,97.0,149.0
1742508512.5283349,0.51,-0.09,0.05,27566.0,30514.0,-13458.0,-0.0,-0.01,-0.01,27652.0,30568.0,-21648.0,0.0,0.0,0.0
1742508512.540604,0.51,-0.09,0.05,28348.0,30180.0,-29800.0,-0.0,-0.01,-0.01,28434.0,30234.0,27546.0,36.0,30.0,39.0
1742508512.5527525,0.51,-0.09,0.05,29130.0,29846.0,19393.0,-0.0,-0.01,-0.01,29216.0,29900.0,11202.0,89.0,38.0,43.0
1742508512.561244,0.51,-0.09,0.05,29912.0,29512.0,3049.0,-0.0,-0.01,-0.01,29998.0,29566.0,-5141.0,0.0,0.0,0.0
1742508512.5731742,0.51,-0.09,0.05,30694.0,29178.0,-13293.0,-0.0,-0.01,-0.01,30781.0,29232.0,-21483.0,0.0,0.0,0.0
1742508512.5816615,0.51,-0.09,0.05,31477.0,28844.0,-29635.0,-0.0,-0.01,-0.01,31564.0,28897.0,27711.0,75.0,82.0,108.0
1742508512.5981662,0.51,-0.09,0.05,32260.0,28510.0,19558.0,-0.0,-0.01,-0.01,32347.0,28563.0,11367.0,29.0,19.0,50.0
1742508512.6061678,0.51,-0.09,0.05,-32493.0,28176.0,3214.0,-0.0,-0.01,-0.01,-32405.0,28229.0,-4976.0,10.0,0.0,0.0
1742508512.6181667,0.51,-0.09,0.05,-31709.0,27842.0,-13128.0,-0.0,-0.01,-0.01,-31621.0,27895.0,-21318.0,56.0,83.0,58.0
1742508512.6306727,0.51,-0.09,0.05,-30925.0,27508.0,-29470.0,-0.0,-0.01,-0.01,-30837.0,27561.0,27876.0,80.0,79.0,66.0
1742508512.6428297,0.51,-0.09,0.05,-30141.0,27174.0,19723.0,-0.0,-0.01,-0.01,-30053.0,27227.0,11532.0,46.0,34.0,18.0
1742508512.651314,0.51,-0.09,0.05,-29357.0,26840.0,3379.0,-0.0,-0.01,-0.01,-29269.0,26893.0,-4811.0,0.0,10.0,0.0
1742508512.6634128,0.51,-0.09,0.05,-28572.0,26506.0,-12963.0,-0.0,-0.01,-0.01,-28484.0,26559.0,-21153.0,10.0,13.0,6.0
1742508512.6719165,0.51,-0.09,0.05,-27787.0,26172.0,-29305.0,-0.0,-0.01,-0.01,-27699.0,26225.0,28041.0,0.0,0.0,0.0
1742508512.6878045,0.51,-0.09,0.05,-27002.0,25838.0,19888.0,-0.0,-0.01,-0.01,-26914.0,25891.0,11697.0,0.0,0.0,0.0
1742508512.6962714,0.51,-0.09,0.05,-26217.0,25504.0,3544.0,-0.0,-0.01,-0.01,-26129.0,25557.0,-4646.0,9.0,76.0,56.0
1742508512.7086246,0.51,-0.09,0.05,-25432.0,25170.0,-12798.0,-0.0,-0.01,-0.01,-25344.0,25223.0,-20988.0,0.0,26.0,13.0
1742508512.7211237,0.51,-0.09,0.05,-24647.0,24836.0,-29140.0,-0.0,-0.01,-0.01,-24559.0,24889.0,28206.0,0.0,0.0,0.0
1742508512.7332594,0.51,-0.09,0.05,-23863.0,24503.0,20052.0,-0.0,-0.01,-0.01,-23775.0,24557.0,11861.0,84.0,81.0,124.0
1742508512.7417572,0.51,-0.09,0.05,-23078.0,24171.0,3708.0,-0.0,-0.01,-0.01,-22990.0,24225.0,-4482.0,42.0,9.0,16.0
1742508512.7537599,0.51,-0.09,0.05,-22293.0,23839.0,-12634.0,-0.0,-0.01,-0.01,-22205.0,23893.0,-20824.0,8.0,0.0,0.0
1742508512.7617567,0.51,-0.09,0.05,-21508.0,23507.0,-28976.0,-0.0,-0.01,-0.01,-21420.0,23560.0,28370.0,35.0,52.0,54.0
1742508512.7783768,0.51,-0.09,0.05,-20723.0,23174.0,20216.0,-0.0,-0.01,-0.01,-20635.0,23227.0,12025.0,0.0,23.0,30.0
1742508512.786411,0.51,-0.09,0.05,-19938.0,22841.0,3871.0,-0.0,-0.01,-0.01,-19850.0,22894.0,-4319.0,0.0,0.0,0.0
1742508512.7986186,0.51,-0.09,0.05,-19153.0,22508.0,-12472.0,-0.0,-0.01,-0.01,-19065.0,22561.0,-20662.0,26.0,101.0,94.0
1742508512.8110764,0.51,-0.09,0.05,-18368.0,22175.0,-28815.0,-0.0,-0.01,-0.01,-18280.0,22229.0,28531.0,7.0,0.0,0.0
1742508512.8230965,0.51,-0.09,0.05,-17583.0,21843.0,20377.0,-0.0,-0.01,-0.01,-17495.0,21897.0,12186.0,0.0,0.0,0.0
1742508512.8315806,0.51,-0.09,0.05,-16798.0,21511.0,4032.0,-0.0,-0.01,-0.01,-16710.0,21565.0,-4158.0,74.0,68.0,121.0
1742508512.8435974,0.51,-0.09,0.05,-16013.0,21179.0,-12311.0,-0.0,-0.01,-0.01,-15925.0,21232.0,-20501.0,19.0,13.0,8.0
1742508512.85208,0.51,-0.09,0.05,-15228.0,20846.0,-28654.0,-0.0,-0.01,-0.01,-15140.0,20899.0,28692.0,0.0,0.0,0.0
1742508512.8682954,0.51,-0.09,0.05,-14443.0,20514.0,20539.0,-0.0,-0.01,-0.01,-14355.0,20567.0,12348.0,94.0,123.0,108.0
1742508512.8767982,0.51,-0.09,0.05,-13658.0,20182.0,4195.0,-0.0,-0.01,-0.01,-13570.0,20235.0,-3995.0,20.0,0.0,0.0
1742508512.8889494,0.51,-0.09,0.05,-12873.0,19850.0,-12147.0,-0.0,-0.01,-0.01,-12785.0,19903.0,-20337.0,21.0,0.0,0.0
1742508512.9009504,0.51,-0.09,0.05,-12088.0,19518.0,-28489.0,-0.0,-0.01,-0.01,-12000.0,19572.0,28857.0,71.0,85.0,56.0
1742508512.9130158,0.51,-0.09,0.05,-11303.0,19187.0,20704.0,-0.0,-0.01,-0.01,-11215.0,19241.0,12513.0,0.0,0.0,0.0
1742508512.921517,0.51,-0.09,0.05,-10518.0,18856.0,4360.0,-0.0,-0.01,-0.01,-10430.0,18910.0,-3830.0,0.0,8.0,0.0
1742508512.9340825,0.51,-0.09,0.05,-9732.0,18525.0,-11982.0,-0.0,-0.01,-0.01,-9644.0,18579.0,-20172.0,101.0,119.0,148.0
1742508512.9420826,0.51,-0.09,0.05,-8946.0,18194.0,-28324.0,-0.0,-0.01,-0.01,-8858.0,18248.0,29022.0,3.0,34.0,0.0
1742508512.9545815,0.51,-0.09,0.05,-8160.0,17863.0,20869.0,-0.0,-0.01,-0.01,-8071.0,17917.0,12678.0,2.0,0.0,0.0
1742508512.9665818,0.51,-0.09,0.05,-7373.0,17532.0,4525.0,-0.0,-0.01,-0.01,-7285.0,17586.0,-3665.0,54.0,74.0,92.0
1742508512.9785838,0.51,-0.09,0.05,-6587.0,17201.0,-11817.0,-0.0,-0.01,-0.01,-6499.0,17255.0,-20007.0,0.0,0.0,0.0
1742508512.9910917,0.51,-0.09,0.05,-5801.0,16870.0,-28159.0,-0.0,-0.01,-0.01,-5713.0,16924.0,29187.0,2.0,0.0,2.0
1742508512.9998124,0.51,-0.09,0.05,-5015.0,16539.0,21034.0,-0.0,-0.01,-0.01,-4927.0,16593.0,12843.0,94.0,94.0,49.0
1742508513.0115259,0.51,-0.09,0.05,-4229.0,16208.0,4690.0,-0.0,-0.01,-0.01,-4141.0,16262.0,-3500.0,0.0,0.0,0.0
1742508513.0200136,0.51,-0.09,0.05,-3443.0,15877.0,-11652.0,-0.0,-0.01,-0.01,-3355.0,15931.0,-19842.0,0.0,0.0,8.0
1742508513.0322275,0.51,-0.09,0.05,-2657.0,15546.0,-27994.0,-0.0,-0.01,-0.01,-2569.0,15600.0,29352.0,125.0,76.0,126.0
1742508513.0443418,0.51,-0.09,0.05,-1871.0,15216.0,21199.0,-0.0,-0.01,-0.01,-1783.0,15270.0,13008.0,11.0,25.0,0.0
1742508513.0568411,0.51,-0.09,0.05,-1085.0,14886.0,4855.0,-0.0,-0.01,-0.01,-996.0,14940.0,-3335.0,0.0,0.0,0.0
1742508513.0648417,0.51,-0.09,0.05,-298.0,14556.0,-11487.0,-0.0,-0.01,-0.01,-209.0,14610.0,-19677.0,84.0,72.0,110.0
1742508513.0773451,0.51,-0.09,0.05,488.0,14226.0,-27829.0,-0.0,-0.01,-0.01,576.0,14280.0,29517.0,4.0,34.0,25.0
1742508513.0893679,0.51,-0.09,0.05,1273.0,13896.0,21364.0,-0.0,-0.01,-0.01,1361.0,13950.0,13173.0,0.0,14.0,0.0
1742508513.1018674,0.51,-0.09,0.05,2059.0,13567.0,5020.0,-0.0,-0.01,-0.01,2147.0,13621.0,-3170.0,102.0,58.0,96.0
1742508513.1103687,0.51,-0.09,0.05,2845.0,13238.0,-11322.0,-0.0,-0.01,-0.01,2933.0,13292.0,-19512.0,0.0,0.0,0.0
1742508513.122166,0.51,-0.09,0.05,3631.0,12909.0,-27664.0,-0.0,-0.01,-0.01,3719.0,12963.0,29682.0,0.0,0.0,0.0
1742508513.130666,0.51,-0.09,0.05,4417.0,12580.0,21529.0,-0.0,-0.01,-0.01,4505.0,12634.0,13338.0,131.0,150.0,98.0
1742508513.142667,0.51,-0.09,0.05,5203.0,12251.0,5185.0,-0.0,-0.01,-0.01,5291.0,12305.0,-3005.0,32.0,1.0,30.0
1742508513.1551666,0.51,-0.09,0.05,5989.0,11922.0,-11158.0,-0.0,-0.01,-0.01,6077.0,11976.0,-19348.0,0.0,0.0,0.0
1742508513.1671662,0.51,-0.09,0.05,6775.0,11593.0,-27501.0,-0.0,-0.01,-0.01,6863.0,11647.0,29845.0,113.0,93.0,55.0
1742508513.1756709,0.51,-0.09,0.05,7562.0,11264.0,21692.0,-0.0,-0.01,-0.01,7650.0,11318.0,13501.0,15.0,2.0,14.0
1742508513.1878035,0.51,-0.09,0.05,8349.0,10935.0,5348.0,-0.0,-0.01,-0.01,8437.0,10989.0,-2842.0,7.0,0.0,0.0
1742508513.199818,0.51,-0.09,0.05,9136.0,10607.0,-10994.0,-0.0,-0.01,-0.01,9224.0,10661.0,-19184.0,105.0,80.0,83.0
1742508513.2123036,0.51,-0.09,0.05,9923.0,10279.0,-27336.0,-0.0,-0.01,-0.01,10011.0,10333.0,30010.0,0.0,0.0,0.0
1742508513.2208023,0.51,-0.09,0.05,10710.0,9951.0,21857.0,-0.0,-0.01,-0.01,10798.0,10005.0,13666.0,0.0,0.0,0.0
1742508513.2333026,0.51,-0.09,0.05,11497.0,9623.0,5513.0,-0.0,-0.01,-0.01,11585.0,9677.0,-2677.0,111.0,115.0,134.0
1742508513.2453022,0.51,-0.09,0.05,12284.0,9295.0,-10829.0,-0.0,-0.01,-0.01,12372.0,9349.0,-19019.0,0.0,0.0,0.0
1742508513.2573938,0.51,-0.09,0.05,13071.0,8967.0,-27171.0,-0.0,-0.01,-0.01,13159.0,9021.0,30175.0,0.0,0.0,0.0
1742508513.2658892,0.51,-0.09,0.05,13858.0,8639.0,22022.0,-0.0,-0.01,-0.01,13946.0,8693.0,13831.0,86.0,138.0,89.0
1742508513.277892,0.51,-0.09,0.05,14645.0,8311.0,5677.0,-0.0,-0.01,-0.01,14733.0,8366.0,-2513.0,0.0,27.0,42.0
1742508513.2905207,0.51,-0.09,0.05,15432.0,7984.0,-10666.0,-0.0,-0.01,-0.01,15521.0,8039.0,-18856.0,38.0,18.0,0.0
1742508513.3025336,0.51,-0.09,0.05,16220.0,7657.0,-27009.0,-0.0,-0.01,-0.01,16309.0,7712.0,30337.0,66.0,92.0,71.0
1742508513.310521,0.51,-0.09,0.05,17008.0,7330.0,22183.0,-0.0,-0.01,-0.01,17097.0,7385.0,13992.0,0.0,0.0,0.0
1742508513.323022,0.51,-0.09,0.05,17796.0,7003.0,5838.0,-0.0,-0.01,-0.01,17884.0,7058.0,-2352.0,0.0,0.0,0.0
1742508513.3315213,0.51,-0.09,0.05,18584.0,6676.0,-10505.0,-0.0,-0.01,-0.01,18673.0,6731.0,-18695.0,99.0,96.0,104.0
1742508513.3435209,0.51,-0.09,0.05,19373.0,6349.0,-26848.0,-0.0,-0.01,-0.01,19462.0,6404.0,30498.0,10.0,0.0,28.0
1742508513.3556652,0.51,-0.09,0.05,20161.0,6022.0,22345.0,-0.0,-0.01,-0.01,20250.0,6077.0,14154.0,0.0,11.0,0.0
1742508513.3676825,0.51,-0.09,0.05,20949.0,5695.0,6001.0,-0.0,-0.01,-0.01,21037.0,5750.0,-2189.0,120.0,143.0,118.0
1742508513.3801937,0.51,-0.09,0.05,21736.0,5369.0,-10341.0,-0.0,-0.01,-0.01,21824.0,5424.0,-18531.0,15.0,0.0,16.0
1742508513.388702,0.51,-0.09,0.05,22523.0,5043.0,-26683.0,-0.0,-0.01,-0.01,22611.0,5098.0,30663.0,0.0,0.0,12.0
1742508513.4012027,0.51,-0.09,0.05,23310.0,4717.0,22510.0,-0.0,-0.01,-0.01,23398.0,4772.0,14319.0,91.0,60.0,47.0
1742508513.4127028,0.51,-0.09,0.05,24097.0,4391.0,6166.0,-0.0,-0.01,-0.01,24185.0,4446.0,-2024.0,0.0,0.0,0.0
1742508513.4212024,0.51,-0.09,0.05,24884.0,4065.0,-10176.0,-0.0,-0.01,-0.01,24972.0,4120.0,-18366.0,0.0,0.0,0.0
1742508513.4332042,0.51,-0.09,0.05,25671.0,3739.0,-26518.0,-0.0,-0.01,-0.01,25759.0,3794.0,30828.0,84.0,103.0,89.0
1742508513.4417026,0.51,-0.09,0.05,26458.0,3413.0,22675.0,-0.0,-0.01,-0.01,26546.0,3468.0,14484.0,12.0,32.0,0.0
1742508513.4542024,0.51,-0.09,0.05,27245.0,3087.0,6331.0,-0.0,-0.01,-0.01,27333.0,3142.0,-1859.0,0.0,0.0,0.0
1742508513.4662018,0.51,-0.09,0.05,28032.0,2761.0,-10011.0,-0.0,-0.01,-0.01,28120.0,2815.0,-18201.0,112.0,90.0,118.0
1742508513.478705,0.51,-0.09,0.05,28819.0,2434.0,-26353.0,-0.0,-0.01,-0.01,28907.0,2488.0,30993.0,0.0,0.0,0.0
1742508513.490912,0.51,-0.09,0.05,29606.0,2107.0,22840.0,-0.0,-0.01,-0.01,29694.0,2161.0,14649.0,0.0,0.0,8.0
1742508513.498912,0.51,-0.09,0.05,30393.0,1780.0,6496.0,-0.0,-0.01,-0.01,30481.0,1834.0,-1694.0,79.0,90.0,89.0
1742508513.5114784,0.51,-0.09,0.05,31180.0,1453.0,-9846.0,-0.0,-0.01,-0.01,31269.0,1507.0,-18036.0,20.0,0.0,0.0
1742508513.5199778,0.51,-0.09,0.05,31968.0,1126.0,-26188.0,-0.0,-0.01,-0.01,32057.0,1179.0,31158.0,0.0,0.0,0.0
1742508513.5319786,0.51,-0.09,0.05,32756.0,798.0,23005.0,-0.0,-0.01,-0.01,-32691.0,851.0,14814.0,110.0,96.0,74.0
1742508513.5439773,0.51,-0.09,0.05,-31991.0,469.0,6661.0,-0.0,-0.01,-0.01,-31901.0,522.0,-1529.0,15.0,14.0,11.0
1742508513.5524774,0.51,-0.09,0.05,-31202.0,141.0,-9681.0,-0.0,-0.01,-0.01,-31112.0,194.0,-17871.0,15.0,0.0,0.0
1742508513.5649784,0.51,-0.09,0.05,-30414.0,-186.0,-26024.0,-0.0,-0.01,-0.01,-30324.0,-132.0,31322.0,72.0,144.0,127.0
1742508513.5769835,0.51,-0.09,0.05,-29628.0,-516.0,23168.0,-0.0,-0.01,-0.01,-29539.0,-461.0,14977.0,18.0,14.0,0.0
1742508513.5890574,0.51,-0.08,0.04,-28845.0,-827.0,6823.0,-0.0,-0.01,-0.01,-28756.0,-771.0,-1367.0,15.0,0.0,6.0
1742508513.601517,0.51,-0.08,0.04,-28063.0,-1115.0,-9522.0,-0.0,-0.01,-0.01,-27974.0,-1059.0,-17712.0,65.0,139.0,131.0
1742508513.610017,0.5,-0.08,0.04,-27283.0,-1376.0,-25868.0,-0.0,-0.01,-0.01,-27194.0,-1320.0,31478.0,65.0,108.0,76.0
1742508513.622016,0.5,-0.08,0.04,-26502.0,-1608.0,23321.0,-0.0,-0.01,-0.01,-26413.0,-1550.0,15130.0,36.0,40.0,0.0
1742508513.6305168,0.5,-0.08,0.03,-25721.0,-1791.0,6971.0,-0.0,-0.01,-0.01,-25632.0,-1732.0,-1219.0,229.0,163.0,163.0
1742508513.642518,0.5,-0.09,0.02,-24936.0,-1919.0,-9378.0,-0.0,-0.01,-0.01,-24847.0,-1859.0,-17568.0,413.0,345.0,174.0
1742508513.6550176,0.5,-0.09,0.01,-24147.0,-1973.0,-25729.0,-0.0,-0.01,-0.01,-24058.0,-1913.0,31617.0,83.0,96.0,104.0
1742508513.666683,0.49,-0.09,0.0,-23349.0,-1940.0,23456.0,-0.0,-0.01,-0.01,-23259.0,-1881.0,15265.0,213.0,225.0,187.0
1742508513.6793158,0.49,-0.09,-0.03,-22527.0,-1660.0,7109.0,-0.0,-0.01,-0.01,-22436.0,-1602.0,-1081.0,41.0,26.0,79.0
1742508513.6914592,0.48,-0.09,-0.05,-21689.0,-1225.0,-9230.0,-0.0,-0.01,-0.01,-21598.0,-1168.0,-17420.0,18.0,34.0,37.0
1742508513.7004435,0.48,-0.09,-0.07,-20833.0,-622.0,-25557.0,-0.0,-0.01,-0.01,-20742.0,-566.0,31789.0,108.0,101.0,89.0
1742508513.7121432,0.47,-0.1,-0.09,-19959.0,154.0,23666.0,-0.0,-0.01,-0.01,-19868.0,206.0,15475.0,0.0,0.0,0.0
1742508513.720643,0.46,-0.1,-0.11,-19065.0,1100.0,7371.0,-0.0,-0.01,-0.01,-18974.0,1150.0,-819.0,0.0,0.0,0.0
1742508513.7326436,0.46,-0.1,-0.13,-18151.0,2223.0,-8898.0,-0.0,-0.01,-0.01,-18059.0,2271.0,-17088.0,76.0,106.0,58.0
1742508513.745143,0.45,-0.1,-0.15,-17217.0,3511.0,-25141.0,-0.0,-0.01,-0.01,-17124.0,3554.0,32205.0,0.0,0.0,0.0
1742508513.7571437,0.45,-0.11,-0.17,-16262.0,4952.0,24179.0,-0.0,-0.01,-0.01,-16169.0,4993.0,15988.0,0.0,0.0,0.0
1742508513.7691967,0.43,-0.11,-0.21,-15272.0,6665.0,8019.0,-0.0,-0.01,-0.0,-15179.0,6705.0,-171.0,32.0,0.0,0.0
1742508513.7776983,0.43,-0.11,-0.22,-14265.0,8493.0,-8113.0,-0.0,-0.01,-0.0,-14172.0,8532.0,-16303.0,0.0,0.0,0.0
1742508513.7902033,0.43,-0.11,-0.23,-13245.0,10414.0,-24221.0,-0.0,-0.01,-0.0,-13152.0,10453.0,-32411.0,0.0,0.0,0.0
1742508513.802203,0.43,-0.11,-0.24,-12216.0,12413.0,25227.0,-0.0,-0.01,-0.01,-12123.0,12454.0,17036.0,82.0,102.0,80.0
1742508513.8102028,0.42,-0.12,-0.25,-11182.0,14469.0,9151.0,-0.0,-0.01,-0.01,-11090.0,14510.0,960.0,0.0,0.0,0.0
1742508513.8227792,0.42,-0.12,-0.25,-10146.0,16556.0,-6915.0,-0.0,-0.01,-0.01,-10054.0,16598.0,-15105.0,0.0,0.0,0.0
1742508513.8307784,0.42,-0.12,-0.26,-9107.0,18664.0,-22975.0,-0.0,-0.01,-0.01,-9015.0,18706.0,-31165.0,103.0,83.0,93.0
1742508513.8472795,0.42,-0.12,-0.26,-8070.0,20763.0,26499.0,-0.0,-0.01,-0.01,-7979.0,20809.0,18308.0,0.0,0.0,0.0
1742508513.8562784,0.42,-0.11,-0.25,-7042.0,22833.0,10425.0,-0.0,-0.01,-0.01,-6952.0,22882.0,2234.0,0.0,0.0,0.0
1742508513.8687797,0.43,-0.11,-0.24,-6040.0,24807.0,-5676.0,-0.0,-0.01,-0.01,-5951.0,24859.0,-13866.0,47.0,14.0,2.0
1742508513.879728,0.43,-0.11,-0.23,-5051.0,26732.0,-21789.0,-0.0,-0.01,-0.01,-4962.0,26786.0,-29979.0,0.0,0.0,17.0
1742508513.8882596,0.43,-0.11,-0.23,-4071.0,28607.0,27620.0,-0.0,-0.01,-0.01,-3982.0,28662.0,19429.0,0.0,0.0,0.0
1742508513.9004586,0.43,-0.11,-0.22,-3100.0,30443.0,11482.0,-0.0,-0.01,-0.01,-3010.0,30497.0,3291.0,85.0,103.0,85.0
1742508513.9124575,0.43,-0.11,-0.22,-2134.0,32253.0,-4661.0,-0.0,-0.01,-0.01,-2043.0,32307.0,-12851.0,0.0,0.0,0.0
1742508513.9209585,0.43,-0.11,-0.22,-1172.0,-31477.0,-20805.0,-0.0,-0.01,-0.01,-1081.0,-31423.0,-28995.0,0.0,0.0,0.0
1742508513.933458,0.43,-0.11,-0.22,-211.0,-29656.0,28590.0,-0.0,-0.01,-0.01,-120.0,-29605.0,20399.0,97.0,105.0,64.0
1742508513.9455225,0.43,-0.11,-0.22,750.0,-27820.0,12451.0,-0.0,-0.01,-0.01,841.0,-27775.0,4260.0,0.0,0.0,0.0
1742508513.9540226,0.43,-0.11,-0.22,1713.0,-25969.0,-3682.0,-0.0,-0.01,-0.01,1804.0,-25925.0,-11872.0,0.0,0.0,0.0
1742508513.9700224,0.43,-0.11,-0.23,2669.0,-24096.0,-19810.0,-0.0,-0.01,-0.01,2759.0,-24053.0,-28000.0,33.0,18.0,0.0
1742508513.9785254,0.43,-0.1,-0.23,3617.0,-22226.0,29598.0,-0.0,-0.01,-0.01,3707.0,-22183.0,21407.0,0.0,0.0,1.0
1742508513.9905334,0.43,-0.1,-0.22,4555.0,-20378.0,13462.0,-0.0,-0.01,-0.01,4645.0,-20334.0,5271.0,0.0,0.0,0.0
1742508513.9990315,0.43,-0.1,-0.22,5481.0,-18562.0,-2683.0,-0.0,-0.01,-0.01,5571.0,-18517.0,-10873.0,85.0,103.0,95.0
1742508514.0112383,0.43,-0.1,-0.21,6395.0,-16787.0,-18837.0,-0.0,-0.01,-0.01,6485.0,-16740.0,-27027.0,0.0,0.0,0.0
1742508514.0232384,0.43,-0.1,-0.21,7295.0,-15049.0,30535.0,-0.0,-0.01,-0.01,7385.0,-15000.0,22344.0,0.0,0.0,0.0
1742508514.031738,0.43,-0.1,-0.2,8185.0,-13342.0,14362.0,-0.0,-0.01,-0.01,8275.0,-13292.0,6171.0,70.0,76.0,93.0
1742508514.0437384,0.43,-0.1,-0.2,9070.0,-11659.0,-1816.0,-0.0,-0.01,-0.01,9160.0,-11609.0,-10006.0,18.0,7.0,0.0
1742508514.0557544,0.43,-0.1,-0.2,9954.0,-9992.0,-17997.0,-0.0,-0.01,-0.01,10045.0,-9943.0,-26187.0,0.0,0.0,0.0
1742508514.0684268,0.43,-0.1,-0.2,10841.0,-8319.0,31360.0,-0.0,-0.01,-0.01,10932.0,-8271.0,23169.0,30.0,40.0,21.0
1742508514.0804677,0.43,-0.1,-0.2,11731.0,-6632.0,15183.0,-0.0,-0.01,-0.01,11822.0,-6585.0,6992.0,0.0,0.0,0.0
1742508514.0889928,0.43,-0.1,-0.2,12623.0,-4935.0,-991.0,-0.0,-0.01,-0.01,12713.0,-4889.0,-9181.0,0.0,0.0,0.0
1742508514.10102,0.43,-0.1,-0.2,13516.0,-3234.0,-17163.0,-0.0,-0.01,-0.01,13606.0,-3190.0,-25353.0,74.0,88.0,101.0
1742508514.1094928,0.43,-0.1,-0.2,14405.0,-1539.0,32200.0,-0.0,-0.01,-0.01,14495.0,-1495.0,24009.0,0.0,0.0,0.0
1742508514.1214924,0.43,-0.1,-0.2,15287.0,143.0,16022.0,-0.0,-0.01,-0.01,15377.0,187.0,7831.0,0.0,0.0,0.0
1742508514.1299932,0.43,-0.1,-0.2,16159.0,1804.0,-161.0,-0.0,-0.01,-0.01,16249.0,1848.0,-8351.0,100.0,103.0,84.0
1742508514.1420832,0.43,-0.09,-0.2,17018.0,3434.0,-16350.0,-0.0,-0.01,-0.01,17108.0,3478.0,-24540.0,1.0,0.0,0.0
1742508514.1545832,0.43,-0.09,-0.19,17865.0,5031.0,-32547.0,-0.0,-0.01,-0.01,17956.0,5076.0,24799.0,0.0,0.0,0.0
1742508514.1665833,0.43,-0.09,-0.19,18701.0,6600.0,16784.0,-0.0,-0.01,-0.01,18793.0,6645.0,8593.0,98.0,109.0,95.0
1742508514.1792297,0.43,-0.09,-0.18,19522.0,8136.0,571.0,-0.0,-0.01,-0.01,19614.0,8181.0,-7619.0,0.0,0.0,0.0
1742508514.187251,0.43,-0.09,-0.18,20341.0,9666.0,-15642.0,-0.0,-0.01,-0.01,20434.0,9710.0,-23832.0,0.0,0.0,0.0
1742508514.199269,0.43,-0.09,-0.18,21162.0,11199.0,-31854.0,-0.0,-0.01,-0.01,21255.0,11242.0,25492.0,73.0,97.0,94.0
1742508514.211754,0.43,-0.09,-0.18,21986.0,12740.0,17471.0,-0.0,-0.01,-0.01,22079.0,12783.0,9280.0,17.0,0.0,0.0
1742508514.219835,0.43,-0.09,-0.19,22812.0,14292.0,1262.0,-0.0,-0.01,-0.01,22904.0,14335.0,-6928.0,0.0,0.0,0.0
1742508514.2323346,0.43,-0.09,-0.19,23639.0,15848.0,-14945.0,-0.0,-0.01,-0.01,23731.0,15891.0,-23135.0,98.0,84.0,75.0
1742508514.2408342,0.43,-0.09,-0.19,24466.0,17399.0,-31152.0,-0.0,-0.01,-0.01,24557.0,17442.0,26194.0,0.0,22.0,0.0
1742508514.2564485,0.43,-0.09,-0.18,25289.0,18940.0,18174.0,-0.0,-0.01,-0.01,25380.0,18984.0,9983.0,0.0,0.0,0.0
1742508514.2688339,0.43,-0.09,-0.18,26097.0,20439.0,1953.0,-0.0,-0.01,-0.01,26188.0,20483.0,-6237.0,62.0,26.0,54.0
1742508514.2779458,0.43,-0.09,-0.18,26896.0,21910.0,-14272.0,-0.0,-0.01,-0.01,26987.0,21954.0,-22462.0,0.0,0.0,0.0
1742508514.289452,0.43,-0.09,-0.17,27686.0,23354.0,-30502.0,-0.0,-0.01,-0.01,27777.0,23398.0,26844.0,0.0,0.0,2.0
1742508514.3019526,0.44,-0.08,-0.17,28467.0,24779.0,18799.0,-0.0,-0.01,-0.01,28559.0,24822.0,10608.0,87.0,87.0,118.0
1742508514.3099535,0.44,-0.08,-0.17,29242.0,26192.0,2560.0,-0.0,-0.01,-0.01,29334.0,26235.0,-5630.0,0.0,0.0,0.0
1742508514.3219676,0.44,-0.08,-0.17,30013.0,27600.0,-13678.0,-0.0,-0.01,-0.01,30106.0,27642.0,-21868.0,0.0,0.0,0.0
1742508514.3309524,0.44,-0.08,-0.17,30783.0,29009.0,-29915.0,-0.0,-0.01,-0.01,30876.0,29050.0,27431.0,88.0,74.0,133.0
1742508514.3464675,0.44,-0.08,-0.17,31552.0,30424.0,19383.0,-0.0,-0.01,-0.0,31645.0,30464.0,11192.0,0.0,0.0,0.0
1742508514.3589675,0.44,-0.08,-0.17,32323.0,31852.0,3147.0,-0.0,-0.01,-0.0,32416.0,31892.0,-5043.0,0.0,4.0,19.0
1742508514.367452,0.44,-0.08,-0.17,-32442.0,-32259.0,-13088.0,-0.0,-0.01,-0.0,-32349.0,-32218.0,-21278.0,26.0,0.0,0.0
1742508514.3794768,0.44,-0.08,-0.17,-31673.0,-30841.0,-29325.0,-0.0,-0.01,-0.0,-31580.0,-30800.0,28021.0,0.0,0.0,0.0
1742508514.3919628,0.44,-0.08,-0.17,-30908.0,-29438.0,19971.0,-0.0,-0.01,-0.01,-30815.0,-29396.0,11780.0,0.0,0.0,0.0
1742508514.4004653,0.44,-0.08,-0.16,-30149.0,-28055.0,3726.0,-0.0,-0.01,-0.01,-30056.0,-28012.0,-4464.0,87.0,51.0,88.0
1742508514.4124632,0.44,-0.08,-0.16,-29397.0,-26695.0,-12522.0,-0.0,-0.01,-0.01,-29304.0,-26652.0,-20712.0,0.0,0.0,0.0
1742508514.4204628,0.44,-0.08,-0.16,-28653.0,-25359.0,-28774.0,-0.0,-0.01,-0.01,-28560.0,-25316.0,28572.0,0.0,0.0,0.0
1742508514.4364781,0.44,-0.08,-0.16,-27916.0,-24042.0,20505.0,-0.0,-0.01,-0.01,-27822.0,-24000.0,12314.0,67.0,18.0,0.0
1742508514.4494634,0.44,-0.08,-0.15,-27187.0,-22742.0,4244.0,-0.0,-0.01,-0.0,-27093.0,-22701.0,-3946.0,102.0,104.0,95.0
1742508514.4574702,0.44,-0.08,-0.15,-26459.0,-21442.0,-12015.0,-0.0,-0.01,-0.0,-26365.0,-21402.0,-20205.0,0.0,0.0,16.0
1742508514.469974,0.44,-0.08,-0.16,-25732.0,-20139.0,-28274.0,-0.0,-0.01,-0.0,-25638.0,-20100.0,29072.0,0.0,0.0,0.0
1742508514.4820032,0.44,-0.08,-0.16,-25006.0,-18830.0,21004.0,-0.0,-0.01,-0.0,-24912.0,-18791.0,12813.0,43.0,20.0,95.0
1742508514.49055,0.44,-0.08,-0.16,-24280.0,-17516.0,4745.0,-0.0,-0.01,-0.0,-24186.0,-17477.0,-3445.0,3.0,21.0,5.0
1742508514.5024846,0.44,-0.08,-0.16,-23555.0,-16203.0,-11512.0,-0.0,-0.01,-0.0,-23461.0,-16164.0,-19702.0,72.0,43.0,8.0
1742508514.5149841,0.44,-0.08,-0.16,-22832.0,-14897.0,-27770.0,-0.0,-0.01,-0.0,-22739.0,-14858.0,29576.0,82.0,94.0,66.0
1742508514.5269845,0.44,-0.08,-0.15,-22120.0,-13620.0,21501.0,-0.0,-0.01,-0.0,-22027.0,-13580.0,13310.0,0.0,0.0,0.0
1742508514.5394866,0.44,-0.07,-0.15,-21415.0,-12362.0,5233.0,-0.0,-0.01,-0.0,-21322.0,-12321.0,-2957.0,0.0,0.0,0.0
1742508514.5479853,0.44,-0.07,-0.15,-20716.0,-11123.0,-11037.0,-0.0,-0.01,-0.0,-20623.0,-11082.0,-19227.0,100.0,108.0,77.0
1742508514.5599844,0.44,-0.07,-0.15,-20023.0,-9901.0,-27311.0,-0.0,-0.01,-0.0,-19929.0,-9860.0,30035.0,9.0,0.0,0.0
1742508514.5719879,0.44,-0.07,-0.14,-19333.0,-8690.0,21948.0,-0.0,-0.01,-0.0,-19239.0,-8650.0,13757.0,0.0,0.0,0.0
1742508514.5804906,0.44,-0.07,-0.14,-18646.0,-7486.0,5670.0,-0.0,-0.01,-0.0,-18552.0,-7446.0,-2520.0,60.0,48.0,68.0
1742508514.5925486,0.44,-0.07,-0.14,-17961.0,-6282.0,-10606.0,-0.0,-0.01,-0.0,-17867.0,-6243.0,-18796.0,0.0,8.0,9.0
1742508514.6010501,0.44,-0.07,-0.14,-17277.0,-5076.0,-26882.0,-0.0,-0.01,-0.0,-17183.0,-5038.0,30464.0,31.0,4.0,0.0
1742508514.6171508,0.44,-0.07,-0.14,-16592.0,-3867.0,22377.0,-0.0,-0.01,-0.0,-16498.0,-3829.0,14186.0,124.0,101.0,84.0
1742508514.6292872,0.44,-0.07,-0.14,-15908.0,-2655.0,6099.0,-0.0,-0.01,-0.0,-15814.0,-2617.0,-2091.0,0.0,0.0,0.0
1742508514.63777,0.44,-0.07,-0.14,-15227.0,-1449.0,-10177.0,-0.0,-0.01,-0.0,-15133.0,-1411.0,-18367.0,0.0,0.0,0.0
1742508514.6502693,0.44,-0.07,-0.14,-14550.0,-254.0,-26455.0,-0.0,-0.01,-0.0,-14456.0,-216.0,30891.0,123.0,90.0,86.0
1742508514.6582692,0.44,-0.07,-0.14,-13878.0,927.0,22800.0,-0.0,-0.01,-0.0,-13785.0,965.0,14609.0,29.0,24.0,0.0
1742508514.670271,0.44,-0.07,-0.14,-13212.0,2091.0,6515.0,-0.0,-0.01,-0.0,-13119.0,2129.0,-1675.0,0.0,0.0,0.0
1742508514.6829503,0.44,-0.07,-0.14,-12552.0,3238.0,-9771.0,-0.0,-0.01,-0.0,-12459.0,3276.0,-17961.0,56.0,48.0,32.0
1742508514.6909893,0.44,-0.07,-0.13,-11897.0,4370.0,-26059.0,-0.0,-0.01,-0.0,-11803.0,4408.0,31287.0,0.0,0.0,0.0
1742508514.703115,0.44,-0.07,-0.13,-11246.0,5493.0,23186.0,-0.0,-0.01,-0.0,-11152.0,5531.0,14995.0,67.0,25.0,0.0
1742508514.7156014,0.44,-0.07,-0.13,-10598.0,6611.0,6894.0,-0.0,-0.01,-0.0,-10504.0,6648.0,-1296.0,72.0,105.0,86.0
1742508514.7275999,0.44,-0.07,-0.13,-9952.0,7729.0,-9397.0,-0.0,-0.01,-0.0,-9858.0,7766.0,-17587.0,0.0,0.0,0.0
1742508514.7360995,0.44,-0.07,-0.13,-9306.0,8850.0,-25687.0,-0.0,-0.01,-0.0,-9212.0,8886.0,31659.0,0.0,0.0,0.0
1742508514.7485998,0.44,-0.07,-0.13,-8660.0,9972.0,23558.0,-0.0,-0.01,-0.0,-8566.0,10008.0,15367.0,78.0,105.0,105.0
1742508514.7605996,0.44,-0.07,-0.13,-8015.0,11093.0,7266.0,-0.0,-0.01,-0.0,-7921.0,11129.0,-924.0,27.0,22.0,0.0
1742508514.7690995,0.44,-0.07,-0.13,-7371.0,12208.0,-9025.0,-0.0,-0.01,-0.0,-7277.0,12245.0,-17215.0,0.0,0.0,0.0
1742508514.7811043,0.44,-0.07,-0.13,-6731.0,13314.0,-25318.0,-0.0,-0.01,-0.0,-6637.0,13351.0,32028.0,24.0,48.0,49.0
1742508514.789149,0.44,-0.07,-0.13,-6094.0,14409.0,23922.0,-0.0,-0.01,-0.0,-6000.0,14446.0,15731.0,0.0,0.0,10.0
1742508514.8016508,0.44,-0.07,-0.13,-5462.0,15489.0,7623.0,-0.0,-0.01,-0.0,-5368.0,15527.0,-567.0,38.0,23.0,24.0
1742508514.8136642,0.44,-0.07,-0.13,-4835.0,16556.0,-8676.0,-0.0,-0.01,-0.0,-4741.0,16593.0,-16866.0,91.0,65.0,86.0
1742508514.8268285,0.44,-0.06,-0.12,-4217.0,17602.0,-24978.0,-0.0,-0.01,-0.0,-4122.0,17639.0,32368.0,0.0,0.0,0.0
1742508514.8383286,0.44,-0.06,-0.12,-3601.0,18643.0,24254.0,-0.0,-0.01,-0.0,-3506.0,18680.0,16063.0,0.0,0.0,0.0
1742508514.8468287,0.44,-0.06,-0.12,-2987.0,19683.0,7949.0,-0.0,-0.01,-0.0,-2892.0,19719.0,-241.0,85.0,87.0,106.0
1742508514.8588283,0.44,-0.06,-0.12,-2373.0,20723.0,-8354.0,-0.0,-0.01,-0.0,-2278.0,20759.0,-16544.0,0.0,0.0,0.0
1742508514.8708289,0.44,-0.06,-0.12,-1760.0,21766.0,-24657.0,-0.0,-0.01,-0.0,-1665.0,21802.0,32689.0,12.0,0.0,0.0
1742508514.8793304,0.44,-0.06,-0.12,-1147.0,22811.0,24576.0,-0.0,-0.01,-0.0,-1052.0,22846.0,16385.0,0.0,26.0,46.0
1742508514.891334,0.44,-0.06,-0.12,-535.0,23853.0,8271.0,-0.0,-0.01,-0.0,-440.0,23888.0,80.0,37.0,0.0,7.0
1742508514.8998349,0.44,-0.06,-0.12,75.0,24890.0,-8033.0,-0.0,-0.01,-0.0,168.0,24926.0,-16223.0,111.0,71.0,63.0
1742508514.9118533,0.44,-0.06,-0.12,680.0,25920.0,-24338.0,-0.0,-0.01,-0.0,773.0,25956.0,-32528.0,0.0,0.0,0.0
1742508514.9205427,0.44,-0.06,-0.12,1282.0,26938.0,24892.0,-0.0,-0.01,-0.0,1375.0,26974.0,16701.0,0.0,0.0,0.0
1742508514.9326675,0.44,-0.06,-0.12,1880.0,27944.0,8582.0,-0.0,-0.01,-0.0,1973.0,27980.0,391.0,31.0,54.0,65.0
1742508514.9486685,0.44,-0.06,-0.12,2471.0,28927.0,-7730.0,-0.0,-0.01,-0.0,2564.0,28963.0,-15920.0,41.0,84.0,78.0
1742508514.9571667,0.44,-0.06,-0.12,3058.0,29903.0,-24042.0,-0.0,-0.01,-0.0,3151.0,29939.0,-32232.0,11.0,7.0,0.0
1742508514.9691665,0.44,-0.06,-0.11,3642.0,30875.0,25181.0,-0.0,-0.01,-0.0,3735.0,30910.0,16990.0,35.0,7.0,5.0
1742508514.9776704,0.44,-0.06,-0.11,4225.0,31845.0,8866.0,-0.0,-0.01,-0.0,4319.0,31880.0,675.0,0.0,0.0,0.0
1742508514.9902241,0.44,-0.06,-0.11,4808.0,-32719.0,-7448.0,-0.0,-0.01,-0.0,4902.0,-32683.0,-15638.0,0.0,0.0,0.0
1742508515.002225,0.44,-0.06,-0.12,5390.0,-31743.0,-23761.0,-0.0,-0.01,-0.0,5484.0,-31708.0,-31951.0,75.0,74.0,104.0
1742508515.010224,0.44,-0.06,-0.12,5971.0,-30768.0,25462.0,-0.0,-0.01,-0.0,6065.0,-30733.0,17271.0,0.0,0.0,0.0
1742508515.0228803,0.44,-0.06,-0.12,6551.0,-29794.0,9147.0,-0.0,-0.01,-0.0,6645.0,-29759.0,956.0,0.0,0.0,0.0
1742508515.031396,0.44,-0.06,-0.11,7129.0,-28824.0,-7167.0,-0.0,-0.01,-0.0,7223.0,-28789.0,-15357.0,99.0,122.0,73.0
1742508515.0435634,0.44,-0.06,-0.11,7705.0,-27862.0,-23481.0,-0.0,-0.01,-0.0,7799.0,-27826.0,-31671.0,0.0,0.0,0.0
1742508515.0595617,0.44,-0.06,-0.11,8274.0,-26920.0,25738.0,-0.0,-0.01,-0.0,8368.0,-26884.0,17547.0,0.0,0.0,25.0
1742508515.0676918,0.44,-0.06,-0.11,8840.0,-25989.0,9418.0,-0.0,-0.01,-0.0,8934.0,-25953.0,1227.0,71.0,77.0,4.0
1742508515.0797102,0.44,-0.06,-0.11,9404.0,-25067.0,-6903.0,-0.0,-0.01,-0.0,9498.0,-25031.0,-15093.0,0.0,0.0,0.0
1742508515.088202,0.44,-0.06,-0.11,9965.0,-24150.0,-23223.0,-0.0,-0.01,-0.0,10059.0,-24114.0,-31413.0,0.0,1.0,0.0
1742508515.1004457,0.44,-0.06,-0.11,10524.0,-23237.0,25993.0,-0.0,-0.01,-0.0,10618.0,-23201.0,17802.0,102.0,103.0,76.0
1742508515.109212,0.44,-0.06,-0.11,11082.0,-22325.0,9670.0,-0.0,-0.01,-0.0,11176.0,-22290.0,1479.0,56.0,0.0,5.0
1742508515.1212003,0.44,-0.06,-0.11,11639.0,-21413.0,-6652.0,-0.0,-0.01,-0.0,11733.0,-21378.0,-14842.0,0.0,0.0,0.0
1742508515.1333358,0.44,-0.06,-0.11,12195.0,-20499.0,-22973.0,-0.0,-0.01,-0.0,12289.0,-20465.0,-31163.0,54.0,64.0,61.0
1742508515.1493363,0.44,-0.06,-0.11,12749.0,-19588.0,26242.0,-0.0,-0.01,-0.0,12843.0,-19554.0,18051.0,47.0,74.0,85.0
1742508515.1578503,0.44,-0.06,-0.11,13301.0,-18681.0,9918.0,-0.0,-0.01,-0.0,13395.0,-18647.0,1727.0,42.0,22.0,24.0
1742508515.1699533,0.44,-0.06,-0.11,13851.0,-17781.0,-6405.0,-0.0,-0.01,-0.0,13945.0,-17747.0,-14595.0,19.0,0.0,0.0
1742508515.1785548,0.44,-0.06,-0.1,14399.0,-16890.0,-22729.0,-0.0,-0.01,-0.0,14493.0,-16856.0,-30919.0,15.0,15.0,21.0
1742508515.1907666,0.44,-0.06,-0.1,14944.0,-16008.0,26483.0,-0.0,-0.01,-0.0,15038.0,-15973.0,18292.0,0.0,31.0,0.0
1742508515.202782,0.44,-0.05,-0.1,15486.0,-15133.0,10155.0,-0.0,-0.01,-0.0,15581.0,-15098.0,1964.0,65.0,109.0,47.0
1742508515.2152662,0.44,-0.05,-0.1,16025.0,-14266.0,-6172.0,-0.0,-0.01,-0.0,16120.0,-14231.0,-14362.0,50.0,86.0,122.0
1742508515.2277672,0.44,-0.05,-0.1,16561.0,-13407.0,-22500.0,-0.0,-0.01,-0.0,16656.0,-13373.0,-30690.0,5.0,22.0,0.0
1742508515.2394693,0.44,-0.05,-0.1,17096.0,-12549.0,26708.0,-0.0,-0.01,-0.0,17191.0,-12515.0,18517.0,0.0,0.0,0.0
1742508515.2479703,0.44,-0.05,-0.1,17630.0,-11692.0,10378.0,-0.0,-0.01,-0.0,17725.0,-11658.0,2187.0,92.0,112.0,93.0
1742508515.2601175,0.44,-0.05,-0.1,18164.0,-10834.0,-5951.0,-0.0,-0.01,-0.0,18259.0,-10801.0,-14141.0,0.0,32.0,30.0
1742508515.2687433,0.44,-0.05,-0.1,18697.0,-9977.0,-22279.0,-0.0,-0.01,-0.0,18792.0,-9944.0,-30469.0,0.0,0.0,0.0
1742508515.2809124,0.44,-0.05,-0.1,19229.0,-9122.0,26929.0,-0.0,-0.01,-0.0,19324.0,-9089.0,18738.0,0.0,66.0,60.0
1742508515.29247,0.44,-0.05,-0.1,19759.0,-8272.0,10599.0,-0.0,-0.01,-0.0,19854.0,-8238.0,2408.0,48.0,17.0,18.0
1742508515.3049119,0.44,-0.05,-0.1,20287.0,-7426.0,-5732.0,-0.0,-0.01,-0.0,20382.0,-7392.0,-13922.0,0.0,0.0,0.0
1742508515.3175516,0.44,-0.05,-0.1,20810.0,-6596.0,-22063.0,-0.0,-0.01,-0.0,20905.0,-6562.0,-30253.0,117.0,91.0,108.0
1742508515.326052,0.44,-0.05,-0.1,21330.0,-5773.0,27141.0,-0.0,-0.01,-0.0,21425.0,-5739.0,18950.0,32.0,0.0,0.0
1742508515.3381965,0.44,-0.05,-0.1,21849.0,-4956.0,10807.0,-0.0,-0.01,-0.0,21944.0,-4922.0,2616.0,0.0,0.0,0.0
1742508515.350342,0.44,-0.05,-0.1,22366.0,-4143.0,-5527.0,-0.0,-0.01,-0.0,22461.0,-4109.0,-13717.0,91.0,90.0,112.0
1742508515.3589652,0.44,-0.05,-0.09,22881.0,-3333.0,-21861.0,-0.0,-0.01,-0.0,22976.0,-3300.0,-30051.0,7.0,20.0,26.0
1742508515.370966,0.44,-0.05,-0.09,23395.0,-2524.0,27341.0,-0.0,-0.01,-0.0,23490.0,-2491.0,19150.0,0.0,0.0,0.0
1742508515.3790593,0.44,-0.05,-0.09,23909.0,-1715.0,11005.0,-0.0,-0.01,-0.0,24004.0,-1682.0,2814.0,42.0,51.0,67.0
1742508515.3910737,0.44,-0.05,-0.09,24422.0,-906.0,-5330.0,-0.0,-0.01,-0.0,24517.0,-873.0,-13520.0,51.0,0.0,28.0
1742508515.403719,0.44,-0.05,-0.09,24935.0,-97.0,-21664.0,-0.0,-0.01,-0.0,25030.0,-64.0,-29854.0,0.0,0.0,0.0
1742508515.4158244,0.44,-0.05,-0.09,25445.0,704.0,27538.0,-0.0,-0.01,-0.0,25540.0,736.0,19347.0,140.0,86.0,85.0
1742508515.4279766,0.44,-0.05,-0.09,25954.0,1499.0,11201.0,-0.0,-0.01,-0.0,26049.0,1531.0,3010.0,0.0,1.0,5.0
1742508515.4364748,0.44,-0.05,-0.09,26461.0,2287.0,-5136.0,-0.0,-0.01,-0.0,26556.0,2319.0,-13326.0,0.0,0.0,0.0
1742508515.449253,0.44,-0.05,-0.09,26966.0,3067.0,-21473.0,-0.0,-0.01,-0.0,27061.0,3099.0,-29663.0,121.0,112.0,115.0
1742508515.4572277,0.44,-0.05,-0.09,27468.0,3842.0,27726.0,-0.0,-0.01,-0.0,27563.0,3874.0,19535.0,59.0,8.0,16.0
1742508515.4692311,0.44,-0.05,-0.09,27968.0,4612.0,11387.0,-0.0,-0.01,-0.0,28063.0,4644.0,3196.0,0.0,14.0,0.0
1742508515.4812,0.44,-0.05,-0.09,28467.0,5379.0,-4952.0,-0.0,-0.01,-0.0,28562.0,5411.0,-13142.0,0.0,5.0,40.0
1742508515.489945,0.44,-0.05,-0.09,28964.0,6143.0,-21291.0,-0.0,-0.01,-0.0,29059.0,6175.0,-29481.0,0.0,0.0,27.0
1742508515.5020936,0.44,-0.05,-0.09,29460.0,6907.0,27906.0,-0.0,-0.01,-0.0,29555.0,6939.0,19715.0,108.0,58.0,67.0
1742508515.5140927,0.44,-0.05,-0.09,29955.0,7672.0,11565.0,-0.0,-0.01,-0.0,30050.0,7703.0,3374.0,68.0,59.0,95.0
1742508515.526709,0.44,-0.05,-0.09,30449.0,8435.0,-4775.0,-0.0,-0.01,-0.0,30544.0,8466.0,-12965.0,24.0,24.0,0.0
1742508515.5387204,0.44,-0.05,-0.09,30942.0,9195.0,-21114.0,-0.0,-0.01,-0.0,31037.0,9226.0,-29304.0,0.0,0.0,0.0
1742508515.5473335,0.44,-0.05,-0.09,31434.0,9951.0,28083.0,-0.0,-0.01,-0.0,31529.0,9982.0,19892.0,75.0,94.0,134.0
1742508515.5593317,0.44,-0.05,-0.09,31924.0,10703.0,11742.0,-0.0,-0.01,-0.0,32019.0,10734.0,3551.0,0.0,29.0,14.0
1742508515.5678322,0.44,-0.05,-0.09,32412.0,11448.0,-4600.0,-0.0,-0.01,-0.0,32507.0,11479.0,-12790.0,2.0,0.0,0.0
1742508515.5798357,0.44,-0.05,-0.09,-32638.0,12188.0,-20941.0,-0.0,-0.01,-0.0,-32542.0,12219.0,-29131.0,36.0,29.0,57.0
1742508515.591886,0.44,-0.05,-0.09,-32152.0,12922.0,28254.0,-0.0,-0.01,-0.0,-32056.0,12953.0,20063.0,0.0,1.0,15.0
1742508515.6003869,0.44,-0.05,-0.09,-31667.0,13653.0,11911.0,-0.0,-0.01,-0.0,-31571.0,13684.0,3720.0,46.0,66.0,47.0
1742508515.6164112,0.44,-0.05,-0.09,-31183.0,14381.0,-4433.0,-0.0,-0.01,-0.0,-31087.0,14412.0,-12623.0,22.0,108.0,119.0
1742508515.628886,0.44,-0.05,-0.09,-30702.0,15107.0,-20776.0,-0.0,-0.01,-0.0,-30606.0,15138.0,-28966.0,9.0,10.0,5.0
1742508515.6370292,0.44,-0.05,-0.09,-30221.0,15834.0,28417.0,-0.0,-0.01,-0.0,-30125.0,15864.0,20226.0,0.0,0.0,0.0
1742508515.6495152,0.44,-0.05,-0.09,-29741.0,16559.0,12072.0,-0.0,-0.01,-0.0,-29645.0,16589.0,3881.0,96.0,108.0,128.0
1742508515.6613023,0.44,-0.05,-0.08,-29262.0,17282.0,-4272.0,-0.0,-0.01,-0.0,-29166.0,17312.0,-12462.0,7.0,13.0,0.0
1742508515.6697857,0.44,-0.05,-0.08,-28783.0,18003.0,-20615.0,-0.0,-0.01,-0.0,-28687.0,18033.0,-28805.0,0.0,0.0,0.0
1742508515.682325,0.44,-0.05,-0.08,-28305.0,18721.0,28578.0,-0.0,-0.01,-0.0,-28209.0,18751.0,20387.0,46.0,84.0,71.0
1742508515.6953373,0.44,-0.05,-0.08,-27830.0,19434.0,12232.0,-0.0,-0.01,-0.0,-27734.0,19465.0,4041.0,0.0,2.0,6.0
1742508515.7073362,0.44,-0.05,-0.08,-27358.0,20138.0,-4114.0,-0.0,-0.01,-0.0,-27262.0,20169.0,-12304.0,48.0,17.0,0.0
1742508515.718836,0.44,-0.05,-0.08,-26887.0,20838.0,-20459.0,-0.0,-0.01,-0.0,-26791.0,20869.0,-28649.0,116.0,49.0,81.0
1742508515.727335,0.44,-0.05,-0.08,-26418.0,21534.0,28732.0,-0.0,-0.01,-0.0,-26321.0,21564.0,20541.0,0.0,0.0,0.0
1742508515.73935,0.44,-0.05,-0.08,-25949.0,22227.0,12384.0,-0.0,-0.01,-0.0,-25852.0,22257.0,4193.0,0.0,0.0,0.0
1742508515.7514915,0.44,-0.05,-0.08,-25480.0,22919.0,-3963.0,-0.0,-0.01,-0.0,-25383.0,22949.0,-12153.0,139.0,134.0,138.0
1742508515.759658,0.44,-0.05,-0.08,-25012.0,23611.0,-20309.0,-0.0,-0.01,-0.0,-24915.0,23641.0,-28499.0,0.0,0.0,0.0
1742508515.771964,0.44,-0.05,-0.08,-24545.0,24303.0,28881.0,-0.0,-0.01,-0.0,-24448.0,24333.0,20690.0,0.0,0.0,0.0
1742508515.784614,0.44,-0.05,-0.08,-24078.0,24995.0,12533.0,-0.0,-0.01,-0.0,-23981.0,25024.0,4342.0,127.0,68.0,63.0
1742508515.7967994,0.44,-0.04,-0.08,-23613.0,25681.0,-3814.0,-0.0,-0.01,-0.0,-23516.0,25711.0,-12004.0,68.0,41.0,76.0
1742508515.8088179,0.44,-0.04,-0.08,-23148.0,26365.0,-20160.0,-0.0,-0.01,-0.0,-23051.0,26395.0,-28350.0,0.0,26.0,36.0
1742508515.817312,0.44,-0.04,-0.08,-22686.0,27045.0,29029.0,-0.0,-0.01,-0.0,-22589.0,27075.0,20838.0,51.0,48.0,33.0
1742508515.8294635,0.44,-0.04,-0.08,-22226.0,27721.0,12679.0,-0.0,-0.01,-0.0,-22129.0,27751.0,4488.0,0.0,0.0,0.0
1742508515.841791,0.44,-0.04,-0.08,-21766.0,28392.0,-3670.0,-0.0,-0.01,-0.0,-21669.0,28422.0,-11860.0,0.0,14.0,17.0
1742508515.8503537,0.44,-0.04,-0.08,-21308.0,29059.0,-20018.0,-0.0,-0.01,-0.0,-21211.0,29088.0,-28208.0,84.0,47.0,93.0
1742508515.8624465,0.44,-0.04,-0.08,-20851.0,29723.0,29170.0,-0.0,-0.01,-0.0,-20754.0,29752.0,20979.0,52.0,27.0,57.0
1742508515.8749719,0.44,-0.04,-0.08,-20396.0,30384.0,12820.0,-0.0,-0.01,-0.0,-20299.0,30413.0,4629.0,15.0,0.0,0.0
1742508515.8866835,0.44,-0.04,-0.08,-19942.0,31045.0,-3529.0,-0.0,-0.01,-0.0,-19845.0,31074.0,-11719.0,0.0,0.0,0.0
1742508515.8991032,0.44,-0.04,-0.08,-19488.0,31706.0,-19877.0,-0.0,-0.01,-0.0,-19391.0,31735.0,-28067.0,78.0,57.0,111.0
1742508515.9076033,0.44,-0.04,-0.08,-19034.0,32366.0,29310.0,-0.0,-0.01,-0.0,-18937.0,32395.0,21119.0,18.0,5.0,30.0
1742508515.919605,0.44,-0.04,-0.08,-18581.0,-32512.0,12958.0,-0.0,-0.01,-0.0,-18484.0,-32482.0,4767.0,0.0,7.0,0.0
1742508515.93162,0.44,-0.04,-0.08,-18129.0,-31854.0,-3393.0,-0.0,-0.01,-0.0,-18032.0,-31824.0,-11583.0,0.0,20.0,28.0
1742508515.9401052,0.44,-0.04,-0.08,-17678.0,-31199.0,-19743.0,-0.0,-0.01,-0.0,-17581.0,-31169.0,-27933.0,0.0,0.0,8.0
1742508515.9527006,0.44,-0.04,-0.08,-17228.0,-30548.0,29443.0,-0.0,-0.01,-0.0,-17131.0,-30517.0,21252.0,0.0,0.0,0.0
1742508515.9687238,0.44,-0.04,-0.07,-16780.0,-29904.0,13091.0,-0.0,-0.01,-0.0,-16683.0,-29873.0,4900.0,107.0,104.0,135.0
1742508515.97721,0.44,-0.04,-0.07,-16334.0,-29262.0,-3261.0,-0.0,-0.01,-0.0,-16237.0,-29231.0,-11451.0,0.0,0.0,6.0
1742508515.9892128,0.44,-0.04,-0.07,-15889.0,-28622.0,-19612.0,-0.0,-0.01,-0.0,-15792.0,-28592.0,-27802.0,0.0,0.0,0.0
1742508515.997713,0.44,-0.04,-0.07,-15444.0,-27984.0,29573.0,-0.0,-0.01,-0.0,-15347.0,-27954.0,21382.0,66.0,96.0,107.0
1742508516.0097127,0.44,-0.04,-0.07,-15000.0,-27348.0,13220.0,-0.0,-0.01,-0.0,-14903.0,-27318.0,5029.0,17.0,18.0,0.0
1742508516.021715,0.44,-0.04,-0.07,-14556.0,-26712.0,-3132.0,-0.0,-0.01,-0.0,-14459.0,-26682.0,-11322.0,0.0,0.0,0.0
1742508516.0302134,0.44,-0.04,-0.07,-14113.0,-26076.0,-19483.0,-0.0,-0.01,-0.0,-14016.0,-26047.0,-27673.0,16.0,55.0,87.0
1742508516.0427136,0.44,-0.04,-0.07,-13670.0,-25442.0,29701.0,-0.0,-0.01,-0.0,-13573.0,-25413.0,21510.0,0.0,0.0,0.0
1742508516.0552127,0.44,-0.04,-0.07,-13229.0,-24812.0,13347.0,-0.0,-0.01,-0.0,-13132.0,-24783.0,5156.0,0.0,1.0,38.0
1742508516.0672126,0.44,-0.04,-0.07,-12788.0,-24186.0,-3006.0,-0.0,-0.01,-0.0,-12691.0,-24156.0,-11196.0,39.0,115.0,73.0
1742508516.0792148,0.44,-0.04,-0.07,-12348.0,-23562.0,-19358.0,-0.0,-0.01,-0.0,-12251.0,-23532.0,-27548.0,0.0,0.0,0.0
1742508516.0878577,0.44,-0.04,-0.07,-11910.0,-22941.0,29825.0,-0.0,-0.01,-0.0,-11813.0,-22912.0,21634.0,0.0,0.0,0.0
1742508516.099861,0.44,-0.04,-0.07,-11473.0,-22324.0,13470.0,-0.0,-0.01,-0.0,-11376.0,-22295.0,5279.0,90.0,79.0,112.0
1742508516.1123617,0.44,-0.04,-0.07,-11037.0,-21709.0,-2884.0,-0.0,-0.01,-0.0,-10940.0,-21680.0,-11074.0,0.0,0.0,0.0
1742508516.120544,0.44,-0.04,-0.07,-10601.0,-21096.0,-19237.0,-0.0,-0.01,-0.0,-10504.0,-21067.0,-27427.0,0.0,0.0,0.0
1742508516.1330445,0.44,-0.04,-0.07,-10166.0,-20484.0,29946.0,-0.0,-0.01,-0.0,-10069.0,-20455.0,21755.0,139.0,107.0,101.0
1742508516.149044,0.44,-0.04,-0.07,-9732.0,-19872.0,13591.0,-0.0,-0.01,-0.0,-9635.0,-19843.0,5400.0,20.0,23.0,59.0
1742508516.1575446,0.44,-0.04,-0.07,-9299.0,-19262.0,-2763.0,-0.0,-0.01,-0.0,-9202.0,-19233.0,-10953.0,0.0,0.0,0.0
1742508516.169308,0.44,-0.04,-0.07,-8866.0,-18653.0,-19116.0,-0.0,-0.01,-0.0,-8769.0,-18624.0,-27306.0,84.0,60.0,37.0
1742508516.177994,0.44,-0.04,-0.07,-8433.0,-18045.0,30067.0,-0.0,-0.01,-0.0,-8336.0,-18016.0,21876.0,0.0,0.0,0.0
1742508516.190049,0.44,-0.04,-0.07,-8001.0,-17439.0,13711.0,-0.0,-0.01,-0.0,-7904.0,-17410.0,5520.0,11.0,3.0,0.0
1742508516.2020483,0.44,-0.04,-0.07,-7570.0,-16836.0,-2645.0,-0.0,-0.01,-0.0,-7473.0,-16807.0,-10835.0,123.0,139.0,111.0
1742508516.2105482,0.44,-0.04,-0.07,-7141.0,-16236.0,-19000.0,-0.0,-0.01,-0.0,-7044.0,-16207.0,-27190.0,36.0,0.0,0.0
1742508516.2230487,0.44,-0.04,-0.07,-6712.0,-15639.0,30181.0,-0.0,-0.01,-0.0,-6615.0,-15610.0,21990.0,0.0,21.0,3.0
1742508516.2354686,0.44,-0.04,-0.07,-6285.0,-15045.0,13824.0,-0.0,-0.01,-0.0,-6188.0,-15016.0,5633.0,31.0,0.0,0.0
1742508516.2474675,0.44,-0.04,-0.07,-5859.0,-14454.0,-2532.0,-0.0,-0.01,-0.0,-5762.0,-14425.0,-10722.0,54.0,73.0,77.0
1742508516.2598178,0.44,-0.04,-0.07,-5433.0,-13863.0,-18887.0,-0.0,-0.01,-0.0,-5336.0,-13834.0,-27077.0,0.0,43.0,4.0
1742508516.2678232,0.44,-0.04,-0.07,-5008.0,-13273.0,30294.0,-0.0,-0.01,-0.0,-4911.0,-13245.0,22103.0,69.0,56.0,4.0
1742508516.2798414,0.44,-0.04,-0.07,-4583.0,-12684.0,13937.0,-0.0,-0.01,-0.0,-4486.0,-12656.0,5746.0,0.0,0.0,0.0
1742508516.2883313,0.44,-0.04,-0.07,-4158.0,-12096.0,-2419.0,-0.0,-0.01,-0.0,-4061.0,-12068.0,-10609.0,4.0,0.0,13.0
1742508516.3003345,0.44,-0.04,-0.07,-3734.0,-11509.0,-18774.0,-0.0,-0.01,-0.0,-3637.0,-11481.0,-26964.0,136.0,93.0,89.0
1742508516.3128343,0.44,-0.04,-0.07,-3311.0,-10923.0,30407.0,-0.0,-0.01,-0.0,-3214.0,-10895.0,22216.0,20.0,36.0,14.0
1742508516.325334,0.44,-0.04,-0.07,-2889.0,-10342.0,14049.0,-0.0,-0.01,-0.0,-2792.0,-10313.0,5858.0,0.0,12.0,19.0
1742508516.3373349,0.44,-0.04,-0.07,-2468.0,-9763.0,-2309.0,-0.0,-0.01,-0.0,-2371.0,-9734.0,-10499.0,0.0,0.0,0.0
1742508516.345835,0.44,-0.04,-0.07,-2048.0,-9186.0,-18666.0,-0.0,-0.01,-0.0,-1951.0,-9157.0,-26856.0,41.0,48.0,55.0
1742508516.3578353,0.44,-0.04,-0.07,-1628.0,-8610.0,30513.0,-0.0,-0.01,-0.0,-1531.0,-8581.0,22322.0,8.0,20.0,35.0
1742508516.3703349,0.44,-0.04,-0.07,-1209.0,-8035.0,14154.0,-0.0,-0.01,-0.0,-1112.0,-8007.0,5963.0,91.0,56.0,37.0
1742508516.3783376,0.44,-0.04,-0.07,-791.0,-7463.0,-2204.0,-0.0,-0.01,-0.0,-694.0,-7435.0,-10394.0,0.0,0.0,0.0
1742508516.3906975,0.44,-0.04,-0.07,-374.0,-6892.0,-18561.0,-0.0,-0.01,-0.0,-277.0,-6864.0,-26751.0,0.0,0.0,0.0
1742508516.3987107,0.44,-0.04,-0.07,42.0,-6321.0,30618.0,-0.0,-0.01,-0.0,138.0,-6293.0,22427.0,107.0,77.0,101.0
1742508516.4108207,0.44,-0.04,-0.07,457.0,-5750.0,14259.0,-0.0,-0.01,-0.0,553.0,-5722.0,6068.0,31.0,0.0,26.0
1742508516.41932,0.44,-0.04,-0.07,872.0,-5180.0,-2099.0,-0.0,-0.01,-0.0,968.0,-5152.0,-10289.0,0.0,0.0,0.0
1742508516.4318058,0.44,-0.04,-0.07,1286.0,-4611.0,-18456.0,-0.0,-0.01,-0.0,1382.0,-4583.0,-26646.0,58.0,58.0,87.0
1742508516.4439418,0.44,-0.04,-0.07,1699.0,-4044.0,30723.0,-0.0,-0.01,-0.0,1795.0,-4016.0,22532.0,0.0,0.0,0.0
1742508516.456179,0.44,-0.04,-0.07,2111.0,-3481.0,14363.0,-0.0,-0.01,-0.0,2207.0,-3453.0,6172.0,0.0,0.0,0.0
