Timestamp,1_Yaw,1_Pitch,1_Roll,1_Ax,1_Ay,1_Az,2_Yaw,2_Pitch,2_Roll,2_Ax,2_Ay,2_Az,Audio_A5,Audio_A6,Audio_A7
1742672275.8720403,0.0,0.0,0.0,-13.0,-75.0,-24572.0,0.0,-0.0,0.01,-11.0,-136.0,-32762.0,18.0,47.0,41.0
1742672275.8842013,0.0,0.0,0.0,-19.0,-143.0,24583.0,0.0,-0.0,0.01,-17.0,-203.0,16392.0,0.0,0.0,0.0
1742672275.8927011,0.0,0.0,0.0,-25.0,-210.0,8200.0,0.0,-0.0,0.01,-23.0,-269.0,9.0,119.0,118.0,135.0
1742672275.9047005,0.0,0.0,0.0,-31.0,-276.0,-8182.0,0.0,-0.0,0.01,-29.0,-334.0,-16372.0,0.0,0.0,0.0
1742672275.9132032,0.0,0.0,0.0,-37.0,-340.0,-24563.0,0.0,-0.0,0.01,-35.0,-397.0,-32753.0,0.0,0.0,0.0
1742672275.9252608,0.0,0.0,0.0,-43.0,-403.0,24592.0,0.0,-0.0,0.01,-41.0,-459.0,16401.0,84.0,95.0,96.0
1742672275.9332616,0.0,0.0,0.0,-49.0,-465.0,8209.0,0.0,-0.0,0.01,-47.0,-521.0,18.0,29.0,13.0,0.0
1742672275.9452772,0.0,0.0,0.0,-55.0,-527.0,-8173.0,0.0,-0.0,0.01,-53.0,-582.0,-16363.0,53.0,97.0,47.0
1742672275.9539607,0.0,0.0,0.0,-61.0,-588.0,-24554.0,0.0,-0.0,0.01,-59.0,-641.0,-32744.0,0.0,0.0,0.0
1742672275.9659607,0.0,0.0,0.0,-67.0,-647.0,24601.0,0.0,-0.0,0.01,-65.0,-700.0,16410.0,0.0,0.0,0.0
1742672275.9744604,0.0,0.0,0.0,-73.0,-706.0,8218.0,0.0,-0.0,0.01,-72.0,-758.0,27.0,128.0,99.0,139.0
1742672275.9864614,0.0,0.0,0.0,-80.0,-764.0,-8164.0,0.0,-0.0,0.01,-79.0,-815.0,-16354.0,0.0,27.0,26.0
1742672275.994964,0.0,0.0,0.0,-87.0,-821.0,-24545.0,0.0,-0.0,0.01,-86.0,-871.0,-32735.0,51.0,0.0,0.0
1742672276.0070736,0.0,0.0,0.0,-94.0,-877.0,24610.0,0.0,-0.0,0.01,-93.0,-927.0,16419.0,0.0,13.0,29.0
1742672276.0155776,0.0,0.0,0.0,-101.0,-933.0,8227.0,0.0,-0.0,0.01,-100.0,-982.0,36.0,0.0,0.0,0.0
1742672276.027582,0.0,0.0,0.0,-108.0,-988.0,-8155.0,0.0,-0.0,0.01,-107.0,-1036.0,-16345.0,152.0,130.0,123.0
1742672276.035582,0.0,0.0,0.0,-115.0,-1042.0,-24536.0,0.0,-0.0,0.01,-114.0,-1090.0,-32726.0,5.0,27.0,0.0
1742672276.0475812,0.0,0.0,0.0,-122.0,-1096.0,24619.0,0.0,-0.0,0.01,-121.0,-1143.0,16428.0,0.0,0.0,0.0
1742672276.0565822,0.0,0.0,0.0,-129.0,-1149.0,8236.0,0.0,-0.0,0.01,-128.0,-1195.0,45.0,85.0,108.0,105.0
1742672276.0685842,0.0,0.0,0.0,-136.0,-1201.0,-8146.0,0.0,0.0,0.01,-136.0,-1247.0,-16336.0,38.0,27.0,24.0
1742672276.0765817,0.0,0.0,0.0,-144.0,-1253.0,-24527.0,0.0,0.0,0.01,-144.0,-1298.0,-32717.0,75.0,97.0,60.0
1742672276.0892153,0.0,0.0,0.0,-152.0,-1304.0,24628.0,0.0,0.0,0.01,-152.0,-1348.0,16437.0,0.0,0.0,0.0
1742672276.0972915,0.0,0.0,0.0,-160.0,-1353.0,8245.0,0.0,0.0,0.01,-160.0,-1397.0,54.0,0.0,0.0,15.0
1742672276.1093166,0.0,0.0,0.0,-168.0,-1402.0,-8137.0,0.0,0.0,0.01,-168.0,-1445.0,-16327.0,96.0,89.0,99.0
1742672276.1178153,0.0,0.0,0.0,-176.0,-1450.0,-24518.0,0.0,0.0,0.01,-177.0,-1492.0,-32708.0,0.0,0.0,0.0
1742672276.1298678,0.0,0.0,0.0,-185.0,-1497.0,24637.0,0.0,0.0,0.01,-186.0,-1539.0,16446.0,0.0,0.0,0.0
1742672276.142208,0.0,0.0,0.0,-194.0,-1544.0,8254.0,0.0,0.0,0.01,-195.0,-1585.0,63.0,77.0,97.0,77.0
1742672276.1502244,0.0,0.0,0.0,-203.0,-1590.0,-8128.0,0.0,0.0,0.01,-204.0,-1630.0,-16318.0,0.0,0.0,0.0
1742672276.1627095,0.0,0.0,0.0,-212.0,-1635.0,-24509.0,0.0,0.0,0.01,-213.0,-1675.0,-32699.0,59.0,58.0,71.0
1742672276.1707098,0.0,0.0,0.0,-221.0,-1679.0,24646.0,0.0,0.0,0.0,-222.0,-1718.0,16455.0,0.0,0.0,0.0
1742672276.1832094,0.0,0.0,0.0,-230.0,-1722.0,8263.0,0.0,0.0,0.0,-231.0,-1760.0,72.0,11.0,6.0,0.0
1742672276.1917083,0.0,0.0,0.0,-239.0,-1764.0,-8119.0,0.0,0.0,0.0,-240.0,-1802.0,-16309.0,105.0,119.0,117.0
1742672276.2037098,0.0,0.0,0.0,-248.0,-1806.0,-24500.0,0.0,0.0,0.0,-250.0,-1843.0,-32690.0,0.0,0.0,0.0
1742672276.215892,0.0,0.0,0.0,-258.0,-1847.0,24655.0,0.0,0.0,0.0,-260.0,-1883.0,16464.0,0.0,34.0,34.0
1742672276.22808,0.0,0.0,0.0,-268.0,-1887.0,8272.0,0.0,0.0,0.0,-270.0,-1922.0,81.0,94.0,86.0,67.0
1742672276.235981,0.0,0.0,0.0,-278.0,-1926.0,-8110.0,0.0,0.0,0.0,-280.0,-1961.0,-16300.0,0.0,2.0,0.0
1742672276.2483532,0.0,0.0,0.0,-289.0,-1965.0,-24491.0,0.0,0.0,0.0,-291.0,-1999.0,-32681.0,0.0,0.0,0.0
1742672276.2608538,0.0,0.0,0.0,-300.0,-2003.0,24664.0,0.0,0.0,0.0,-302.0,-2036.0,16473.0,125.0,131.0,122.0
1742672276.2693536,0.0,0.0,0.0,-311.0,-2040.0,8281.0,0.0,0.0,0.0,-313.0,-2073.0,90.0,6.0,12.0,3.0
1742672276.2813537,0.0,0.0,0.0,-322.0,-2077.0,-8101.0,0.0,0.0,0.0,-324.0,-2109.0,-16291.0,0.0,0.0,0.0
1742672276.2898529,0.0,0.0,0.0,-333.0,-2113.0,-24482.0,0.0,0.0,0.0,-336.0,-2144.0,-32672.0,61.0,77.0,97.0
1742672276.3018644,0.0,0.0,0.0,-345.0,-2148.0,24673.0,0.0,0.0,0.0,-348.0,-2179.0,16482.0,29.0,0.0,3.0
1742672276.3103576,0.0,0.0,0.0,-357.0,-2183.0,8290.0,0.0,0.0,0.0,-360.0,-2213.0,99.0,81.0,99.0,90.0
1742672276.3223581,0.0,0.0,0.0,-369.0,-2217.0,-8092.0,0.0,0.0,0.0,-372.0,-2247.0,-16282.0,14.0,0.0,0.0
1742672276.3308647,0.0,0.0,0.0,-381.0,-2251.0,-24473.0,0.0,0.0,0.0,-384.0,-2280.0,-32663.0,11.0,0.0,0.0
1742672276.3428893,0.0,0.0,0.0,-392.0,-2284.0,24682.0,0.0,0.0,0.0,-395.0,-2312.0,16491.0,166.0,122.0,128.0
1742672276.354889,0.0,0.0,0.0,-404.0,-2316.0,8299.0,0.0,0.0,0.0,-408.0,-2343.0,108.0,0.0,0.0,0.0
1742672276.3674152,0.0,0.0,0.0,-417.0,-2346.0,-8083.0,0.0,0.0,0.0,-421.0,-2373.0,-16273.0,7.0,13.0,1.0
1742672276.3758929,0.0,0.0,0.0,-430.0,-2376.0,-24464.0,0.0,0.0,0.0,-434.0,-2402.0,-32654.0,57.0,49.0,62.0
1742672276.3878927,0.0,0.0,0.0,-443.0,-2405.0,24691.0,0.0,0.0,0.0,-447.0,-2430.0,16500.0,0.0,0.0,0.0
1742672276.3964765,0.0,0.0,0.0,-456.0,-2433.0,8308.0,0.0,0.0,0.0,-460.0,-2458.0,117.0,0.0,9.0,0.0
1742672276.408477,0.0,0.0,0.0,-469.0,-2461.0,-8074.0,0.0,0.0,0.0,-473.0,-2486.0,-16264.0,123.0,136.0,129.0
1742672276.420495,0.0,0.0,0.0,-482.0,-2489.0,-24455.0,0.0,0.0,0.0,-486.0,-2513.0,-32645.0,34.0,25.0,40.0
1742672276.4289846,0.0,0.0,0.0,-494.0,-2516.0,24700.0,0.0,0.0,0.0,-498.0,-2540.0,16509.0,0.0,0.0,0.0
1742672276.4409997,0.0,0.0,0.0,-506.0,-2543.0,8317.0,0.0,0.0,0.0,-511.0,-2566.0,126.0,26.0,72.0,29.0
1742672276.4497292,0.0,0.0,0.0,-520.0,-2569.0,-8065.0,0.0,0.0,0.0,-525.0,-2592.0,-16255.0,47.0,31.0,89.0
1742672276.461729,0.0,0.0,0.0,-534.0,-2596.0,-24446.0,0.0,0.0,0.0,-539.0,-2618.0,-32636.0,90.0,140.0,109.0
1742672276.470074,0.0,0.0,0.0,-558.0,-2623.0,24709.0,0.0,0.0,0.0,-563.0,-2645.0,16518.0,29.0,19.0,0.0
1742672276.4820735,0.0,0.01,0.0,-632.0,-2649.0,8327.0,0.0,0.0,0.0,-636.0,-2670.0,136.0,31.0,96.0,10.0
1742672276.4905734,0.0,0.02,0.0,-781.0,-2678.0,-8054.0,0.0,0.0,0.0,-785.0,-2696.0,-16244.0,187.0,161.0,303.0
1742672276.507074,0.0,0.03,0.0,-1040.0,-2733.0,-24430.0,0.0,0.0,0.0,-1043.0,-2751.0,-32621.0,143.0,186.0,164.0
1742672276.5190976,-0.0,0.04,0.0,-1349.0,-2786.0,24729.0,0.0,0.0,0.0,-1353.0,-2807.0,16537.0,81.0,56.0,128.0
1742672276.527114,-0.01,0.05,0.0,-1734.0,-2824.0,8354.0,0.0,0.0,0.0,-1741.0,-2850.0,162.0,106.0,42.0,61.0
1742672276.5394301,-0.01,0.06,-0.0,-2204.0,-2838.0,-8016.0,0.0,0.0,0.0,-2217.0,-2867.0,-16206.0,14.0,134.0,36.0
1742672276.551431,-0.01,0.07,-0.01,-2755.0,-2806.0,-24379.0,0.0,0.0,0.0,-2768.0,-2831.0,-32569.0,57.0,55.0,24.0
1742672276.5604308,-0.02,0.08,-0.02,-3403.0,-2702.0,24802.0,0.0,0.0,0.0,-3415.0,-2722.0,16611.0,283.0,229.0,223.0
1742672276.5724316,-0.02,0.09,-0.02,-4163.0,-2519.0,8455.0,0.0,0.0,0.0,-4176.0,-2537.0,264.0,15.0,74.0,88.0
1742672276.5804293,-0.01,0.11,-0.04,-5052.0,-2234.0,-7875.0,0.0,0.0,0.0,-5064.0,-2252.0,-16065.0,202.0,79.0,11.0
1742672276.5929298,-0.01,0.12,-0.05,-6077.0,-1839.0,-24182.0,0.0,0.0,0.0,-6090.0,-1855.0,-32372.0,126.0,167.0,182.0
1742672276.6090875,-0.01,0.16,-0.08,-7385.0,-1195.0,25103.0,0.0,0.0,0.0,-7398.0,-1204.0,16912.0,118.0,127.0,83.0
1742672276.6175864,-0.0,0.18,-0.1,-8834.0,-407.0,8886.0,0.0,0.0,0.0,-8847.0,-414.0,695.0,36.0,70.0,90.0
1742672276.6295907,0.0,0.19,-0.12,-10431.0,530.0,-7286.0,0.0,0.0,0.0,-10445.0,522.0,-15476.0,105.0,77.0,20.0
1742672276.6380908,0.01,0.21,-0.14,-12180.0,1612.0,-23407.0,-0.0,0.0,0.0,-12194.0,1605.0,-31597.0,79.0,65.0,121.0
1742672276.6500914,0.02,0.23,-0.16,-14074.0,2849.0,26064.0,-0.0,0.0,0.0,-14088.0,2843.0,17873.0,1.0,66.0,25.0
1742672276.6620932,0.02,0.25,-0.18,-16110.0,4246.0,10060.0,-0.0,0.0,0.0,-16124.0,4241.0,1869.0,226.0,148.0,240.0
1742672276.6710916,0.03,0.27,-0.2,-18289.0,5798.0,-5876.0,-0.0,0.0,0.0,-18302.0,5794.0,-14066.0,11.0,6.0,20.0
1742672276.6825929,0.04,0.29,-0.22,-20615.0,7499.0,-21736.0,-0.0,0.0,0.0,-20629.0,7494.0,-29926.0,75.0,59.0,62.0
1742672276.6950915,0.06,0.32,-0.26,-23239.0,9481.0,28104.0,-0.0,0.0,0.0,-23254.0,9479.0,19913.0,0.0,0.0,0.0
1742672276.7075908,0.07,0.34,-0.28,-26006.0,11610.0,12497.0,-0.0,0.0,-0.0,-26020.0,11612.0,4306.0,157.0,237.0,160.0
1742672276.7196333,0.08,0.36,-0.3,-28916.0,13890.0,-3010.0,-0.0,0.0,-0.0,-28930.0,13893.0,-11200.0,49.0,95.0,102.0
1742672276.7281458,0.09,0.38,-0.32,-31975.0,16313.0,-18408.0,-0.0,0.0,-0.0,-31989.0,16316.0,-26598.0,0.0,42.0,0.0
1742672276.7406478,0.1,0.4,-0.35,30353.0,18872.0,31841.0,-0.0,0.0,-0.0,30338.0,18874.0,23650.0,180.0,130.0,114.0
1742672276.7521467,0.12,0.42,-0.37,26991.0,21569.0,16676.0,-0.0,0.0,-0.0,26975.0,21570.0,8484.0,32.0,24.0,98.0
1742672276.760661,0.13,0.44,-0.39,23479.0,24404.0,1639.0,-0.0,0.0,-0.0,23463.0,24406.0,-6552.0,102.0,49.0,22.0
1742672276.7771459,0.17,0.48,-0.44,19661.0,27495.0,-13117.0,-0.0,0.0,-0.0,19647.0,27499.0,-21308.0,195.0,123.0,128.0
1742672276.789147,0.18,0.5,-0.46,15689.0,30699.0,-27726.0,-0.0,0.0,-0.0,15674.0,30706.0,29619.0,27.0,65.0,0.0
1742672276.797646,0.21,0.53,-0.48,11562.0,-31529.0,23350.0,-0.0,0.0,-0.0,11548.0,-31518.0,15158.0,0.0,0.0,0.0
1742672276.8096707,0.23,0.55,-0.51,7279.0,-28107.0,9053.0,-0.0,0.0,-0.0,7267.0,-28095.0,861.0,100.0,155.0,17.0
1742672276.8181717,0.25,0.57,-0.53,2839.0,-24586.0,-5071.0,-0.0,0.0,-0.0,2826.0,-24574.0,-13262.0,0.0,41.0,0.0
1742672276.830212,0.28,0.59,-0.56,-1756.0,-20973.0,-19019.0,-0.0,0.0,-0.0,-1769.0,-20964.0,-27210.0,0.0,39.0,0.0
1742672276.8427305,0.3,0.62,-0.58,-6495.0,-17272.0,32746.0,-0.01,0.0,-0.0,-6507.0,-17264.0,24554.0,146.0,166.0,266.0
1742672276.850755,0.33,0.63,-0.61,-11362.0,-13479.0,19149.0,-0.01,0.0,-0.0,-11375.0,-13473.0,10957.0,132.0,77.0,14.0
1742672276.8672268,0.38,0.67,-0.67,-16480.0,-9510.0,5922.0,-0.01,0.0,-0.0,-16488.0,-9508.0,-2269.0,68.0,77.0,49.0
1742672276.879227,0.4,0.69,-0.69,-21713.0,-5478.0,-7122.0,-0.01,0.0,-0.0,-21719.0,-5476.0,-15313.0,100.0,132.0,96.0
1742672276.8877254,0.43,0.71,-0.72,-27054.0,-1371.0,-19981.0,-0.01,0.0,-0.0,-27059.0,-1369.0,-28172.0,59.0,47.0,95.0
1742672276.8997416,0.45,0.73,-0.75,-32496.0,2804.0,-32658.0,-0.01,0.0,-0.0,-32500.0,2806.0,24687.0,0.0,58.0,78.0
1742672276.9122515,0.48,0.74,-0.78,27508.0,7054.0,20386.0,-0.01,0.0,-0.0,27504.0,7055.0,12194.0,86.0,149.0,148.0
1742672276.9202778,0.5,0.75,-0.81,21892.0,11371.0,8072.0,-0.01,0.0,-0.0,21888.0,11372.0,-119.0,5.0,1.0,7.0
1742672276.9327893,0.52,0.77,-0.84,16200.0,15757.0,-4060.0,-0.01,0.0,-0.0,16196.0,15758.0,-12251.0,0.0,0.0,3.0
1742672276.9407887,0.55,0.78,-0.87,10443.0,20208.0,-16021.0,-0.01,0.0,-0.0,10439.0,20209.0,-24212.0,153.0,176.0,138.0
1742672276.9572885,0.59,0.8,-0.93,4564.0,24783.0,-27630.0,-0.01,0.0,-0.0,4560.0,24784.0,29715.0,245.0,137.0,156.0
1742672276.969289,0.61,0.81,-0.96,-1369.0,29403.0,26457.0,-0.01,0.0,-0.0,-1370.0,29406.0,18265.0,95.0,94.0,165.0
1742672276.9777884,0.63,0.82,-0.98,-7357.0,-31474.0,15169.0,-0.01,0.0,-0.0,-7357.0,-31469.0,6977.0,135.0,103.0,67.0
1742672276.9902909,0.65,0.83,-1.01,-13406.0,-26790.0,4040.0,-0.01,0.0,-0.0,-13407.0,-26784.0,-4151.0,129.0,99.0,110.0
1742672277.002148,0.67,0.84,-1.04,-19512.0,-22074.0,-6919.0,-0.01,0.0,-0.0,-19514.0,-22068.0,-15110.0,145.0,99.0,112.0
1742672277.0106344,0.69,0.85,-1.07,-25666.0,-17323.0,-17706.0,-0.01,0.0,-0.0,-25668.0,-17318.0,-25897.0,168.0,91.0,130.0
1742672277.0271447,0.73,0.87,-1.13,-31911.0,-12515.0,-28148.0,-0.01,0.0,0.0,-31914.0,-12515.0,29197.0,203.0,118.0,110.0
1742672277.0391445,0.75,0.87,-1.17,27336.0,-7688.0,27125.0,-0.01,0.0,0.0,27332.0,-7691.0,18933.0,0.0,0.0,13.0
1742672277.0476449,0.77,0.88,-1.2,21004.0,-2844.0,17041.0,-0.01,0.0,0.0,21001.0,-2849.0,8849.0,124.0,105.0,98.0
1742672277.0596015,0.79,0.89,-1.23,14630.0,2011.0,7144.0,-0.01,0.0,0.0,14628.0,2001.0,-1047.0,218.0,189.0,230.0
1742672277.0681455,0.81,0.9,-1.27,8215.0,6866.0,-2570.0,-0.01,0.0,0.0,8214.0,6852.0,-10761.0,72.0,85.0,28.0
1742672277.0801468,0.83,0.91,-1.3,1766.0,11724.0,-12100.0,-0.01,-0.0,0.0,1767.0,11704.0,-20291.0,13.0,0.0,0.0
1742672277.092145,0.84,0.91,-1.34,-4714.0,16577.0,-21452.0,-0.02,-0.0,0.0,-4709.0,16550.0,-29643.0,129.0,133.0,149.0
1742672277.1086452,0.88,0.92,-1.41,-11239.0,21432.0,-30438.0,-0.02,-0.0,0.0,-11232.0,21392.0,26907.0,37.0,112.0,96.0
1742672277.1171477,0.89,0.92,-1.44,-17768.0,26291.0,26285.0,-0.02,-0.0,0.01,-17761.0,26243.0,18093.0,13.0,0.0,14.0
1742672277.1294012,0.9,0.92,-1.48,-24288.0,31170.0,17628.0,-0.02,-0.0,0.01,-24277.0,31112.0,9436.0,83.0,28.0,9.0
1742672277.1379004,0.9,0.92,-1.51,-30792.0,-29468.0,9118.0,-0.02,-0.0,0.01,-30780.0,-29538.0,927.0,0.0,0.0,0.0
1742672277.1503987,0.91,0.92,-1.53,28256.0,-24556.0,742.0,-0.02,-0.0,0.01,28271.0,-24634.0,-7448.0,0.0,0.0,0.0
1742672277.1618993,0.91,0.91,-1.56,21792.0,-19620.0,-7486.0,-0.03,-0.0,0.01,21808.0,-19715.0,-15677.0,88.0,102.0,100.0
1742672277.1703994,0.91,2.23,-1.59,15348.0,-14676.0,-15581.0,-0.03,-0.0,0.01,15366.0,-14784.0,-23772.0,0.0,0.0,0.0
1742672277.1823995,0.91,2.24,-1.61,8938.0,-9708.0,-23557.0,-0.03,-0.0,0.02,8960.0,-9834.0,-31747.0,0.0,0.0,0.0
1742672277.1947176,0.91,2.25,-1.65,2589.0,-4700.0,-31325.0,-0.03,-0.0,0.02,2617.0,-4859.0,26021.0,0.0,0.0,0.0
1742672277.207201,0.91,2.26,-1.67,-3729.0,296.0,26535.0,-0.03,-0.0,0.02,-3696.0,117.0,18345.0,58.0,50.0,64.0
1742672277.215725,0.91,2.26,-1.68,-10009.0,5302.0,18935.0,-0.03,-0.0,0.02,-9974.0,5108.0,10745.0,0.0,1.0,0.0
1742672277.2277534,0.9,2.27,-1.7,-16264.0,10315.0,11399.0,-0.03,-0.0,0.03,-16225.0,10106.0,3209.0,29.0,41.0,36.0
1742672277.2398841,0.9,2.27,-1.71,-22491.0,15334.0,3919.0,-0.03,-0.01,0.03,-22448.0,15119.0,-4270.0,0.0,0.0,0.0
1742672277.248384,0.9,2.27,-1.71,-28692.0,20367.0,-3518.0,-0.04,-0.01,0.03,-28644.0,20143.0,-11705.0,0.0,0.0,0.0
1742672277.2603867,0.89,2.28,-1.72,30664.0,25408.0,-10928.0,-0.04,-0.01,0.03,30712.0,25182.0,-19115.0,98.0,87.0,82.0
1742672277.2688842,0.89,2.28,-1.72,24507.0,30474.0,-18331.0,-0.04,-0.01,0.03,24559.0,30241.0,-26518.0,0.0,0.0,0.0
1742672277.2808845,0.89,2.28,-1.72,18368.0,-29987.0,-25733.0,-0.04,-0.01,0.03,18423.0,-30225.0,31616.0,0.0,0.0,0.0
1742672277.2973852,0.87,2.29,-1.71,12273.0,-24866.0,32384.0,-0.03,-0.01,0.03,12333.0,-25109.0,24196.0,0.0,0.0,0.0
1742672277.3058872,0.87,2.29,-1.71,6191.0,-19735.0,24926.0,-0.03,-0.01,0.03,6254.0,-19980.0,16738.0,73.0,82.0,86.0
1742672277.3174238,0.87,2.29,-1.7,114.0,-14598.0,17411.0,-0.03,-0.01,0.03,178.0,-14842.0,9222.0,3.0,13.0,8.0
1742672277.329939,0.86,2.29,-1.68,-5960.0,-9451.0,9829.0,-0.03,-0.01,0.03,-5895.0,-9687.0,1640.0,36.0,24.0,4.0
1742672277.3384387,0.86,2.3,-1.67,-12028.0,-4282.0,2176.0,-0.03,-0.01,0.03,-11963.0,-4512.0,-6012.0,0.0,0.0,0.0
1742672277.3500302,0.86,2.3,-1.66,-18088.0,908.0,-5554.0,-0.03,-0.01,0.03,-18023.0,684.0,-13742.0,0.0,0.0,0.0
1742672277.359016,0.85,2.3,-1.64,-24143.0,6117.0,-13375.0,-0.03,-0.01,0.03,-24078.0,5901.0,-21563.0,109.0,99.0,109.0
1742672277.371016,0.85,2.3,-1.62,-30189.0,11350.0,-21293.0,-0.03,-0.01,0.03,-30122.0,11140.0,-29481.0,0.0,0.0,0.0
1742672277.379515,0.84,2.3,-1.6,29316.0,16608.0,-29313.0,-0.03,-0.01,0.03,29382.0,16401.0,28034.0,0.0,0.0,0.0
1742672277.3955142,0.83,0.83,-1.56,23314.0,21905.0,27968.0,-0.03,-0.01,0.02,23379.0,21704.0,19778.0,0.0,0.0,0.0
1742672277.4080153,0.83,0.83,-1.54,17324.0,27219.0,19601.0,-0.03,-0.01,0.02,17389.0,27022.0,11411.0,88.0,93.0,108.0
1742672277.4160647,0.82,0.83,-1.52,11353.0,32554.0,11131.0,-0.03,-0.01,0.02,11418.0,32360.0,2941.0,14.0,20.0,0.0
1742672277.4280488,0.82,0.83,-1.5,5399.0,-27632.0,2554.0,-0.03,-0.01,0.02,5466.0,-27824.0,-5635.0,34.0,25.0,0.0
1742672277.44055,0.82,0.82,-1.48,-550.0,-22286.0,-6132.0,-0.03,-0.01,0.02,-482.0,-22477.0,-14321.0,0.0,0.0,1.0
1742672277.4490497,0.82,0.83,-1.46,-6506.0,-16958.0,-14917.0,-0.03,-0.01,0.02,-6439.0,-17142.0,-23105.0,0.0,0.0,0.0
1742672277.4610496,0.81,0.83,-1.45,-12467.0,-11639.0,-23800.0,-0.03,-0.01,0.02,-12401.0,-11819.0,-31988.0,83.0,73.0,50.0
1742672277.4695487,0.81,0.83,-1.43,-18434.0,-6334.0,32752.0,-0.03,-0.01,0.02,-18369.0,-6509.0,24562.0,0.0,0.0,0.0
1742672277.485551,0.81,0.83,-1.39,-24410.0,-1063.0,23577.0,-0.04,-0.01,0.02,-24342.0,-1228.0,15387.0,9.0,0.0,0.0
1742672277.4981604,0.81,0.83,-1.38,-30383.0,4200.0,14312.0,-0.04,-0.01,0.02,-30312.0,4038.0,6122.0,0.0,0.0,0.0
1742672277.5061586,0.81,0.83,-1.36,29191.0,9457.0,4964.0,-0.04,-0.01,0.02,29265.0,9295.0,-3225.0,62.0,77.0,88.0
1742672277.5181608,0.81,0.83,-1.35,23237.0,14702.0,-4466.0,-0.04,-0.01,0.02,23314.0,14541.0,-12655.0,10.0,6.0,14.0
1742672277.5267413,0.81,0.82,-1.33,17298.0,19943.0,-13973.0,-0.04,-0.01,0.02,17377.0,19782.0,-22162.0,0.0,0.0,0.0
1742672277.539138,0.8,0.82,-1.32,11380.0,25188.0,-23553.0,-0.04,-0.01,0.02,11462.0,25029.0,-31742.0,12.0,38.0,30.0
1742672277.551143,0.8,0.82,-1.31,5491.0,30444.0,32333.0,-0.04,-0.01,0.02,5576.0,30285.0,24143.0,0.0,0.0,0.0
1742672277.5594585,0.79,0.81,-1.29,-367.0,-29828.0,22604.0,-0.04,-0.01,0.02,-279.0,-29985.0,14414.0,89.0,75.0,52.0
1742672277.5759592,0.78,0.8,-1.27,-6155.0,-24532.0,12724.0,-0.03,-0.01,0.02,-6064.0,-24684.0,4534.0,107.0,82.0,71.0
1742672277.587958,0.78,0.79,-1.26,-11903.0,-19216.0,2767.0,-0.03,-0.01,0.02,-11811.0,-19365.0,-5422.0,0.0,0.0,0.0
1742672277.596458,0.77,0.79,-1.25,-17615.0,-13886.0,-7269.0,-0.03,-0.01,0.02,-17523.0,-14031.0,-15458.0,0.0,0.0,0.0
1742672277.608458,0.76,0.78,-1.23,-23290.0,-8542.0,-17388.0,-0.03,-0.01,0.02,-23199.0,-8683.0,-25577.0,104.0,91.0,101.0
1742672277.616963,0.76,0.77,-1.22,-28930.0,-3187.0,-27592.0,-0.03,-0.01,0.02,-28839.0,-3324.0,29755.0,0.0,0.0,0.0
1742672277.6289697,0.75,0.77,-1.21,30999.0,2174.0,27654.0,-0.03,-0.01,0.02,31090.0,2039.0,19464.0,0.0,0.0,0.0
1742672277.6412666,0.75,0.76,-1.19,25420.0,7534.0,17279.0,-0.03,-0.01,0.02,25511.0,7402.0,9089.0,5.0,21.0,41.0
1742672277.6497293,0.75,0.76,-1.18,19868.0,12892.0,6823.0,-0.03,-0.01,0.02,19960.0,12764.0,-1366.0,8.0,9.0,19.0
1742672277.661729,0.74,0.76,-1.17,14343.0,18248.0,-3708.0,-0.03,-0.01,0.02,14436.0,18122.0,-11897.0,51.0,59.0,52.0
1742672277.6777282,0.74,0.75,-1.14,8866.0,23590.0,-14383.0,-0.03,-0.01,0.02,8962.0,23465.0,-22572.0,95.0,120.0,98.0
1742672277.6862285,0.73,0.74,-1.13,3416.0,28926.0,-25124.0,-0.03,-0.01,0.02,3514.0,28801.0,32223.0,0.0,0.0,0.0
1742672277.698729,0.73,0.74,-1.12,-2008.0,-31279.0,29606.0,-0.04,-0.01,0.02,-1907.0,-31403.0,21416.0,0.0,0.0,0.0
1742672277.7067287,0.73,0.74,-1.11,-7404.0,-25949.0,18741.0,-0.04,-0.01,0.02,-7301.0,-26074.0,10551.0,107.0,112.0,115.0
1742672277.7192328,0.72,0.73,-1.11,-12772.0,-20622.0,7820.0,-0.04,-0.01,0.02,-12667.0,-20747.0,-369.0,0.0,0.0,13.0
1742672277.7313933,0.72,0.73,-1.1,-18109.0,-15294.0,-3154.0,-0.04,-0.01,0.02,-18002.0,-15419.0,-11343.0,0.0,0.0,0.0
1742672277.739324,0.72,0.72,-1.09,-23415.0,-9965.0,-14182.0,-0.04,-0.01,0.02,-23306.0,-10090.0,-22371.0,49.0,77.0,92.0
1742672277.751508,0.71,0.72,-1.08,-28690.0,-4636.0,-25266.0,-0.04,-0.01,0.02,-28580.0,-4760.0,32081.0,0.0,12.0,4.0
1742672277.7645075,0.71,0.71,-1.07,31633.0,689.0,29068.0,-0.04,-0.01,0.01,31744.0,570.0,20878.0,0.0,0.0,0.0
1742672277.7765074,0.7,0.7,-1.06,26450.0,6014.0,17804.0,-0.03,-0.01,0.01,26562.0,5898.0,9614.0,94.0,74.0,101.0
1742672277.7880075,0.7,0.7,-1.05,21299.0,11338.0,6481.0,-0.03,-0.01,0.01,21413.0,11225.0,-1708.0,0.0,0.0,0.0
1742672277.7968209,0.69,0.69,-1.04,16182.0,16662.0,-4900.0,-0.03,-0.01,0.01,16297.0,16552.0,-13089.0,0.0,0.0,0.0
1742672277.8093214,0.69,0.69,-1.03,11099.0,21984.0,-16343.0,-0.03,-0.01,0.01,11214.0,21877.0,-24532.0,87.0,115.0,120.0
1742672277.8173237,0.69,0.68,-1.02,6049.0,27303.0,-27848.0,-0.03,-0.01,0.01,6165.0,27199.0,29499.0,21.0,0.0,6.0
1742672277.8298335,0.68,0.68,-1.01,1032.0,32617.0,26123.0,-0.03,-0.01,0.01,1148.0,32516.0,17933.0,0.0,0.0,0.0
1742672277.8416536,0.68,0.67,-1.01,-3954.0,-27610.0,14497.0,-0.03,-0.01,0.01,-3836.0,-27709.0,6307.0,56.0,62.0,99.0
1742672277.8546555,0.68,0.66,-0.99,-8879.0,-22317.0,2756.0,-0.03,-0.01,0.01,-8759.0,-22413.0,-5433.0,0.0,0.0,0.0
1742672277.8666542,0.67,0.66,-0.98,-13775.0,-17030.0,-9035.0,-0.03,-0.01,0.01,-13654.0,-17126.0,-17224.0,0.0,0.0,9.0
1742672277.8786535,0.67,0.65,-0.97,-18642.0,-11751.0,-20877.0,-0.03,-0.01,0.01,-18519.0,-11846.0,-29066.0,107.0,69.0,96.0
1742672277.8869526,0.67,0.65,-0.97,-23481.0,-6481.0,-32767.0,-0.03,-0.02,0.01,-23357.0,-6576.0,24580.0,0.0,0.0,0.0
1742672277.8995817,0.67,0.65,-0.96,-28292.0,-1218.0,20832.0,-0.03,-0.02,0.01,-28166.0,-1313.0,12642.0,0.0,0.0,0.0
1742672277.907582,0.66,0.64,-0.95,32460.0,4037.0,8851.0,-0.04,-0.02,0.01,32587.0,3941.0,661.0,109.0,88.0,115.0
1742672277.9197664,0.66,0.64,-0.95,27702.0,9285.0,-3172.0,-0.04,-0.02,0.01,27830.0,9190.0,-11361.0,0.0,14.0,1.0
1742672277.928271,0.66,0.63,-0.94,22971.0,14527.0,-15235.0,-0.04,-0.02,0.01,23100.0,14432.0,-23424.0,0.0,0.0,0.0
1742672277.94005,0.66,0.63,-0.94,18266.0,19762.0,-27339.0,-0.04,-0.02,0.01,18397.0,19669.0,30008.0,81.0,73.0,105.0
1742672277.9567416,0.65,0.62,-0.93,13616.0,24983.0,26006.0,-0.04,-0.02,0.01,13749.0,24893.0,17816.0,2.0,14.0,18.0
1742672277.9652424,0.65,0.62,-0.92,8995.0,30199.0,13770.0,-0.03,-0.02,0.01,9129.0,30112.0,5580.0,0.0,0.0,0.0
1742672277.977253,0.65,0.61,-0.91,4402.0,-30129.0,1490.0,-0.03,-0.02,0.01,4536.0,-30213.0,-6699.0,103.0,76.0,81.0
1742672277.9852457,0.64,0.61,-0.91,-163.0,-24928.0,-10834.0,-0.03,-0.02,0.01,-27.0,-25009.0,-19023.0,0.0,0.0,0.0
1742672277.9975038,0.64,0.61,-0.9,-4698.0,-19735.0,-23204.0,-0.03,-0.02,0.01,-4562.0,-19814.0,-31393.0,0.0,0.0,0.0
1742672278.0097694,0.64,0.6,-0.89,-9204.0,-14552.0,29917.0,-0.03,-0.02,0.01,-9067.0,-14628.0,21727.0,115.0,140.0,102.0
1742672278.018773,0.64,0.6,-0.89,-13682.0,-9377.0,17456.0,-0.03,-0.02,0.01,-13545.0,-9451.0,9266.0,30.0,15.0,0.0
1742672278.0301511,0.64,0.59,-0.88,-18131.0,-4211.0,4952.0,-0.03,-0.02,0.01,-17993.0,-4283.0,-3237.0,0.0,0.0,0.0
1742672278.0386314,0.63,0.59,-0.88,-22551.0,947.0,-7592.0,-0.03,-0.02,0.01,-22412.0,875.0,-15781.0,53.0,35.0,87.0
1742672278.0551312,0.63,0.58,-0.87,-26916.0,6087.0,-20213.0,-0.03,-0.02,0.01,-26776.0,6017.0,-28402.0,0.0,0.0,20.0
1742672278.0671306,0.63,0.58,-0.86,-31254.0,11220.0,32666.0,-0.03,-0.02,0.01,-31112.0,11150.0,24476.0,0.0,9.0,0.0
1742672278.0756302,0.62,0.57,-0.86,29970.0,16346.0,19974.0,-0.03,-0.02,0.01,30112.0,16276.0,11784.0,110.0,82.0,72.0
1742672278.08773,0.62,0.57,-0.85,25681.0,21464.0,7249.0,-0.03,-0.02,0.01,25824.0,21394.0,-940.0,0.0,0.0,0.0
1742672278.09624,0.62,0.57,-0.85,21414.0,26573.0,-5504.0,-0.03,-0.02,0.01,21558.0,26504.0,-13693.0,0.0,0.0,0.0
1742672278.1082633,0.62,0.57,-0.84,17169.0,31674.0,-18288.0,-0.03,-0.02,0.01,17314.0,31605.0,-26477.0,118.0,134.0,105.0
1742672278.1202424,0.62,0.56,-0.84,12945.0,-28770.0,-31102.0,-0.04,-0.02,0.01,13092.0,-28837.0,26245.0,27.0,0.0,3.0
1742672278.1292925,0.62,0.56,-0.84,8743.0,-23687.0,21589.0,-0.04,-0.02,0.01,8891.0,-23754.0,13399.0,0.0,0.0,0.0
1742672278.14523,0.61,0.55,-0.83,4581.0,-18627.0,8681.0,-0.04,-0.02,0.01,4731.0,-18690.0,491.0,15.0,0.0,0.0
1742672278.1572304,0.61,0.55,-0.82,440.0,-13575.0,-4256.0,-0.03,-0.02,0.01,590.0,-13637.0,-12445.0,1.0,0.0,0.0
1742672278.1657295,0.61,0.55,-0.82,-3679.0,-8532.0,-17222.0,-0.03,-0.02,0.01,-3527.0,-8592.0,-25411.0,0.0,0.0,0.0
1742672278.1777296,0.61,0.54,-0.81,-7772.0,-3498.0,-30221.0,-0.03,-0.02,0.01,-7619.0,-3556.0,27126.0,66.0,108.0,103.0
1742672278.1862288,0.61,0.54,-0.81,-11838.0,1526.0,22281.0,-0.03,-0.02,0.01,-11684.0,1469.0,14091.0,0.0,0.0,0.0
1742672278.1982305,0.61,0.54,-0.81,-15880.0,6542.0,9216.0,-0.03,-0.02,0.01,-15726.0,6487.0,1026.0,0.0,0.0,0.0
1742672278.210532,0.61,0.53,-0.8,-19897.0,11551.0,-3879.0,-0.03,-0.02,0.01,-19742.0,11498.0,-12068.0,137.0,124.0,124.0
1742672278.2185328,0.6,0.53,-0.8,-23887.0,16552.0,-17005.0,-0.03,-0.02,0.01,-23732.0,16501.0,-25194.0,8.0,48.0,0.0
1742672278.2306917,0.6,0.53,-0.79,-27853.0,21545.0,-30160.0,-0.03,-0.02,0.01,-27697.0,21495.0,27187.0,0.0,0.0,0.0
1742672278.2436738,0.6,0.52,-0.79,-31772.0,26523.0,22164.0,-0.03,-0.02,0.01,-31615.0,26475.0,13974.0,48.0,25.0,33.0
1742672278.2555132,0.6,0.52,-0.78,29868.0,31493.0,8924.0,-0.03,-0.02,0.01,30025.0,31446.0,734.0,0.0,19.0,51.0
1742672278.2675235,0.6,0.51,-0.78,25992.0,-29082.0,-4341.0,-0.03,-0.02,0.01,26150.0,-29128.0,-12530.0,2.0,0.0,0.0
1742672278.2765105,0.59,0.51,-0.78,22136.0,-24128.0,-17629.0,-0.03,-0.02,0.01,22295.0,-24173.0,-25818.0,90.0,50.0,67.0
1742672278.2885177,0.59,0.51,-0.77,18300.0,-19182.0,-30941.0,-0.03,-0.02,0.01,18460.0,-19227.0,26406.0,0.0,0.0,0.0
1742672278.29702,0.59,0.51,-0.77,14484.0,-14246.0,21258.0,-0.03,-0.02,0.01,14645.0,-14290.0,13068.0,0.0,0.0,0.0
1742672278.309018,0.59,0.5,-0.77,10687.0,-9318.0,7898.0,-0.04,-0.02,0.01,10849.0,-9362.0,-291.0,108.0,104.0,119.0
1742672278.321023,0.59,0.5,-0.76,6908.0,-4398.0,-5482.0,-0.04,-0.02,0.01,7071.0,-4441.0,-13671.0,0.0,16.0,0.0
1742672278.3290758,0.59,0.5,-0.76,3148.0,512.0,-18884.0,-0.04,-0.02,0.01,3312.0,469.0,-27073.0,0.0,0.0,0.0
1742672278.3454442,0.59,0.49,-0.75,-574.0,5405.0,-32329.0,-0.03,-0.02,0.0,-408.0,5365.0,25018.0,82.0,60.0,42.0
1742672278.3543353,0.59,0.49,-0.75,-4276.0,10293.0,19740.0,-0.03,-0.02,0.0,-4109.0,10254.0,11550.0,0.0,0.0,0.0
1742672278.3659449,0.58,0.49,-0.75,-7957.0,15174.0,6250.0,-0.03,-0.02,0.0,-7790.0,15137.0,-1939.0,0.0,0.0,0.0
1742672278.3784268,0.58,0.49,-0.75,-11618.0,20047.0,-7261.0,-0.03,-0.02,0.0,-11450.0,20011.0,-15450.0,130.0,103.0,123.0
1742672278.3869278,0.58,0.48,-0.74,-15258.0,24913.0,-20794.0,-0.03,-0.02,0.0,-15090.0,24879.0,-28983.0,0.0,0.0,0.0
1742672278.39904,0.58,0.48,-0.74,-18877.0,29772.0,31186.0,-0.03,-0.02,0.0,-18708.0,29740.0,22996.0,0.0,0.0,0.0
1742672278.4077094,0.58,0.48,-0.74,-22475.0,-30913.0,17605.0,-0.03,-0.02,0.0,-22306.0,-30943.0,9415.0,144.0,139.0,124.0
1742672278.4192111,0.58,0.48,-0.73,-26054.0,-26069.0,4001.0,-0.03,-0.02,0.0,-25885.0,-26098.0,-4188.0,7.0,13.0,6.0
1742672278.4317386,0.58,0.47,-0.73,-29615.0,-21232.0,-9621.0,-0.03,-0.02,0.0,-29445.0,-21260.0,-17810.0,0.0,0.0,0.0
1742672278.4442368,0.58,0.47,-0.72,32396.0,-16413.0,-23284.0,-0.03,-0.02,0.0,32566.0,-16440.0,-31473.0,19.0,25.0,8.0
1742672278.4561088,0.57,0.47,-0.72,28887.0,-11603.0,28570.0,-0.03,-0.02,0.0,29058.0,-11629.0,20380.0,37.0,24.0,14.0
1742672278.464609,0.57,0.46,-0.72,25395.0,-6800.0,14868.0,-0.03,-0.02,0.0,25567.0,-6827.0,6678.0,0.0,9.0,7.0
1742672278.4768887,0.57,0.46,-0.72,21919.0,-2006.0,1149.0,-0.03,-0.02,0.0,22092.0,-2032.0,-7040.0,69.0,111.0,75.0
1742672278.4888906,0.57,0.46,-0.71,18459.0,2780.0,-12585.0,-0.03,-0.02,0.0,18633.0,2753.0,-20774.0,0.0,0.0,0.0
1742672278.4973748,0.57,0.46,-0.71,15013.0,7556.0,-26336.0,-0.04,-0.02,0.0,15188.0,7530.0,31011.0,0.0,0.0,0.0
1742672278.5093749,0.57,0.46,-0.71,11582.0,12324.0,25432.0,-0.04,-0.02,0.0,11758.0,12299.0,17242.0,166.0,144.0,121.0
1742672278.5178795,0.57,0.45,-0.71,8166.0,17084.0,11646.0,-0.04,-0.02,0.0,8342.0,17059.0,3456.0,22.0,22.0,15.0
1742672278.534119,0.57,0.45,-0.7,4779.0,21828.0,-2171.0,-0.04,-0.02,0.0,4957.0,21806.0,-10360.0,40.0,34.0,32.0
1742672278.5463414,0.57,0.45,-0.7,1410.0,26567.0,-16003.0,-0.03,-0.02,0.0,1589.0,26546.0,-24192.0,33.0,89.0,3.0
1742672278.5547502,0.57,0.45,-0.7,-1942.0,31298.0,-29852.0,-0.03,-0.02,0.0,-1762.0,31278.0,27495.0,0.0,5.0,0.0
1742672278.5667627,0.57,0.44,-0.7,-5277.0,-29513.0,21817.0,-0.03,-0.02,0.0,-5096.0,-29530.0,13627.0,22.0,50.0,24.0
1742672278.5752504,0.56,0.44,-0.69,-8596.0,-24792.0,7933.0,-0.03,-0.02,0.0,-8415.0,-24808.0,-256.0,143.0,88.0,69.0
1742672278.5872495,0.56,0.44,-0.69,-11900.0,-20077.0,-5965.0,-0.03,-0.02,0.0,-11718.0,-20092.0,-14154.0,6.0,0.0,0.0
1742672278.5996401,0.56,0.44,-0.69,-15186.0,-15368.0,-19878.0,-0.03,-0.02,0.0,-15004.0,-15382.0,-28067.0,0.0,0.0,0.0
1742672278.6081398,0.56,0.44,-0.69,-18457.0,-10666.0,31730.0,-0.03,-0.02,0.0,-18275.0,-10679.0,23540.0,113.0,126.0,140.0
1742672278.620142,0.56,0.43,-0.69,-21712.0,-5970.0,17785.0,-0.03,-0.02,0.0,-21529.0,-5982.0,9595.0,0.0,0.0,0.0
1742672278.6360881,0.56,0.43,-0.68,-24937.0,-1285.0,3812.0,-0.03,-0.02,0.0,-24753.0,-1296.0,-4377.0,3.0,11.0,74.0
1742672278.6450927,0.56,0.43,-0.68,-28149.0,3393.0,-10172.0,-0.03,-0.02,0.0,-27965.0,3382.0,-18361.0,0.0,0.0,25.0
1742672278.6570792,0.56,0.43,-0.68,-31349.0,8064.0,-24169.0,-0.03,-0.02,0.0,-31164.0,8053.0,-32358.0,3.0,13.0,7.0
1742672278.6650786,0.56,0.42,-0.68,30998.0,12728.0,27360.0,-0.03,-0.02,0.0,31183.0,12718.0,19170.0,0.0,14.0,0.0
1742672278.6775808,0.56,0.42,-0.68,27818.0,17387.0,13340.0,-0.04,-0.02,0.0,28003.0,17377.0,5150.0,129.0,98.0,79.0
1742672278.6860793,0.56,0.42,-0.67,24649.0,22039.0,-691.0,-0.04,-0.02,0.0,24835.0,22029.0,-8880.0,0.0,0.0,0.0
1742672278.6980796,0.56,0.42,-0.67,21492.0,26684.0,-14733.0,-0.04,-0.02,0.0,21679.0,26675.0,-22922.0,0.0,0.0,0.0
1742672278.710206,0.56,0.42,-0.67,18347.0,31324.0,-28786.0,-0.04,-0.02,0.0,18535.0,31316.0,28561.0,122.0,111.0,106.0
1742672278.7266011,0.55,0.42,-0.67,15226.0,-29584.0,22673.0,-0.04,-0.02,0.0,15415.0,-29589.0,14483.0,123.0,170.0,131.0
1742672278.7351027,0.55,0.41,-0.67,12118.0,-24957.0,8584.0,-0.04,-0.02,0.0,12307.0,-24961.0,394.0,47.0,35.0,0.0
1742672278.7471027,0.55,0.41,-0.66,9023.0,-20336.0,-5516.0,-0.03,-0.02,0.0,9213.0,-20339.0,-13705.0,0.0,0.0,0.0
1742672278.75567,0.55,0.41,-0.66,5941.0,-15720.0,-19626.0,-0.03,-0.02,0.0,6132.0,-15722.0,-27815.0,68.0,75.0,54.0
1742672278.7676017,0.55,0.41,-0.66,2873.0,-11109.0,31787.0,-0.03,-0.02,0.0,3064.0,-11110.0,23597.0,29.0,0.0,22.0
1742672278.7761018,0.55,0.41,-0.66,-181.0,-6502.0,17650.0,-0.03,-0.02,0.0,11.0,-6502.0,9460.0,68.0,76.0,64.0
1742672278.7881052,0.55,0.41,-0.66,-3222.0,-1901.0,3502.0,-0.03,-0.02,-0.0,-3028.0,-1900.0,-4687.0,0.0,0.0,0.0
1742672278.7966022,0.55,0.4,-0.66,-6249.0,2692.0,-10657.0,-0.03,-0.02,-0.0,-6055.0,2693.0,-18846.0,0.0,0.0,0.0
1742672278.8086016,0.55,0.4,-0.65,-9265.0,7278.0,-24827.0,-0.03,-0.02,-0.0,-9070.0,7279.0,32520.0,130.0,106.0,146.0
1742672278.8246255,0.55,0.4,-0.65,-12257.0,11851.0,26516.0,-0.03,-0.02,-0.0,-12061.0,11854.0,18326.0,126.0,137.0,103.0
1742672278.837635,0.55,0.4,-0.65,-15239.0,16419.0,12312.0,-0.03,-0.02,-0.0,-15042.0,16422.0,4122.0,15.0,25.0,0.0
1742672278.8456287,0.55,0.4,-0.65,-18210.0,20981.0,-1901.0,-0.03,-0.02,-0.0,-18013.0,20984.0,-10090.0,0.0,0.0,0.0
1742672278.857634,0.55,0.4,-0.65,-21171.0,25537.0,-16122.0,-0.04,-0.02,-0.0,-20973.0,25541.0,-24311.0,80.0,85.0,119.0
1742672278.8661277,0.55,0.39,-0.65,-24123.0,30089.0,-30352.0,-0.04,-0.02,-0.0,-23925.0,30093.0,26995.0,31.0,46.0,5.0
1742672278.8781192,0.55,0.39,-0.64,-27066.0,-30900.0,20945.0,-0.04,-0.02,-0.0,-26867.0,-30894.0,12755.0,75.0,45.0,13.0
1742672278.890134,0.55,0.39,-0.64,-29999.0,-26355.0,6698.0,-0.04,-0.02,-0.0,-29799.0,-26349.0,-1491.0,0.0,15.0,2.0
1742672278.9031193,0.55,0.39,-0.64,32621.0,-21818.0,-7562.0,-0.04,-0.02,-0.0,-32716.0,-21811.0,-15751.0,0.0,0.0,0.0
1742672278.9151454,0.55,0.39,-0.64,29712.0,-17283.0,-21829.0,-0.04,-0.02,-0.0,29912.0,-17275.0,-30018.0,0.0,0.0,0.0
1742672278.9271965,0.55,0.39,-0.64,26811.0,-12750.0,29434.0,-0.03,-0.02,-0.0,27011.0,-12741.0,21244.0,111.0,110.0,116.0
1742672278.9366968,0.55,0.39,-0.64,23920.0,-8220.0,15151.0,-0.03,-0.02,-0.0,24121.0,-8210.0,6961.0,0.0,0.0,0.0
1742672278.9478025,0.55,0.39,-0.64,21039.0,-3696.0,858.0,-0.03,-0.02,-0.0,21240.0,-3685.0,-7331.0,0.0,0.0,0.0
1742672278.9568374,0.54,0.38,-0.64,18168.0,823.0,-13441.0,-0.03,-0.02,-0.0,18369.0,834.0,-21630.0,106.0,133.0,112.0
1742672278.9683049,0.54,0.38,-0.63,15306.0,5338.0,-27748.0,-0.03,-0.02,-0.0,15508.0,5349.0,29599.0,2.0,0.0,40.0
1742672278.9768028,0.54,0.38,-0.63,12454.0,9847.0,23471.0,-0.03,-0.02,-0.0,12656.0,9859.0,15281.0,8.0,8.0,0.0
1742672278.992802,0.54,0.38,-0.63,9621.0,14348.0,9137.0,-0.03,-0.02,-0.0,9824.0,14361.0,947.0,96.0,81.0,55.0
1742672279.0048018,0.54,0.38,-0.63,6798.0,18845.0,-5204.0,-0.03,-0.02,-0.0,7001.0,18859.0,-13393.0,0.0,0.0,0.0
1742672279.0134265,0.54,0.38,-0.63,3983.0,23338.0,-19552.0,-0.03,-0.02,-0.0,4187.0,23352.0,-27741.0,0.0,0.0,0.0
1742672279.0249302,0.54,0.38,-0.63,1178.0,27828.0,31629.0,-0.03,-0.02,-0.0,1382.0,27843.0,23439.0,131.0,101.0,107.0
1742672279.037941,0.54,0.38,-0.63,-1618.0,32314.0,17265.0,-0.03,-0.02,-0.0,-1413.0,32330.0,9075.0,15.0,0.0,16.0
1742672279.045956,0.54,0.37,-0.63,-4406.0,-28739.0,2896.0,-0.03,-0.03,-0.0,-4200.0,-28722.0,-5293.0,0.0,0.0,0.0
1742672279.0582185,0.54,0.37,-0.63,-7185.0,-24258.0,-11478.0,-0.04,-0.03,-0.0,-6979.0,-24241.0,-19667.0,77.0,94.0,107.0
1742672279.0667486,0.54,0.37,-0.62,-9956.0,-19781.0,-25859.0,-0.04,-0.03,-0.0,-9749.0,-19763.0,31488.0,41.0,39.0,24.0
1742672279.0787492,0.54,0.37,-0.62,-12719.0,-15307.0,25289.0,-0.04,-0.03,-0.0,-12512.0,-15289.0,17099.0,29.0,21.0,0.0
1742672279.095249,0.54,0.37,-0.62,-15469.0,-10841.0,10887.0,-0.04,-0.03,-0.0,-15261.0,-10822.0,2697.0,89.0,82.0,58.0
1742672279.1037478,0.54,0.37,-0.62,-18211.0,-6378.0,-3520.0,-0.04,-0.03,-0.0,-18003.0,-6358.0,-11709.0,0.0,0.0,0.0
1742672279.1157503,0.54,0.37,-0.62,-20946.0,-1919.0,-17933.0,-0.04,-0.03,-0.0,-20738.0,-1898.0,-26122.0,0.0,0.0,0.0
1742672279.1277905,0.54,0.37,-0.62,-23675.0,2536.0,-32352.0,-0.03,-0.03,-0.0,-23466.0,2557.0,24995.0,105.0,118.0,107.0
1742672279.1362722,0.54,0.37,-0.62,-26396.0,6987.0,18758.0,-0.03,-0.03,-0.0,-26187.0,7009.0,10568.0,0.0,29.0,0.0
1742672279.148294,0.54,0.36,-0.62,-29109.0,11435.0,4325.0,-0.03,-0.03,-0.0,-28900.0,11457.0,-3864.0,0.0,0.0,0.0
1742672279.1567008,0.54,0.36,-0.62,-31816.0,15879.0,-10112.0,-0.03,-0.03,-0.0,-31606.0,15902.0,-18301.0,124.0,119.0,144.0
1742672279.1687005,0.54,0.36,-0.61,31021.0,20319.0,-24555.0,-0.03,-0.03,-0.0,31230.0,20343.0,-32744.0,0.0,4.0,24.0
1742672279.1854124,0.54,0.36,-0.61,28330.0,24753.0,26528.0,-0.03,-0.03,-0.0,28540.0,24778.0,18338.0,10.0,29.0,8.0
1742672279.1939127,0.54,0.36,-0.61,25646.0,29183.0,12067.0,-0.03,-0.03,-0.0,25856.0,29208.0,3877.0,60.0,79.0,14.0
1742672279.2059119,0.54,0.36,-0.61,22968.0,-31927.0,-2399.0,-0.03,-0.03,-0.0,23179.0,-31900.0,-10588.0,0.0,0.0,2.0
1742672279.214414,0.54,0.36,-0.61,20297.0,-27502.0,-16870.0,-0.03,-0.03,-0.0,20508.0,-27475.0,-25059.0,0.0,1.0,13.0
1742672279.2264247,0.54,0.36,-0.61,17632.0,-23081.0,-31346.0,-0.04,-0.03,-0.0,17844.0,-23054.0,26001.0,106.0,88.0,68.0
1742672279.2384477,0.54,0.36,-0.61,14973.0,-18664.0,19708.0,-0.04,-0.03,-0.0,15185.0,-18636.0,11518.0,0.0,0.0,0.0
1742672279.246923,0.54,0.36,-0.61,12319.0,-14250.0,5219.0,-0.04,-0.03,-0.0,12531.0,-14222.0,-2970.0,0.0,0.0,0.0
1742672279.258923,0.54,0.36,-0.61,9669.0,-9841.0,-9273.0,-0.04,-0.03,-0.0,9882.0,-9812.0,-17462.0,115.0,130.0,142.0
1742672279.2754216,0.54,0.36,-0.61,7029.0,-5441.0,-23775.0,-0.04,-0.03,-0.0,7242.0,-5411.0,-31964.0,68.0,48.0,117.0
1742672279.2839239,0.54,0.35,-0.6,4394.0,-1042.0,27254.0,-0.04,-0.03,-0.0,4608.0,-1012.0,19064.0,19.0,18.0,10.0
1742672279.2959273,0.54,0.35,-0.6,1766.0,3352.0,12741.0,-0.04,-0.03,-0.0,1980.0,3382.0,4551.0,25.0,20.0,0.0
1742672279.3044229,0.54,0.35,-0.6,-856.0,7741.0,-1777.0,-0.04,-0.03,-0.0,-640.0,7771.0,-9966.0,0.0,0.0,0.0
1742672279.316447,0.54,0.35,-0.6,-3470.0,12127.0,-16299.0,-0.04,-0.03,-0.0,-3254.0,12158.0,-24488.0,0.0,0.0,20.0
1742672279.3249466,0.54,0.35,-0.6,-6079.0,16511.0,-30825.0,-0.04,-0.03,-0.0,-5863.0,16542.0,26522.0,109.0,102.0,102.0
1742672279.3369532,0.54,0.35,-0.6,-8683.0,20893.0,20180.0,-0.04,-0.03,-0.0,-8466.0,20925.0,11990.0,0.0,0.0,0.0
1742672279.3494556,0.54,0.35,-0.6,-11279.0,25273.0,5643.0,-0.04,-0.03,-0.0,-11062.0,25306.0,-2546.0,0.0,0.0,0.0
1742672279.357454,0.53,0.35,-0.6,-13869.0,29651.0,-8897.0,-0.04,-0.03,-0.0,-13652.0,29684.0,-17086.0,141.0,142.0,112.0
1742672279.3739538,0.53,0.35,-0.6,-16447.0,-31511.0,-23445.0,-0.04,-0.03,-0.0,-16229.0,-31476.0,-31633.0,83.0,71.0,111.0
1742672279.3859532,0.53,0.35,-0.6,-19019.0,-27136.0,27540.0,-0.04,-0.03,-0.0,-18801.0,-27100.0,19351.0,0.0,0.0,0.0
1742672279.3944547,0.53,0.35,-0.6,-21585.0,-22763.0,12983.0,-0.04,-0.03,-0.0,-21366.0,-22727.0,4794.0,11.0,21.0,0.0
1742672279.4064543,0.53,0.35,-0.6,-24145.0,-18393.0,-1577.0,-0.04,-0.03,-0.0,-23926.0,-18356.0,-9765.0,0.0,0.0,21.0
1742672279.4149582,0.53,0.35,-0.6,-26701.0,-14025.0,-16140.0,-0.04,-0.03,-0.0,-26482.0,-13988.0,-24328.0,0.0,0.0,0.0
1742672279.427009,0.53,0.35,-0.6,-29253.0,-9660.0,-30707.0,-0.04,-0.03,-0.0,-29033.0,-9623.0,26641.0,125.0,81.0,92.0
1742672279.439507,0.53,0.34,-0.6,-31799.0,-5298.0,20257.0,-0.04,-0.03,-0.0,-31579.0,-5260.0,12068.0,0.0,0.0,0.0
1742672279.4475079,0.53,0.34,-0.59,31194.0,-938.0,5680.0,-0.04,-0.03,-0.0,31414.0,-900.0,-2508.0,0.0,0.0,0.0
1742672279.4635077,0.53,0.34,-0.59,28659.0,3415.0,-8902.0,-0.04,-0.03,-0.0,28879.0,3452.0,-17090.0,0.0,0.0,0.0
1742672279.4725087,0.53,0.34,-0.59,26128.0,7765.0,-23488.0,-0.04,-0.03,-0.0,26349.0,7802.0,-31675.0,85.0,78.0,112.0
1742672279.4845092,0.53,0.34,-0.59,23601.0,12111.0,27459.0,-0.04,-0.03,-0.0,23822.0,12149.0,19271.0,7.0,0.0,41.0
1742672279.496526,0.53,0.34,-0.59,21079.0,16455.0,12864.0,-0.04,-0.03,-0.0,21300.0,16493.0,4676.0,41.0,36.0,8.0
1742672279.50502,0.53,0.34,-0.59,18561.0,20795.0,-1733.0,-0.04,-0.03,-0.0,18783.0,20833.0,-9920.0,0.0,28.0,1.0
1742672279.5170145,0.53,0.34,-0.59,16048.0,25132.0,-16333.0,-0.04,-0.03,-0.0,16270.0,25171.0,-24520.0,0.0,0.0,17.0
1742672279.525012,0.53,0.34,-0.59,13539.0,29469.0,-30936.0,-0.04,-0.03,-0.0,13761.0,29508.0,26413.0,114.0,110.0,106.0
1742672279.5375214,0.53,0.34,-0.59,11035.0,-31733.0,19992.0,-0.04,-0.03,-0.0,11257.0,-31692.0,11804.0,0.0,0.0,0.0
1742672279.546024,0.53,0.34,-0.59,8535.0,-27400.0,5379.0,-0.04,-0.03,-0.0,8757.0,-27359.0,-2808.0,0.0,0.0,0.0
1742672279.5625203,0.53,0.34,-0.59,6044.0,-23073.0,-9240.0,-0.04,-0.03,-0.01,6267.0,-23031.0,-17427.0,0.0,0.0,0.0
1742672279.5745206,0.53,0.34,-0.59,3557.0,-18746.0,-23862.0,-0.04,-0.03,-0.01,3780.0,-18704.0,-32049.0,66.0,66.0,98.0
1742672279.58302,0.53,0.34,-0.59,1074.0,-14421.0,27049.0,-0.04,-0.03,-0.01,1297.0,-14379.0,18861.0,0.0,0.0,25.0
1742672279.5950203,0.53,0.34,-0.59,-1403.0,-10098.0,12419.0,-0.04,-0.03,-0.01,-1178.0,-10055.0,4231.0,35.0,13.0,6.0
1742672279.6035197,0.53,0.34,-0.59,-3874.0,-5775.0,-2212.0,-0.04,-0.03,-0.01,-3649.0,-5732.0,-10399.0,0.0,0.0,0.0
1742672279.6155481,0.53,0.33,-0.59,-6341.0,-1453.0,-16845.0,-0.04,-0.03,-0.01,-6116.0,-1410.0,-25032.0,0.0,0.0,0.0
1742672279.6281085,0.53,0.33,-0.59,-8805.0,2866.0,-31480.0,-0.04,-0.03,-0.01,-8579.0,2909.0,25869.0,137.0,134.0,106.0
1742672279.636107,0.53,0.33,-0.59,-11264.0,7185.0,19417.0,-0.04,-0.03,-0.01,-11038.0,7228.0,11229.0,19.0,0.0,0.0
1742672279.6481082,0.53,0.33,-0.59,-13720.0,11502.0,4776.0,-0.04,-0.03,-0.01,-13494.0,11545.0,-3411.0,0.0,0.0,0.0
1742672279.6646106,0.53,0.33,-0.58,-16171.0,15817.0,-9867.0,-0.04,-0.03,-0.01,-15945.0,15861.0,-18054.0,0.0,0.0,0.0
1742672279.672607,0.53,0.33,-0.58,-18620.0,20132.0,-24512.0,-0.04,-0.03,-0.01,-18393.0,20177.0,-32699.0,97.0,67.0,85.0
1742672279.6851096,0.53,0.33,-0.58,-21066.0,24447.0,26379.0,-0.04,-0.03,-0.01,-20839.0,24492.0,18191.0,17.0,0.0,6.0
1742672279.6936076,0.53,0.33,-0.58,-23508.0,28760.0,11728.0,-0.04,-0.03,-0.01,-23281.0,28806.0,3540.0,57.0,28.0,39.0
1742672279.7056081,0.53,0.33,-0.58,-25947.0,-32465.0,-2925.0,-0.04,-0.03,-0.01,-25719.0,-32419.0,-11112.0,0.0,0.0,0.0
1742672279.7176106,0.53,0.33,-0.58,-28383.0,-28154.0,-17579.0,-0.04,-0.03,-0.01,-28155.0,-28108.0,-25766.0,0.0,0.0,1.0
1742672279.7261257,0.53,0.33,-0.58,-30815.0,-23844.0,-32234.0,-0.04,-0.03,-0.01,-30587.0,-23797.0,25115.0,124.0,77.0,45.0
1742672279.7381299,0.53,0.33,-0.58,32292.0,-19535.0,18643.0,-0.04,-0.03,-0.01,32519.0,-19488.0,10455.0,0.0,0.0,0.0
1742672279.7546303,0.53,0.33,-0.58,29867.0,-15228.0,3979.0,-0.04,-0.03,-0.01,30095.0,-15180.0,-4208.0,41.0,21.0,37.0
1742672279.7626307,0.53,0.33,-0.58,27446.0,-10921.0,-10685.0,-0.04,-0.03,-0.01,27674.0,-10873.0,-18872.0,0.0,0.0,0.0
1742672279.775129,0.53,0.33,-0.58,25028.0,-6616.0,-25352.0,-0.04,-0.03,-0.01,25256.0,-6568.0,31997.0,80.0,117.0,100.0
1742672279.7836313,0.53,0.33,-0.58,22613.0,-2313.0,25513.0,-0.04,-0.03,-0.01,22842.0,-2264.0,17325.0,23.0,25.0,0.0
1742672279.7956295,0.53,0.33,-0.58,20203.0,1988.0,10839.0,-0.04,-0.03,-0.01,20432.0,2036.0,2651.0,21.0,0.0,0.0
1742672279.8041303,0.53,0.33,-0.58,17795.0,6286.0,-3836.0,-0.04,-0.03,-0.01,18024.0,6334.0,-12023.0,12.0,14.0,21.0
1742672279.816136,0.53,0.33,-0.58,15390.0,10583.0,-18513.0,-0.04,-0.03,-0.01,15619.0,10632.0,-26700.0,23.0,0.0,0.0
1742672279.8281827,0.53,0.33,-0.58,12988.0,14879.0,32344.0,-0.04,-0.03,-0.01,13218.0,14928.0,24156.0,87.0,55.0,109.0
1742672279.8366923,0.53,0.33,-0.58,10589.0,19173.0,17661.0,-0.04,-0.03,-0.01,10819.0,19223.0,9473.0,0.0,0.0,0.0
1742672279.852683,0.53,0.33,-0.58,8195.0,23465.0,2974.0,-0.04,-0.03,-0.01,8425.0,23515.0,-5213.0,0.0,0.0,24.0
1742672279.8616867,0.53,0.33,-0.58,5805.0,27756.0,-11713.0,-0.04,-0.03,-0.01,6036.0,27807.0,-19900.0,0.0,0.0,0.0
1742672279.8731847,0.53,0.33,-0.58,3418.0,32047.0,-26402.0,-0.04,-0.03,-0.01,3649.0,32098.0,30947.0,96.0,115.0,88.0
1742672279.8856845,0.53,0.32,-0.58,1034.0,-29200.0,24442.0,-0.04,-0.03,-0.01,1265.0,-29148.0,16254.0,24.0,15.0,17.0
1742672279.894183,0.53,0.32,-0.58,-1347.0,-24910.0,9747.0,-0.04,-0.03,-0.01,-1115.0,-24857.0,1559.0,33.0,3.0,6.0
1742672279.9061835,0.53,0.32,-0.58,-3725.0,-20621.0,-4948.0,-0.04,-0.03,-0.01,-3493.0,-20568.0,-13135.0,23.0,27.0,0.0
1742672279.9146872,0.53,0.32,-0.58,-6101.0,-16333.0,-19644.0,-0.04,-0.03,-0.01,-5869.0,-16280.0,-27831.0,0.0,10.0,10.0
1742672279.9266944,0.53,0.32,-0.58,-8475.0,-12047.0,31193.0,-0.04,-0.03,-0.01,-8242.0,-11993.0,23005.0,78.0,82.0,90.0
1742672279.9431956,0.53,0.32,-0.58,-10844.0,-7765.0,16489.0,-0.04,-0.03,-0.01,-10611.0,-7711.0,8301.0,110.0,147.0,80.0
1742672279.9516962,0.53,0.32,-0.57,-13212.0,-3486.0,1782.0,-0.04,-0.03,-0.01,-12979.0,-3432.0,-6405.0,0.0,0.0,0.0
1742672279.9636967,0.53,0.32,-0.57,-15579.0,788.0,-12925.0,-0.04,-0.03,-0.01,-15345.0,842.0,-21112.0,0.0,0.0,0.0
1742672279.9756966,0.53,0.32,-0.57,-17943.0,5061.0,-27634.0,-0.04,-0.03,-0.01,-17709.0,5115.0,29715.0,94.0,120.0,77.0
1742672279.984195,0.53,0.32,-0.57,-20304.0,9332.0,23190.0,-0.04,-0.03,-0.01,-20070.0,9386.0,15002.0,0.0,0.0,0.0
1742672279.9962165,0.53,0.32,-0.57,-22663.0,13601.0,8474.0,-0.04,-0.03,-0.01,-22429.0,13656.0,286.0,12.0,0.0,0.0
1742672280.004694,0.53,0.32,-0.57,-25020.0,17870.0,-6243.0,-0.04,-0.03,-0.01,-24786.0,17925.0,-14430.0,11.0,54.0,76.0
1742672280.0167005,0.53,0.32,-0.57,-27375.0,22139.0,-20959.0,-0.04,-0.03,-0.01,-27140.0,22194.0,-29146.0,0.0,2.0,0.0
1742672280.0292108,0.53,0.32,-0.57,-29727.0,26407.0,29859.0,-0.04,-0.03,-0.01,-29492.0,26462.0,21671.0,88.0,86.0,36.0
1742672280.0417116,0.53,0.32,-0.57,-32075.0,30673.0,15137.0,-0.04,-0.03,-0.01,-31839.0,30729.0,6949.0,121.0,150.0,106.0
1742672280.0537117,0.53,0.32,-0.57,31116.0,-30597.0,413.0,-0.04,-0.03,-0.01,31352.0,-30540.0,-7774.0,0.0,0.0,0.0
1742672280.0622127,0.53,0.32,-0.57,28773.0,-26329.0,-14310.0,-0.04,-0.03,-0.01,29009.0,-26271.0,-22497.0,0.0,0.0,0.0
1742672280.0747154,0.53,0.32,-0.57,26433.0,-22061.0,-29035.0,-0.04,-0.03,-0.01,26669.0,-22003.0,28314.0,111.0,144.0,110.0
1742672280.0862138,0.53,0.32,-0.57,24094.0,-17793.0,21774.0,-0.04,-0.03,-0.01,24330.0,-17735.0,13586.0,0.0,1.0,0.0
1742672280.0947115,0.53,0.32,-0.57,21756.0,-13527.0,7045.0,-0.04,-0.03,-0.01,21992.0,-13469.0,-1142.0,0.0,0.0,0.0
1742672280.1067107,0.53,0.32,-0.57,19418.0,-9262.0,-7682.0,-0.04,-0.03,-0.01,19654.0,-9203.0,-15869.0,60.0,30.0,86.0
1742672280.1187134,0.53,0.32,-0.57,17079.0,-4997.0,-22410.0,-0.04,-0.03,-0.01,17315.0,-4938.0,-30597.0,26.0,32.0,36.0
1742672280.1312888,0.53,0.32,-0.57,14742.0,-735.0,28395.0,-0.04,-0.03,-0.01,14979.0,-675.0,20207.0,1.0,9.0,0.0
1742672280.1437936,0.53,0.32,-0.57,12408.0,3527.0,13661.0,-0.04,-0.03,-0.01,12645.0,3586.0,5473.0,93.0,140.0,60.0
1742672280.1522887,0.53,0.32,-0.57,10076.0,7787.0,-1073.0,-0.04,-0.03,-0.01,10313.0,7846.0,-9260.0,18.0,5.0,0.0
1742672280.1642933,0.53,0.32,-0.57,7746.0,12046.0,-15808.0,-0.04,-0.03,-0.01,7983.0,12105.0,-23995.0,0.0,0.0,0.0
1742672280.1767917,0.53,0.32,-0.57,5418.0,16304.0,-30543.0,-0.04,-0.03,-0.01,5656.0,16363.0,26806.0,117.0,130.0,94.0
1742672280.1847885,0.53,0.32,-0.57,3093.0,20561.0,20255.0,-0.04,-0.03,-0.01,3331.0,20620.0,12067.0,0.0,0.0,4.0
1742672280.1968029,0.53,0.32,-0.57,770.0,24818.0,5515.0,-0.04,-0.03,-0.01,1008.0,24878.0,-2672.0,0.0,5.0,0.0
1742672280.205288,0.53,0.32,-0.57,-1550.0,29075.0,-9224.0,-0.04,-0.03,-0.01,-1311.0,29135.0,-17411.0,0.0,64.0,39.0
1742672280.2173142,0.53,0.32,-0.57,-3867.0,-32204.0,-23965.0,-0.04,-0.03,-0.01,-3628.0,-32143.0,-32152.0,23.0,34.0,20.0
1742672280.2297595,0.53,0.32,-0.57,-6181.0,-27948.0,26828.0,-0.04,-0.03,-0.01,-5942.0,-27887.0,18640.0,0.0,0.0,0.0
1742672280.242244,0.53,0.32,-0.57,-8493.0,-23693.0,12081.0,-0.04,-0.03,-0.01,-8254.0,-23631.0,3893.0,107.0,140.0,98.0
1742672280.254246,0.53,0.32,-0.57,-10804.0,-19438.0,-2666.0,-0.04,-0.03,-0.01,-10564.0,-19376.0,-10853.0,0.0,0.0,0.0
1742672280.2627444,0.53,0.32,-0.57,-13112.0,-15184.0,-17413.0,-0.04,-0.03,-0.01,-12872.0,-15122.0,-25600.0,0.0,0.0,0.0
1742672280.2747288,0.53,0.32,-0.57,-15419.0,-10931.0,-32161.0,-0.04,-0.03,-0.01,-15179.0,-10869.0,25188.0,153.0,121.0,134.0
1742672280.2867308,0.53,0.32,-0.57,-17724.0,-6678.0,18625.0,-0.04,-0.03,-0.01,-17484.0,-6615.0,10437.0,0.0,0.0,8.0
1742672280.2956154,0.53,0.32,-0.57,-20028.0,-2425.0,3874.0,-0.04,-0.03,-0.01,-19788.0,-2362.0,-4313.0,0.0,0.0,0.0
1742672280.3072412,0.53,0.32,-0.57,-22330.0,1826.0,-10877.0,-0.04,-0.03,-0.01,-22090.0,1888.0,-19064.0,69.0,66.0,63.0
1742672280.3202448,0.53,0.32,-0.57,-24629.0,6075.0,-25630.0,-0.04,-0.03,-0.01,-24389.0,6137.0,31719.0,0.0,0.0,17.0
1742672280.3323023,0.53,0.32,-0.57,-26927.0,10324.0,25151.0,-0.04,-0.03,-0.01,-26687.0,10387.0,16963.0,0.0,0.0,1.0
1742672280.3443012,0.53,0.31,-0.57,-29223.0,14572.0,10394.0,-0.04,-0.03,-0.01,-28983.0,14635.0,2206.0,137.0,107.0,83.0
1742672280.352836,0.53,0.31,-0.57,-31517.0,18820.0,-4363.0,-0.04,-0.03,-0.01,-31277.0,18883.0,-12550.0,0.0,0.0,0.0
1742672280.364835,0.53,0.31,-0.57,31726.0,23067.0,-19121.0,-0.04,-0.03,-0.01,31966.0,23130.0,-27308.0,0.0,0.0,8.0
1742672280.377338,0.53,0.31,-0.57,29433.0,27312.0,31656.0,-0.04,-0.03,-0.01,29673.0,27376.0,23468.0,113.0,108.0,140.0
1742672280.3853467,0.53,0.31,-0.57,27141.0,31557.0,16894.0,-0.04,-0.03,-0.01,27381.0,31621.0,8706.0,11.0,0.0,0.0
1742672280.39735,0.53,0.31,-0.57,24850.0,-29735.0,2131.0,-0.04,-0.03,-0.01,25090.0,-29670.0,-6056.0,0.0,0.0,0.0
1742672280.4103355,0.53,0.31,-0.57,22561.0,-25492.0,-12633.0,-0.04,-0.03,-0.01,22801.0,-25427.0,-20820.0,61.0,0.0,12.0
1742672280.4223378,0.53,0.31,-0.57,20273.0,-21251.0,-27399.0,-0.04,-0.03,-0.01,20514.0,-21186.0,29950.0,17.0,8.0,29.0
1742672280.4343922,0.53,0.31,-0.57,17986.0,-17012.0,23370.0,-0.04,-0.03,-0.01,18227.0,-16947.0,15182.0,0.0,0.0,45.0
1742672280.4428916,0.53,0.31,-0.56,15700.0,-12775.0,8600.0,-0.04,-0.03,-0.01,15941.0,-12710.0,412.0,116.0,80.0,77.0
1742672280.4544032,0.53,0.31,-0.56,13415.0,-8539.0,-6170.0,-0.04,-0.03,-0.01,13656.0,-8473.0,-14357.0,0.0,0.0,0.0
1742672280.4633112,0.53,0.31,-0.56,11131.0,-4302.0,-20939.0,-0.04,-0.03,-0.01,11372.0,-4236.0,-29126.0,0.0,0.0,0.0
1742672280.4753106,0.53,0.31,-0.56,8848.0,-67.0,29826.0,-0.04,-0.03,-0.01,9089.0,-1.0,21638.0,111.0,127.0,123.0
1742672280.483818,0.53,0.31,-0.56,6566.0,4166.0,15052.0,-0.04,-0.03,-0.01,6808.0,4231.0,6864.0,3.0,7.0,5.0
1742672280.496313,0.53,0.31,-0.56,4286.0,8398.0,277.0,-0.04,-0.03,-0.01,4528.0,8464.0,-7910.0,0.0,0.0,0.0
1742672280.5078893,0.53,0.31,-0.56,2007.0,12630.0,-14497.0,-0.04,-0.03,-0.01,2249.0,12696.0,-22684.0,84.0,86.0,59.0
1742672280.5209143,0.53,0.31,-0.56,-268.0,16862.0,-29272.0,-0.04,-0.03,-0.01,-25.0,16928.0,28077.0,0.0,0.0,0.0
1742672280.5329676,0.53,0.31,-0.56,-2540.0,21094.0,21487.0,-0.04,-0.03,-0.01,-2297.0,21160.0,13299.0,0.0,0.0,0.0
1742672280.5414703,0.53,0.31,-0.56,-4812.0,25326.0,6709.0,-0.04,-0.03,-0.01,-4569.0,25392.0,-1478.0,96.0,93.0,127.0
1742672280.5532613,0.53,0.31,-0.56,-7082.0,29558.0,-8067.0,-0.04,-0.03,-0.01,-6838.0,29624.0,-16254.0,0.0,0.0,0.0
1742672280.5655043,0.53,0.31,-0.56,-9350.0,-31746.0,-22843.0,-0.04,-0.03,-0.01,-9106.0,-31679.0,-31030.0,0.0,0.0,0.0
1742672280.573987,0.53,0.31,-0.56,-11617.0,-27512.0,27915.0,-0.04,-0.03,-0.01,-11373.0,-27444.0,19727.0,90.0,105.0,115.0
1742672280.5859864,0.53,0.31,-0.56,-13883.0,-23278.0,13134.0,-0.04,-0.03,-0.01,-13639.0,-23210.0,4946.0,14.0,0.0,20.0
1742672280.594487,0.53,0.31,-0.56,-16148.0,-19044.0,-1645.0,-0.04,-0.03,-0.01,-15904.0,-18976.0,-9832.0,0.0,0.0,0.0
1742672280.6064878,0.53,0.31,-0.56,-18413.0,-14811.0,-16424.0,-0.04,-0.03,-0.01,-18169.0,-14743.0,-24611.0,72.0,117.0,87.0
1742672280.6232557,0.53,0.31,-0.56,-20677.0,-10578.0,-31203.0,-0.04,-0.03,-0.01,-20433.0,-10509.0,26146.0,0.0,0.0,0.0
1742672280.6312613,0.53,0.31,-0.56,-22940.0,-6344.0,19553.0,-0.04,-0.03,-0.01,-22696.0,-6275.0,11365.0,0.0,0.0,0.0
1742672280.6433322,0.53,0.31,-0.56,-25204.0,-2108.0,4773.0,-0.04,-0.03,-0.01,-24960.0,-2039.0,-3414.0,109.0,119.0,91.0
1742672280.6552625,0.53,0.31,-0.56,-27468.0,2129.0,-10005.0,-0.04,-0.03,-0.01,-27224.0,2198.0,-18192.0,0.0,0.0,0.0
1742672280.663937,0.53,0.31,-0.56,-29731.0,6366.0,-24782.0,-0.04,-0.03,-0.01,-29487.0,6435.0,32567.0,0.0,0.0,0.0
1742672280.6759875,0.53,0.31,-0.56,-31993.0,10603.0,25975.0,-0.04,-0.03,-0.01,-31749.0,10672.0,17787.0,120.0,106.0,116.0
1742672280.6844866,0.53,0.31,-0.56,31282.0,14839.0,11195.0,-0.04,-0.03,-0.01,31525.0,14908.0,3007.0,0.0,0.0,15.0
1742672280.6969728,0.53,0.31,-0.56,29018.0,19076.0,-3585.0,-0.04,-0.03,-0.01,29262.0,19145.0,-11772.0,0.0,0.0,0.0
1742672280.7129726,0.53,0.31,-0.56,26756.0,23311.0,-18364.0,-0.04,-0.03,-0.01,27000.0,23380.0,-26551.0,11.0,7.0,0.0
1742672280.721475,0.53,0.31,-0.56,24495.0,27546.0,32392.0,-0.04,-0.03,-0.01,24739.0,27616.0,24204.0,14.0,19.0,52.0
1742672280.7341053,0.53,0.31,-0.56,22235.0,31781.0,17610.0,-0.04,-0.03,-0.01,22479.0,31851.0,9422.0,0.0,0.0,22.0
1742672280.7463562,0.53,0.31,-0.56,19976.0,-29519.0,2827.0,-0.04,-0.03,-0.01,20220.0,-29448.0,-5360.0,108.0,73.0,48.0
1742672280.7543561,0.53,0.31,-0.56,17718.0,-25282.0,-11955.0,-0.04,-0.03,-0.01,17962.0,-25211.0,-20142.0,0.0,0.0,0.0
1742672280.7663722,0.53,0.31,-0.56,15461.0,-21046.0,-26738.0,-0.04,-0.03,-0.01,15705.0,-20974.0,30611.0,0.0,0.0,0.0
1742672280.7748563,0.53,0.31,-0.56,13205.0,-16810.0,24014.0,-0.04,-0.03,-0.01,13449.0,-16738.0,15826.0,133.0,157.0,90.0
1742672280.7908735,0.53,0.31,-0.56,10952.0,-12574.0,9227.0,-0.04,-0.03,-0.01,11197.0,-12502.0,1039.0,4.0,49.0,53.0
1742672280.8033586,0.53,0.31,-0.56,8701.0,-8338.0,-5559.0,-0.04,-0.03,-0.01,8946.0,-8265.0,-13746.0,2.0,0.0,15.0
1742672280.8113563,0.53,0.31,-0.56,6451.0,-4102.0,-20345.0,-0.04,-0.03,-0.01,6696.0,-4029.0,-28532.0,0.0,0.0,0.0
1742672280.8238585,0.53,0.31,-0.56,4201.0,132.0,30404.0,-0.04,-0.03,-0.01,4446.0,204.0,22216.0,0.0,53.0,25.0
1742672280.8318648,0.53,0.31,-0.56,1952.0,4365.0,15615.0,-0.04,-0.03,-0.01,2197.0,4437.0,7427.0,16.0,6.0,0.0
1742672280.844543,0.53,0.31,-0.56,-295.0,8597.0,825.0,-0.04,-0.03,-0.01,-49.0,8669.0,-7362.0,83.0,111.0,98.0
1742672280.8526833,0.53,0.31,-0.56,-2541.0,12828.0,-13963.0,-0.04,-0.03,-0.01,-2295.0,12900.0,-22150.0,0.0,0.0,6.0
1742672280.8649898,0.53,0.31,-0.56,-4786.0,17059.0,-28753.0,-0.04,-0.03,-0.01,-4540.0,17131.0,28596.0,0.0,0.0,0.0
1742672280.8769891,0.53,0.31,-0.56,-7031.0,21289.0,21992.0,-0.04,-0.03,-0.01,-6785.0,21362.0,13804.0,150.0,108.0,97.0
1742672280.8856063,0.53,0.31,-0.56,-9276.0,25519.0,7199.0,-0.04,-0.03,-0.01,-9030.0,25592.0,-988.0,2.0,0.0,0.0
1742672280.8971064,0.53,0.31,-0.56,-11521.0,29748.0,-7592.0,-0.04,-0.03,-0.01,-11275.0,29820.0,-15779.0,0.0,0.0,0.0
1742672280.9101057,0.53,0.31,-0.56,-13765.0,-31561.0,-22384.0,-0.04,-0.03,-0.01,-13518.0,-31487.0,-30571.0,32.0,3.0,21.0
1742672280.922109,0.53,0.31,-0.56,-16008.0,-27332.0,28359.0,-0.04,-0.03,-0.01,-15761.0,-27258.0,20171.0,12.0,1.0,44.0
1742672280.9341173,0.53,0.31,-0.56,-18251.0,-23104.0,13564.0,-0.04,-0.03,-0.01,-18004.0,-23029.0,5376.0,0.0,0.0,20.0
1742672280.9426174,0.53,0.31,-0.56,-20494.0,-18877.0,-1232.0,-0.04,-0.03,-0.01,-20247.0,-18802.0,-9419.0,99.0,117.0,86.0
1742672280.9546328,0.53,0.31,-0.56,-22737.0,-14652.0,-16028.0,-0.04,-0.03,-0.01,-22490.0,-14577.0,-24215.0,0.0,0.0,0.0
1742672280.963634,0.53,0.31,-0.56,-24980.0,-10428.0,-30824.0,-0.04,-0.03,-0.01,-24733.0,-10353.0,26525.0,0.0,28.0,0.0
1742672280.975622,0.53,0.31,-0.56,-27222.0,-6203.0,19915.0,-0.04,-0.03,-0.01,-26975.0,-6128.0,11727.0,122.0,144.0,98.0
1742672280.9881177,0.53,0.31,-0.56,-29463.0,-1981.0,5115.0,-0.04,-0.03,-0.01,-29216.0,-1906.0,-3072.0,0.0,0.0,2.0
1742672281.0001194,0.53,0.31,-0.56,-31703.0,2240.0,-9684.0,-0.04,-0.03,-0.01,-31456.0,2315.0,-17871.0,0.0,15.0,9.0
1742672281.0121188,0.53,0.31,-0.56,31593.0,6461.0,-24483.0,-0.04,-0.03,-0.01,31839.0,6536.0,-32670.0,26.0,16.0,0.0
1742672281.024622,0.53,0.31,-0.56,29352.0,10682.0,26254.0,-0.04,-0.03,-0.01,29598.0,10757.0,18066.0,40.0,70.0,66.0
1742672281.032688,0.53,0.31,-0.56,27111.0,14903.0,11453.0,-0.04,-0.03,-0.01,27357.0,14978.0,3265.0,1.0,0.0,23.0
1742672281.044672,0.53,0.31,-0.56,24871.0,19124.0,-3347.0,-0.04,-0.03,-0.01,25117.0,19199.0,-11534.0,70.0,111.0,71.0
1742672281.053173,0.53,0.31,-0.56,22631.0,23345.0,-18146.0,-0.04,-0.03,-0.01,22877.0,23420.0,-26333.0,0.0,0.0,0.0
1742672281.0652952,0.53,0.31,-0.56,20392.0,27566.0,32591.0,-0.04,-0.03,-0.01,20638.0,27641.0,24403.0,0.0,0.0,4.0
1742672281.0777946,0.53,0.31,-0.56,18152.0,31787.0,17790.0,-0.04,-0.03,-0.01,18398.0,31862.0,9602.0,51.0,11.0,8.0
1742672281.0902946,0.53,0.31,-0.56,15911.0,-29528.0,2989.0,-0.04,-0.03,-0.01,16157.0,-29452.0,-5198.0,87.0,75.0,95.0
1742672281.102311,0.53,0.31,-0.56,13668.0,-25306.0,-11810.0,-0.04,-0.03,-0.01,13914.0,-25229.0,-19997.0,0.0,0.0,21.0
1742672281.1143355,0.53,0.31,-0.56,11423.0,-21083.0,-26609.0,-0.04,-0.03,-0.01,11669.0,-21006.0,30740.0,0.0,0.0,0.0
1742672281.1228201,0.53,0.31,-0.56,9178.0,-16860.0,24127.0,-0.04,-0.03,-0.01,9424.0,-16783.0,15939.0,54.0,46.0,109.0
1742672281.134863,0.53,0.31,-0.56,6934.0,-12638.0,9326.0,-0.04,-0.03,-0.01,7181.0,-12561.0,1138.0,21.0,11.0,3.0
1742672281.1433473,0.53,0.31,-0.56,4692.0,-8417.0,-5475.0,-0.04,-0.03,-0.01,4939.0,-8340.0,-13662.0,63.0,43.0,29.0
1742672281.1553454,0.53,0.31,-0.56,2451.0,-4195.0,-20275.0,-0.04,-0.03,-0.01,2698.0,-4118.0,-28462.0,0.0,0.0,0.0
1742672281.1638482,0.53,0.31,-0.56,211.0,26.0,30460.0,-0.04,-0.03,-0.01,458.0,103.0,22272.0,0.0,0.0,0.0
1742672281.1758456,0.53,0.31,-0.56,-2027.0,4247.0,15657.0,-0.04,-0.03,-0.01,-1779.0,4324.0,7469.0,107.0,115.0,107.0
1742672281.1883767,0.53,0.31,-0.56,-4262.0,8468.0,853.0,-0.04,-0.03,-0.01,-4014.0,8545.0,-7334.0,0.0,0.0,0.0
1742672281.2003763,0.53,0.31,-0.56,-6496.0,12689.0,-13949.0,-0.04,-0.03,-0.01,-6248.0,12766.0,-22136.0,17.0,38.0,13.0
1742672281.2128797,0.53,0.31,-0.56,-8730.0,16909.0,-28751.0,-0.04,-0.03,-0.01,-8482.0,16986.0,28598.0,0.0,0.0,0.0
1742672281.220879,0.53,0.31,-0.56,-10964.0,21129.0,21982.0,-0.04,-0.03,-0.01,-10716.0,21207.0,13794.0,43.0,55.0,53.0
1742672281.2333848,0.53,0.31,-0.56,-13197.0,25350.0,7177.0,-0.04,-0.03,-0.01,-12949.0,25428.0,-1010.0,6.0,42.0,7.0
1742672281.2454004,0.53,0.31,-0.56,-15430.0,29571.0,-7627.0,-0.04,-0.03,-0.01,-15182.0,29649.0,-15814.0,76.0,81.0,54.0
1742672281.2538843,0.53,0.31,-0.56,-17662.0,-31745.0,-22431.0,-0.04,-0.03,-0.01,-17414.0,-31666.0,-30618.0,0.0,0.0,0.0
1742672281.265885,0.53,0.31,-0.56,-19893.0,-27524.0,28300.0,-0.04,-0.03,-0.01,-19645.0,-27445.0,20112.0,0.0,0.0,0.0
1742672281.2783844,0.53,0.31,-0.56,-22124.0,-23302.0,13493.0,-0.04,-0.03,-0.01,-21876.0,-23223.0,5305.0,27.0,40.0,0.0
1742672281.2908845,0.53,0.31,-0.56,-24354.0,-19080.0,-1313.0,-0.04,-0.03,-0.01,-24105.0,-19001.0,-9500.0,101.0,141.0,137.0
1742672281.302885,0.53,0.31,-0.56,-26583.0,-14858.0,-16118.0,-0.04,-0.03,-0.01,-26334.0,-14779.0,-24305.0,0.0,0.0,17.0
1742672281.3113837,0.53,0.31,-0.56,-28811.0,-10636.0,-30923.0,-0.04,-0.03,-0.01,-28562.0,-10557.0,26426.0,0.0,0.0,0.0
1742672281.3233864,0.53,0.31,-0.56,-31039.0,-6414.0,19806.0,-0.04,-0.03,-0.01,-30790.0,-6335.0,11618.0,72.0,93.0,106.0
1742672281.335392,0.53,0.31,-0.56,32270.0,-2193.0,4998.0,-0.04,-0.03,-0.01,32518.0,-2114.0,-3189.0,4.0,0.0,23.0
1742672281.3438916,0.53,0.31,-0.56,30041.0,2027.0,-9808.0,-0.04,-0.03,-0.01,30289.0,2106.0,-17995.0,29.0,0.0,0.0
1742672281.3557818,0.53,0.31,-0.56,27813.0,6246.0,-24615.0,-0.04,-0.03,-0.01,28061.0,6325.0,32734.0,0.0,23.0,0.0
1742672281.368666,0.53,0.31,-0.56,25585.0,10465.0,26113.0,-0.04,-0.03,-0.01,25833.0,10544.0,17925.0,40.0,11.0,14.0
1742672281.3806608,0.53,0.31,-0.56,23358.0,14684.0,11303.0,-0.04,-0.03,-0.01,23606.0,14763.0,3115.0,0.0,0.0,5.0
1742672281.392677,0.53,0.31,-0.56,21132.0,18902.0,-3506.0,-0.04,-0.03,-0.01,21380.0,18981.0,-11693.0,87.0,121.0,126.0
1742672281.401162,0.53,0.31,-0.56,18906.0,23120.0,-18314.0,-0.04,-0.03,-0.01,19155.0,23200.0,-26501.0,10.0,15.0,8.0
1742672281.4136646,0.53,0.31,-0.56,16681.0,27339.0,32414.0,-0.04,-0.03,-0.01,16930.0,27419.0,24226.0,0.0,0.0,0.0
1742672281.4256659,0.53,0.31,-0.56,14457.0,31558.0,17604.0,-0.04,-0.03,-0.01,14706.0,31637.0,9416.0,91.0,99.0,140.0
1742672281.4342027,0.53,0.31,-0.56,12233.0,-29760.0,2794.0,-0.04,-0.03,-0.01,12482.0,-29680.0,-5393.0,32.0,10.0,23.0
1742672281.4467022,0.53,0.31,-0.56,10010.0,-25540.0,-12015.0,-0.04,-0.03,-0.01,10258.0,-25459.0,-20202.0,0.0,0.0,0.0
1742672281.458703,0.53,0.31,-0.56,7786.0,-21319.0,-26824.0,-0.04,-0.03,-0.01,8034.0,-21238.0,30525.0,125.0,87.0,124.0
1742672281.4707096,0.53,0.31,-0.56,5562.0,-17099.0,23901.0,-0.04,-0.03,-0.01,5811.0,-17018.0,15713.0,0.0,0.0,0.0
1742672281.4832022,0.53,0.31,-0.56,3340.0,-12879.0,9089.0,-0.04,-0.03,-0.01,3589.0,-12798.0,901.0,0.0,0.0,0.0
1742672281.4912035,0.53,0.31,-0.56,1117.0,-8659.0,-5722.0,-0.04,-0.03,-0.01,1366.0,-8578.0,-13909.0,110.0,118.0,98.0
1742672281.503705,0.53,0.31,-0.56,-1104.0,-4440.0,-20532.0,-0.04,-0.03,-0.01,-854.0,-4359.0,-28719.0,10.0,0.0,0.0
1742672281.5117178,0.53,0.31,-0.56,-3324.0,-221.0,30193.0,-0.04,-0.03,-0.01,-3074.0,-140.0,22005.0,0.0,0.0,0.0
1742672281.5242043,0.53,0.31,-0.56,-5543.0,3998.0,15379.0,-0.04,-0.03,-0.01,-5293.0,4078.0,7191.0,113.0,67.0,136.0
1742672281.5327208,0.53,0.31,-0.56,-7762.0,8215.0,566.0,-0.04,-0.03,-0.01,-7512.0,8295.0,-7621.0,0.0,0.0,41.0
1742672281.5442305,0.53,0.31,-0.56,-9980.0,12432.0,-14245.0,-0.04,-0.03,-0.01,-9730.0,12513.0,-22432.0,28.0,10.0,4.0
1742672281.556731,0.53,0.31,-0.56,-12198.0,16649.0,-29058.0,-0.04,-0.03,-0.01,-11948.0,16730.0,28291.0,88.0,106.0,126.0
1742672281.5692148,0.53,0.31,-0.56,-14416.0,20866.0,21665.0,-0.04,-0.03,-0.01,-14166.0,20947.0,13477.0,0.0,0.0,0.0
1742672281.5817142,0.53,0.31,-0.56,-16633.0,25083.0,6850.0,-0.04,-0.03,-0.01,-16383.0,25164.0,-1337.0,0.0,0.0,6.0
1742672281.5937145,0.53,0.31,-0.56,-18851.0,29300.0,-7963.0,-0.04,-0.03,-0.01,-18601.0,29381.0,-16150.0,108.0,124.0,135.0
1742672281.6022162,0.54,0.31,-0.56,-21069.0,-32020.0,-22775.0,-0.04,-0.03,-0.01,-20819.0,-31938.0,-30962.0,15.0,6.0,0.0
1742672281.6142192,0.54,0.31,-0.56,-23287.0,-27802.0,27948.0,-0.04,-0.03,-0.01,-23037.0,-27720.0,19760.0,0.0,0.0,0.0
1742672281.6262193,0.54,0.31,-0.56,-25505.0,-23583.0,13134.0,-0.04,-0.03,-0.01,-25255.0,-23501.0,4946.0,126.0,83.0,119.0
1742672281.6387281,0.54,0.31,-0.56,-27724.0,-19363.0,-1678.0,-0.04,-0.03,-0.01,-27474.0,-19281.0,-9865.0,0.0,0.0,0.0
1742672281.647228,0.54,0.31,-0.56,-29943.0,-15141.0,-16488.0,-0.04,-0.03,-0.01,-29693.0,-15059.0,-24675.0,0.0,0.0,0.0
1742672281.6632795,0.54,0.31,-0.56,-32163.0,-10919.0,-31297.0,-0.04,-0.03,-0.01,-31913.0,-10837.0,26052.0,31.0,66.0,66.0
1742672281.6713555,0.54,0.31,-0.56,31153.0,-6697.0,19428.0,-0.04,-0.03,-0.01,31402.0,-6615.0,11240.0,0.0,0.0,0.0
1742672281.6838374,0.54,0.31,-0.56,28932.0,-2476.0,4615.0,-0.04,-0.03,-0.01,29182.0,-2394.0,-3572.0,8.0,0.0,0.0
1742672281.6923375,0.54,0.31,-0.56,26711.0,1744.0,-10196.0,-0.04,-0.03,-0.01,26961.0,1825.0,-18383.0,118.0,100.0,107.0
1742672281.7038372,0.54,0.31,-0.56,24490.0,5963.0,-25006.0,-0.04,-0.03,-0.01,24740.0,6044.0,32343.0,0.0,0.0,0.0
1742672281.7128375,0.54,0.31,-0.56,22269.0,10180.0,25717.0,-0.04,-0.03,-0.01,22519.0,10262.0,17529.0,0.0,16.0,0.0
1742672281.7288446,0.54,0.31,-0.56,20048.0,14396.0,10902.0,-0.04,-0.03,-0.01,20298.0,14478.0,2714.0,35.0,62.0,46.0
1742672281.7373457,0.54,0.31,-0.56,17827.0,18611.0,-3912.0,-0.04,-0.03,-0.01,18077.0,18693.0,-12099.0,0.0,0.0,0.0
1742672281.749345,0.54,0.31,-0.56,15606.0,22826.0,-18726.0,-0.04,-0.03,-0.01,15856.0,22908.0,-26913.0,4.0,28.0,32.0
1742672281.7613597,0.54,0.31,-0.56,13386.0,27041.0,31996.0,-0.04,-0.03,-0.01,13636.0,27123.0,23808.0,54.0,27.0,0.0
1742672281.773844,0.54,0.31,-0.56,11166.0,31256.0,17180.0,-0.04,-0.03,-0.01,11416.0,31338.0,8992.0,0.0,3.0,42.0
1742672281.7823465,0.54,0.31,-0.56,8947.0,-30066.0,2364.0,-0.04,-0.03,-0.01,9197.0,-29983.0,-5823.0,0.0,30.0,0.0
1742672281.794346,0.54,0.31,-0.56,6729.0,-25850.0,-12451.0,-0.04,-0.03,-0.01,6979.0,-25767.0,-20638.0,100.0,59.0,63.0
1742672281.8029013,0.54,0.31,-0.56,4512.0,-21634.0,-27266.0,-0.04,-0.03,-0.01,4762.0,-21551.0,30083.0,0.0,0.0,0.0
1742672281.814907,0.54,0.31,-0.56,2295.0,-17417.0,23454.0,-0.04,-0.03,-0.01,2545.0,-17334.0,15266.0,0.0,0.0,0.0
1742672281.8274078,0.54,0.31,-0.56,78.0,-13201.0,8636.0,-0.04,-0.03,-0.01,328.0,-13118.0,448.0,80.0,62.0,41.0
1742672281.8394132,0.54,0.31,-0.56,-2137.0,-8985.0,-6181.0,-0.04,-0.03,-0.01,-1886.0,-8902.0,-14368.0,0.0,0.0,0.0
1742672281.8519144,0.54,0.31,-0.56,-4351.0,-4769.0,-20997.0,-0.04,-0.03,-0.01,-4100.0,-4686.0,-29184.0,18.0,0.0,4.0
1742672281.859915,0.54,0.31,-0.56,-6566.0,-553.0,29723.0,-0.04,-0.03,-0.01,-6315.0,-470.0,21535.0,67.0,50.0,22.0
1742672281.8719137,0.54,0.31,-0.56,-8780.0,3662.0,14905.0,-0.04,-0.03,-0.01,-8528.0,3743.0,6717.0,0.0,0.0,0.0
1742672281.8804147,0.54,0.31,-0.56,-10994.0,7875.0,87.0,-0.04,-0.03,-0.01,-10742.0,7957.0,-8100.0,2.0,0.0,0.0
1742672281.8929143,0.54,0.31,-0.56,-13207.0,12089.0,-14729.0,-0.04,-0.03,-0.01,-12955.0,12171.0,-22916.0,117.0,132.0,96.0
1742672281.9049144,0.54,0.31,-0.56,-15420.0,16302.0,-29545.0,-0.04,-0.03,-0.01,-15168.0,16383.0,27804.0,0.0,13.0,0.0
1742672281.9133153,0.54,0.31,-0.56,-17634.0,20515.0,21174.0,-0.04,-0.03,-0.01,-17382.0,20597.0,12986.0,0.0,0.0,4.0
1742672281.925814,0.54,0.31,-0.56,-19846.0,24728.0,6355.0,-0.04,-0.03,-0.01,-19594.0,24810.0,-1832.0,89.0,57.0,112.0
1742672281.9378195,0.54,0.31,-0.56,-22058.0,28941.0,-8462.0,-0.04,-0.03,-0.01,-21806.0,29023.0,-16649.0,0.0,0.0,0.0
1742672281.9503202,0.54,0.31,-0.56,-24269.0,-32382.0,-23279.0,-0.04,-0.03,-0.01,-24017.0,-32299.0,-31466.0,0.0,23.0,0.0
1742672281.9623199,0.54,0.31,-0.56,-26480.0,-28167.0,27440.0,-0.04,-0.03,-0.01,-26228.0,-28084.0,19252.0,15.0,15.0,0.0
1742672281.9708202,0.54,0.31,-0.56,-28690.0,-23952.0,12620.0,-0.04,-0.03,-0.01,-28438.0,-23869.0,4432.0,0.0,8.0,23.0
1742672281.982819,0.54,0.31,-0.56,-30900.0,-19737.0,-2199.0,-0.04,-0.03,-0.01,-30648.0,-19654.0,-10386.0,24.0,15.0,19.0
1742672281.9948235,0.54,0.31,-0.56,32426.0,-15523.0,-17017.0,-0.04,-0.03,-0.01,32677.0,-15440.0,-25204.0,101.0,73.0,108.0
1742672282.0073204,0.54,0.31,-0.56,30215.0,-11309.0,-31835.0,-0.04,-0.03,-0.01,30466.0,-11225.0,25514.0,94.0,93.0,95.0
1742672282.0158238,0.54,0.31,-0.56,28004.0,-7094.0,18881.0,-0.04,-0.03,-0.01,28256.0,-7010.0,10693.0,18.0,0.0,0.0
1742672282.0322287,0.54,0.31,-0.56,25795.0,-2879.0,4060.0,-0.04,-0.03,-0.01,26047.0,-2795.0,-4127.0,0.0,0.0,0.0
1742672282.0402272,0.54,0.31,-0.56,23586.0,1335.0,-10759.0,-0.04,-0.03,-0.01,23838.0,1418.0,-18946.0,131.0,157.0,93.0
1742672282.0522892,0.54,0.31,-0.56,21376.0,5548.0,-25578.0,-0.04,-0.03,-0.01,21628.0,5630.0,31771.0,23.0,0.0,7.0
1742672282.0607905,0.54,0.31,-0.56,19166.0,9760.0,25138.0,-0.04,-0.03,-0.01,19418.0,9842.0,16950.0,0.0,0.0,0.0
1742672282.0727894,0.54,0.31,-0.56,16956.0,13973.0,10318.0,-0.04,-0.03,-0.01,17208.0,14055.0,2130.0,45.0,59.0,93.0
1742672282.0852933,0.54,0.31,-0.56,14745.0,18186.0,-4501.0,-0.04,-0.03,-0.01,14997.0,18268.0,-12688.0,37.0,22.0,12.0
1742672282.0977893,0.54,0.31,-0.56,12534.0,22399.0,-19318.0,-0.04,-0.03,-0.01,12786.0,22481.0,-27505.0,0.0,0.0,0.0
1742672282.1096976,0.54,0.31,-0.56,10322.0,26613.0,31401.0,-0.04,-0.03,-0.01,10574.0,26696.0,23213.0,107.0,117.0,106.0
1742672282.1222188,0.54,0.31,-0.56,8110.0,30828.0,16582.0,-0.04,-0.03,-0.01,8362.0,30911.0,8394.0,0.0,11.0,0.0
1742672282.130384,0.54,0.31,-0.56,5898.0,-30493.0,1763.0,-0.04,-0.03,-0.01,6150.0,-30409.0,-6424.0,0.0,0.0,0.0
1742672282.1423993,0.54,0.31,-0.56,3686.0,-26276.0,-13054.0,-0.04,-0.03,-0.01,3938.0,-26192.0,-21241.0,134.0,137.0,119.0
1742672282.1508842,0.54,0.31,-0.56,1474.0,-22059.0,-27872.0,-0.04,-0.03,-0.01,1726.0,-21975.0,29477.0,10.0,28.0,14.0
1742672282.1628828,0.54,0.31,-0.56,-737.0,-17842.0,22845.0,-0.04,-0.03,-0.01,-484.0,-17758.0,14657.0,0.0,0.0,0.0
1742672282.174883,0.54,0.31,-0.56,-2946.0,-13626.0,8025.0,-0.04,-0.03,-0.01,-2693.0,-13542.0,-162.0,92.0,98.0,92.0
1742672282.1834078,0.54,0.31,-0.56,-5155.0,-9410.0,-6793.0,-0.04,-0.03,-0.01,-4902.0,-9325.0,-14980.0,14.0,5.0,49.0
1742672282.1958835,0.54,0.31,-0.56,-7364.0,-5192.0,-21610.0,-0.04,-0.03,-0.01,-7111.0,-5107.0,-29797.0,0.0,0.0,0.0
1742672282.2081,0.54,0.31,-0.56,-9572.0,-975.0,29108.0,-0.04,-0.03,-0.01,-9319.0,-890.0,20920.0,88.0,135.0,90.0
1742672282.2201204,0.54,0.31,-0.56,-11780.0,3241.0,14288.0,-0.04,-0.03,-0.01,-11527.0,3325.0,6100.0,0.0,0.0,0.0
1742672282.2326598,0.54,0.31,-0.56,-13988.0,7456.0,-531.0,-0.04,-0.03,-0.01,-13735.0,7540.0,-8718.0,0.0,0.0,0.0
1742672282.241161,0.54,0.31,-0.56,-16196.0,11671.0,-15349.0,-0.04,-0.03,-0.01,-15943.0,11754.0,-23536.0,122.0,97.0,131.0
1742672282.2531636,0.54,0.31,-0.56,-18404.0,15885.0,-30167.0,-0.04,-0.03,-0.01,-18151.0,15968.0,27182.0,25.0,49.0,15.0
1742672282.2616625,0.54,0.31,-0.56,-20611.0,20099.0,20549.0,-0.04,-0.03,-0.01,-20358.0,20183.0,12361.0,0.0,0.0,0.0
1742672282.2736616,0.54,0.31,-0.56,-22818.0,24314.0,5728.0,-0.04,-0.03,-0.01,-22565.0,24398.0,-2459.0,64.0,81.0,125.0
1742672282.2861612,0.54,0.31,-0.56,-25025.0,28529.0,-9090.0,-0.04,-0.03,-0.01,-24772.0,28612.0,-17277.0,0.0,6.0,0.0
1742672282.2981608,0.54,0.3,-0.56,-27231.0,32743.0,-23908.0,-0.04,-0.03,-0.01,-26977.0,-32710.0,-32095.0,0.0,0.0,0.0
1742672282.310661,0.54,0.31,-0.56,-29437.0,-28577.0,26810.0,-0.04,-0.03,-0.01,-29183.0,-28493.0,18622.0,88.0,96.0,75.0
1742672282.3226821,0.54,0.3,-0.56,-31642.0,-24360.0,11990.0,-0.04,-0.03,-0.01,-31388.0,-24276.0,3802.0,0.0,0.0,0.0
1742672282.3312287,0.54,0.3,-0.56,31689.0,-20143.0,-2829.0,-0.04,-0.03,-0.01,31942.0,-20058.0,-11016.0,0.0,0.0,0.0
1742672282.3432274,0.54,0.3,-0.56,29482.0,-15924.0,-17646.0,-0.04,-0.03,-0.01,29735.0,-15839.0,-25833.0,109.0,152.0,123.0
1742672282.3517303,0.54,0.3,-0.56,27275.0,-11704.0,-32464.0,-0.04,-0.03,-0.01,27528.0,-11619.0,24885.0,13.0,0.0,0.0
1742672282.3677275,0.54,0.3,-0.56,25068.0,-7484.0,18253.0,-0.04,-0.03,-0.01,25321.0,-7399.0,10065.0,0.0,0.0,2.0
1742672282.376229,0.54,0.3,-0.56,22861.0,-3265.0,3433.0,-0.04,-0.03,-0.01,23114.0,-3180.0,-4754.0,106.0,76.0,102.0
1742672282.3880267,0.54,0.31,-0.56,20654.0,953.0,-11384.0,-0.04,-0.03,-0.01,20907.0,1037.0,-19571.0,0.0,0.0,0.0
1742672282.4005165,0.54,0.31,-0.56,18447.0,5170.0,-26201.0,-0.04,-0.03,-0.01,18700.0,5254.0,31148.0,16.0,20.0,39.0
1742672282.41264,0.54,0.3,-0.56,16240.0,9387.0,24516.0,-0.04,-0.03,-0.01,16493.0,9471.0,16328.0,59.0,44.0,54.0
1742672282.4211302,0.54,0.3,-0.56,14033.0,13603.0,9697.0,-0.04,-0.03,-0.01,14286.0,13687.0,1509.0,0.0,0.0,0.0
1742672282.4335375,0.54,0.31,-0.56,11826.0,17819.0,-5122.0,-0.04,-0.03,-0.01,12078.0,17903.0,-13309.0,0.0,0.0,0.0
1742672282.4420376,0.54,0.3,-0.56,9618.0,22035.0,-19940.0,-0.04,-0.03,-0.01,9870.0,22119.0,-28127.0,113.0,91.0,119.0
1742672282.4540374,0.54,0.3,-0.56,7410.0,26251.0,30778.0,-0.04,-0.03,-0.01,7662.0,26335.0,22590.0,0.0,0.0,0.0
1742672282.466538,0.54,0.3,-0.56,5203.0,30467.0,15958.0,-0.04,-0.03,-0.01,5455.0,30551.0,7770.0,0.0,8.0,0.0
1742672282.4780533,0.54,0.3,-0.56,2997.0,-30853.0,1137.0,-0.04,-0.03,-0.01,3249.0,-30768.0,-7050.0,98.0,86.0,77.0
1742672282.4865372,0.54,0.3,-0.56,792.0,-26635.0,-13682.0,-0.04,-0.03,-0.01,1044.0,-26550.0,-21869.0,0.0,0.0,0.0
1742672282.49904,0.54,0.3,-0.56,-1407.0,-22418.0,-28503.0,-0.04,-0.03,-0.01,-1153.0,-22333.0,28846.0,64.0,28.0,23.0
1742672282.5110383,0.54,0.3,-0.56,-3597.0,-18204.0,22206.0,-0.04,-0.03,-0.01,-3343.0,-18119.0,14018.0,71.0,29.0,81.0
1742672282.5235662,0.54,0.3,-0.56,-5773.0,-13984.0,7376.0,-0.04,-0.03,-0.01,-5518.0,-13901.0,-811.0,0.0,25.0,0.0
1742672282.5315669,0.54,0.3,-0.56,-7913.0,-9757.0,-7458.0,-0.04,-0.03,-0.01,-7655.0,-9678.0,-15645.0,25.0,72.0,26.0
1742672282.5435667,0.54,0.29,-0.56,-10006.0,-5528.0,-22305.0,-0.03,-0.03,-0.01,-9750.0,-5454.0,-30492.0,166.0,180.0,128.0
1742672282.5525687,0.53,0.29,-0.56,-12054.0,-1297.0,28372.0,-0.03,-0.03,-0.01,-11796.0,-1223.0,20184.0,9.0,22.0,25.0
1742672282.5685666,0.52,0.27,-0.56,-13958.0,2983.0,13495.0,-0.03,-0.03,-0.01,-13699.0,3047.0,5307.0,69.0,60.0,122.0
1742672282.5765684,0.51,0.26,-0.56,-15775.0,7268.0,-1399.0,-0.03,-0.03,-0.01,-15513.0,7327.0,-9585.0,145.0,147.0,105.0
1742672282.5895667,0.51,0.25,-0.56,-17513.0,11541.0,-16318.0,-0.03,-0.03,-0.0,-17251.0,11568.0,-24505.0,114.0,113.0,157.0
1742672282.6010687,0.5,0.24,-0.55,-19173.0,15742.0,-31285.0,-0.03,-0.03,-0.0,-18909.0,15765.0,26064.0,78.0,32.0,68.0
1742672282.6136155,0.5,0.23,-0.54,-20754.0,19871.0,19219.0,-0.03,-0.03,-0.0,-20493.0,19891.0,11031.0,55.0,18.0,39.0
1742672282.6216176,0.51,0.22,-0.52,-22276.0,23888.0,4106.0,-0.03,-0.03,-0.0,-22017.0,23903.0,-4081.0,47.0,46.0,98.0
1742672282.6341236,0.5,0.21,-0.51,-23726.0,27816.0,-11071.0,-0.03,-0.03,-0.0,-23470.0,27832.0,-19258.0,58.0,47.0,165.0
1742672282.6471221,0.51,0.19,-0.48,-25017.0,31534.0,-26399.0,-0.03,-0.03,-0.0,-24763.0,31554.0,30950.0,47.0,0.0,27.0
1742672282.6591222,0.51,0.18,-0.46,-26236.0,-30426.0,23718.0,-0.03,-0.03,-0.0,-25983.0,-30404.0,15530.0,208.0,230.0,213.0
1742672282.6711218,0.51,0.17,-0.44,-27382.0,-26998.0,8211.0,-0.03,-0.03,-0.0,-27130.0,-26974.0,23.0,100.0,52.0,106.0
1742672282.683122,0.51,0.16,-0.41,-28467.0,-23753.0,-7389.0,-0.03,-0.03,-0.0,-28216.0,-23732.0,-15576.0,6.0,5.0,93.0
1742672282.6916218,0.52,0.16,-0.39,-29494.0,-20689.0,-23074.0,-0.03,-0.03,-0.0,-29245.0,-20671.0,-31261.0,181.0,219.0,157.0
1742672282.703786,0.52,0.15,-0.36,-30452.0,-17798.0,26699.0,-0.03,-0.03,-0.0,-30208.0,-17776.0,18510.0,122.0,20.0,74.0
1742672282.7157967,0.52,0.13,-0.31,-31288.0,-15333.0,10765.0,-0.03,-0.03,-0.0,-31046.0,-15302.0,2577.0,0.0,0.0,0.0
1742672282.7282982,0.52,0.12,-0.28,-32043.0,-13077.0,-5243.0,-0.04,-0.03,-0.01,-31806.0,-13031.0,-13431.0,122.0,132.0,106.0
1742672282.7406814,0.52,0.11,-0.25,-32717.0,-11019.0,-21319.0,-0.04,-0.03,-0.01,-32483.0,-10937.0,-29507.0,120.0,144.0,168.0
1742672282.7486796,0.52,0.1,-0.22,32222.0,-9141.0,28080.0,-0.05,-0.03,-0.01,32459.0,-9048.0,19892.0,57.0,0.0,27.0
1742672282.76118,0.52,0.09,-0.19,31701.0,-7470.0,11889.0,-0.05,-0.03,-0.01,31940.0,-7374.0,3701.0,102.0,66.0,90.0
1742672282.7731893,0.52,0.09,-0.16,31236.0,-6043.0,-4351.0,-0.05,-0.03,-0.01,31479.0,-5949.0,-12538.0,0.0,0.0,22.0
1742672282.7816796,0.52,0.08,-0.13,30829.0,-4869.0,-20631.0,-0.05,-0.03,-0.01,31073.0,-4776.0,-28818.0,0.0,5.0,23.0
1742672282.793681,0.52,0.07,-0.1,30520.0,-3937.0,28588.0,-0.05,-0.03,-0.01,30767.0,-3844.0,20400.0,122.0,138.0,138.0
1742672282.8061197,0.52,0.04,-0.05,30449.0,-3457.0,12223.0,-0.05,-0.03,-0.01,30699.0,-3364.0,4035.0,38.0,150.0,106.0
1742672282.818121,0.51,0.02,-0.02,30503.0,-3174.0,-4151.0,-0.05,-0.03,-0.01,30755.0,-3078.0,-12338.0,57.0,97.0,34.0
1742672282.8306768,0.51,0.01,-0.0,30672.0,-3077.0,-20529.0,-0.04,-0.03,-0.01,30923.0,-2963.0,-28715.0,0.0,11.0,0.0
1742672282.842676,0.5,-0.01,0.02,30977.0,-3144.0,28632.0,-0.04,-0.03,-0.01,31227.0,-3023.0,20445.0,117.0,155.0,139.0
1742672282.8511767,0.49,-0.02,0.04,31426.0,-3371.0,12263.0,-0.04,-0.03,-0.02,31675.0,-3244.0,4076.0,53.0,28.0,31.0
1742672282.8631923,0.48,-0.04,0.06,32024.0,-3774.0,-4091.0,-0.04,-0.03,-0.02,32272.0,-3641.0,-12277.0,72.0,0.0,0.0
1742672282.8719006,0.47,-0.06,0.09,-32761.0,-4350.0,-20421.0,-0.04,-0.03,-0.02,-32514.0,-4209.0,-28608.0,36.0,126.0,109.0
1742672282.8839004,0.45,-0.1,0.13,-31713.0,-5272.0,28846.0,-0.04,-0.03,-0.02,-31466.0,-5120.0,20659.0,91.0,14.0,54.0
1742672282.8959162,0.44,-0.12,0.15,-30522.0,-6353.0,12615.0,-0.04,-0.03,-0.02,-30277.0,-6191.0,4428.0,0.0,51.0,0.0
1742672282.9084797,0.43,-0.13,0.17,-29201.0,-7600.0,-3569.0,-0.04,-0.03,-0.02,-28956.0,-7428.0,-11755.0,115.0,172.0,106.0
1742672282.9204805,0.43,-0.15,0.2,-27742.0,-9019.0,-19698.0,-0.04,-0.03,-0.02,-27498.0,-8825.0,-27883.0,37.0,9.0,0.0
1742672282.9284806,0.42,-0.16,0.22,-26155.0,-10594.0,29769.0,-0.04,-0.03,-0.02,-25913.0,-10391.0,21583.0,0.0,0.0,0.0
1742672282.9409852,0.41,-0.18,0.24,-24433.0,-12341.0,13766.0,-0.03,-0.03,-0.03,-24192.0,-12132.0,5580.0,174.0,134.0,139.0
1742672282.9534864,0.41,-0.2,0.27,-22582.0,-14277.0,-2159.0,-0.03,-0.03,-0.03,-22342.0,-14063.0,-10344.0,0.0,22.0,38.0
1742672282.9619863,0.4,-0.21,0.3,-20602.0,-16395.0,-18001.0,-0.03,-0.03,-0.03,-20361.0,-16174.0,-26185.0,31.0,46.0,0.0
1742672282.978186,0.4,-0.25,0.35,-18362.0,-18880.0,31883.0,-0.03,-0.03,-0.03,-18123.0,-18649.0,23698.0,133.0,113.0,187.0
1742672282.9901838,0.39,-0.26,0.37,-16001.0,-21529.0,16328.0,-0.03,-0.03,-0.03,-15764.0,-21277.0,8144.0,114.0,112.0,136.0
1742672283.002684,0.39,-0.28,0.4,-13530.0,-24337.0,881.0,-0.03,-0.03,-0.03,-13293.0,-24072.0,-7302.0,85.0,160.0,26.0
1742672283.0106843,0.38,-0.29,0.43,-10947.0,-27310.0,-14451.0,-0.03,-0.03,-0.03,-10713.0,-27034.0,-22634.0,110.0,203.0,47.0
1742672283.023186,0.38,-0.31,0.45,-8249.0,-30435.0,-29667.0,-0.02,-0.03,-0.04,-8017.0,-30146.0,27687.0,0.0,21.0,60.0
1742672283.0312388,0.38,-0.32,0.48,-5430.0,31813.0,20786.0,-0.02,-0.03,-0.04,-5201.0,32111.0,12603.0,111.0,0.0,27.0
1742672283.0437393,0.37,-0.35,0.53,-2379.0,28224.0,5967.0,-0.02,-0.03,-0.04,-2152.0,28533.0,-2215.0,91.0,65.0,14.0
1742672283.0557396,0.37,-0.37,0.56,788.0,24495.0,-8707.0,-0.02,-0.03,-0.04,1012.0,24817.0,-16888.0,84.0,53.0,70.0
1742672283.0682395,0.37,-0.38,0.58,4063.0,20635.0,-23236.0,-0.01,-0.03,-0.04,4285.0,20967.0,-31417.0,49.0,65.0,14.0
1742672283.0800927,0.37,-0.4,0.61,7446.0,16633.0,27929.0,-0.01,-0.03,-0.04,7661.0,16985.0,19748.0,120.0,71.0,0.0
1742672283.092511,0.37,-0.41,0.64,10920.0,12505.0,13713.0,-0.01,-0.03,-0.04,11132.0,12870.0,5532.0,191.0,232.0,143.0
1742672283.1010082,0.37,-0.42,0.67,14490.0,8245.0,-335.0,-0.01,-0.03,-0.05,14698.0,8624.0,-8515.0,94.0,41.0,48.0
1742672283.1135123,0.37,-0.44,0.7,18157.0,3862.0,-14212.0,-0.0,-0.02,-0.05,18358.0,4244.0,-22392.0,64.0,78.0,16.0
1742672283.1215115,0.37,-0.45,0.72,21904.0,-650.0,-27919.0,-0.0,-0.02,-0.05,22098.0,-268.0,29437.0,78.0,68.0,63.0
1742672283.1340935,0.36,-0.46,0.79,25749.0,-5487.0,24287.0,-0.0,-0.02,-0.05,25943.0,-5107.0,16106.0,177.0,27.0,28.0
1742672283.1460938,0.35,-0.47,0.83,29620.0,-10487.0,11143.0,-0.0,-0.02,-0.05,29814.0,-10110.0,2962.0,26.0,23.0,27.0
1742672283.158093,0.35,-0.47,0.86,-32020.0,-15635.0,-1818.0,-0.0,-0.02,-0.05,-31830.0,-15261.0,-9998.0,125.0,85.0,150.0
1742672283.1705928,0.35,-0.48,0.88,-28077.0,-20891.0,-14614.0,-0.0,-0.02,-0.04,-27890.0,-20524.0,-22794.0,82.0,48.0,0.0
1742672283.1827219,0.35,-0.48,0.91,-24097.0,-26249.0,-27257.0,-0.0,-0.02,-0.04,-23914.0,-25888.0,30097.0,0.0,0.0,0.0
1742672283.1912205,0.36,-0.49,0.93,-20093.0,-31698.0,25768.0,-0.0,-0.02,-0.04,-19913.0,-31341.0,17585.0,127.0,160.0,130.0
1742672283.2032232,0.35,-0.49,0.95,-16072.0,28323.0,13359.0,-0.0,-0.02,-0.04,-15893.0,28678.0,5176.0,28.0,0.0,7.0
1742672283.2157598,0.35,-0.49,0.98,-12024.0,22700.0,1125.0,-0.0,-0.02,-0.04,-11847.0,23053.0,-7057.0,0.0,0.0,13.0
1742672283.227776,0.35,-0.49,0.99,-7965.0,17041.0,-11043.0,-0.0,-0.02,-0.04,-7788.0,17390.0,-19225.0,121.0,156.0,140.0
1742672283.2362893,0.35,-0.49,0.99,-3900.0,11353.0,-23168.0,-0.0,-0.02,-0.04,-3723.0,11698.0,-31350.0,9.0,0.0,17.0
1742672283.2482858,0.35,-0.5,1.0,169.0,5644.0,30275.0,-0.0,-0.02,-0.04,342.0,5986.0,22092.0,34.0,12.0,0.0
1742672283.2607858,0.35,-0.5,1.0,4238.0,-85.0,18212.0,-0.0,-0.02,-0.04,4410.0,255.0,10029.0,153.0,116.0,139.0
1742672283.2687886,0.35,-0.5,1.01,8309.0,-5833.0,6179.0,-0.0,-0.02,-0.04,8479.0,-5495.0,-2003.0,0.0,0.0,0.0
1742672283.2812862,0.35,-0.5,1.01,12379.0,-11596.0,-5830.0,-0.0,-0.02,-0.04,12548.0,-11260.0,-14012.0,0.0,0.0,0.0
1742672283.2929804,0.34,-0.5,1.01,16446.0,-17373.0,-17821.0,-0.0,-0.02,-0.04,16613.0,-17040.0,-26003.0,106.0,102.0,95.0
1742672283.3054643,0.34,-0.5,1.02,20519.0,-23166.0,-29784.0,-0.0,-0.02,-0.04,20685.0,-22838.0,27570.0,0.0,0.0,0.0
1742672283.314278,0.34,-0.5,1.02,24598.0,-28965.0,23797.0,-0.0,-0.02,-0.04,24763.0,-28640.0,15614.0,0.0,4.0,0.0
1742672283.3261847,0.34,-0.5,1.02,28685.0,30773.0,11843.0,-0.0,-0.02,-0.04,28849.0,31093.0,3658.0,109.0,75.0,101.0
1742672283.338141,0.34,-0.5,1.02,-32763.0,24970.0,-112.0,-0.0,-0.02,-0.04,-32600.0,25287.0,-8296.0,12.0,0.0,0.0
1742672283.350603,0.34,-0.5,1.02,-28676.0,19166.0,-12068.0,-0.0,-0.02,-0.04,-28516.0,19481.0,-20252.0,3.0,39.0,14.0
1742672283.3591032,0.34,-0.5,1.02,-24592.0,13361.0,-24028.0,-0.0,-0.02,-0.04,-24433.0,13675.0,-32212.0,64.0,117.0,83.0
1742672283.371603,0.33,-0.5,1.02,-20517.0,7553.0,29544.0,-0.0,-0.02,-0.04,-20361.0,7864.0,21359.0,0.0,0.0,0.0
1742672283.383103,0.33,-0.5,1.01,-16455.0,1749.0,17555.0,-0.0,-0.02,-0.04,-16300.0,2058.0,9370.0,12.0,0.0,18.0
1742672283.3956063,0.32,-0.49,1.0,-12421.0,-4029.0,5498.0,-0.0,-0.02,-0.04,-12269.0,-3721.0,-2686.0,52.0,46.0,39.0
1742672283.4041035,0.32,-0.49,1.0,-8397.0,-9782.0,-6607.0,-0.0,-0.02,-0.04,-8246.0,-9477.0,-14791.0,0.0,12.0,36.0
1742672283.4161525,0.32,-0.49,0.99,-4379.0,-15508.0,-18763.0,-0.0,-0.02,-0.04,-4229.0,-15207.0,-26947.0,28.0,49.0,41.0
1742672283.42844,0.31,-0.49,0.98,-364.0,-21198.0,-30979.0,-0.0,-0.02,-0.04,-215.0,-20901.0,26373.0,122.0,109.0,88.0
1742672283.4409442,0.31,-0.49,0.97,3648.0,-26851.0,22277.0,-0.0,-0.02,-0.04,3794.0,-26562.0,14092.0,36.0,68.0,50.0
1742672283.4489439,0.31,-0.49,0.96,7651.0,-32469.0,9931.0,-0.0,-0.02,-0.04,7795.0,-32181.0,1746.0,10.0,0.0,5.0
1742672283.461445,0.31,-0.49,0.95,11639.0,27491.0,-2488.0,-0.0,-0.02,-0.04,11782.0,27779.0,-10672.0,73.0,65.0,41.0
1742672283.4699452,0.3,-0.49,0.94,15609.0,21949.0,-14967.0,-0.0,-0.02,-0.04,15752.0,22239.0,-23151.0,0.0,1.0,0.0
1742672283.4859483,0.3,-0.48,0.92,19547.0,16463.0,-27547.0,-0.0,-0.02,-0.04,19690.0,16751.0,29805.0,32.0,48.0,48.0
1742672283.494444,0.3,-0.48,0.91,23467.0,11001.0,25358.0,-0.0,-0.02,-0.04,23609.0,11288.0,17173.0,0.0,0.0,0.0
1742672283.5064447,0.3,-0.48,0.9,27371.0,5574.0,12668.0,-0.0,-0.02,-0.03,27510.0,5858.0,4483.0,20.0,0.0,57.0
1742672283.514944,0.3,-0.48,0.89,31271.0,186.0,-75.0,-0.0,-0.02,-0.03,31408.0,470.0,-8259.0,0.0,2.0,0.0
1742672283.5309505,0.3,-0.48,0.88,-30367.0,-5156.0,-12873.0,-0.0,-0.02,-0.03,-30228.0,-4873.0,-21057.0,0.0,0.0,0.0
1742672283.5392253,0.29,-0.47,0.87,-26489.0,-10466.0,-25729.0,-0.0,-0.02,-0.03,-26353.0,-10187.0,31621.0,47.0,43.0,69.0
1742672283.5512412,0.29,-0.47,0.87,-22638.0,-15748.0,26891.0,-0.0,-0.02,-0.03,-22504.0,-15471.0,18704.0,26.0,1.0,30.0
1742672283.5602255,0.29,-0.47,0.86,-18808.0,-20994.0,13915.0,-0.0,-0.02,-0.03,-18673.0,-20719.0,5728.0,71.0,48.0,34.0
1742672283.5717359,0.28,-0.47,0.85,-14999.0,-26214.0,891.0,-0.0,-0.02,-0.03,-14865.0,-25940.0,-7295.0,0.0,0.0,0.0
1742672283.5842245,0.28,-0.46,0.83,-11215.0,-31368.0,-12224.0,-0.0,-0.02,-0.03,-11081.0,-31097.0,-20410.0,0.0,0.0,8.0
1742672283.5962255,0.28,-0.46,0.83,-7442.0,29042.0,-25382.0,-0.0,-0.02,-0.03,-7309.0,29310.0,31968.0,0.0,0.0,0.0
1742672283.6047235,0.28,-0.46,0.82,-3681.0,23941.0,26955.0,-0.0,-0.02,-0.03,-3550.0,24207.0,18768.0,11.0,29.0,47.0
1742672283.6171649,0.27,-0.46,0.81,63.0,18860.0,13722.0,-0.0,-0.02,-0.03,191.0,19124.0,5535.0,0.0,22.0,0.0
1742672283.6296647,0.27,-0.45,0.81,3784.0,13795.0,457.0,-0.0,-0.02,-0.03,3909.0,14057.0,-7729.0,0.0,0.0,0.0
1742672283.6415703,0.27,-0.45,0.8,7484.0,8749.0,-12842.0,-0.0,-0.02,-0.03,7609.0,9011.0,-21028.0,41.0,48.0,68.0
1742672283.649582,0.27,-0.45,0.8,11165.0,3728.0,-26180.0,-0.0,-0.02,-0.03,11288.0,3987.0,31170.0,0.0,10.0,20.0
1742672283.6620533,0.26,-0.45,0.79,14827.0,-1268.0,25978.0,-0.0,-0.01,-0.03,14949.0,-1011.0,17791.0,72.0,48.0,53.0
1742672283.67007,0.26,-0.44,0.78,18469.0,-6238.0,12558.0,-0.0,-0.01,-0.03,18589.0,-5983.0,4371.0,0.0,0.0,0.0
1742672283.6826384,0.26,-0.44,0.77,22071.0,-11143.0,-951.0,-0.0,-0.01,-0.03,22190.0,-10890.0,-9137.0,36.0,0.0,16.0
1742672283.6951396,0.25,-0.44,0.76,25657.0,-16016.0,-14503.0,-0.0,-0.01,-0.03,25775.0,-15765.0,-22689.0,38.0,0.0,3.0
1742672283.7067595,0.25,-0.44,0.76,29228.0,-20856.0,-28097.0,-0.0,-0.01,-0.03,29346.0,-20607.0,29253.0,0.0,26.0,39.0
1742672283.7156408,0.25,-0.43,0.75,-32753.0,-25666.0,23805.0,-0.0,-0.01,-0.03,-32635.0,-25419.0,15618.0,45.0,35.0,46.0
1742672283.7277374,0.25,-0.43,0.74,-29215.0,-30447.0,10129.0,-0.0,-0.01,-0.03,-29099.0,-30202.0,1942.0,0.0,0.0,0.0
1742672283.7402425,0.25,-0.43,0.74,-25697.0,30334.0,-3583.0,-0.0,-0.01,-0.03,-25582.0,30578.0,-11769.0,47.0,71.0,75.0
1742672283.7522438,0.24,-0.43,0.73,-22201.0,25602.0,-17329.0,-0.0,-0.01,-0.03,-22087.0,25845.0,-25515.0,0.0,0.0,6.0
1742672283.7602572,0.24,-0.42,0.72,-18729.0,20892.0,-31108.0,-0.0,-0.01,-0.03,-18616.0,21134.0,26242.0,55.0,60.0,23.0
1742672283.7767422,0.24,-0.42,0.71,-15309.0,16228.0,20575.0,-0.0,-0.01,-0.03,-15197.0,16468.0,12388.0,104.0,96.0,101.0
1742672283.7852128,0.24,-0.41,0.71,-11913.0,11589.0,6685.0,-0.0,-0.01,-0.03,-11802.0,11828.0,-1501.0,10.0,11.0,14.0
1742672283.7972124,0.23,-0.41,0.7,-8536.0,6978.0,-7238.0,-0.0,-0.01,-0.03,-8426.0,7215.0,-15424.0,0.0,0.0,0.0
1742672283.805212,0.23,-0.41,0.7,-5176.0,2397.0,-21198.0,-0.0,-0.01,-0.03,-5067.0,2631.0,-29384.0,36.0,35.0,48.0
1742672283.8179119,0.23,-0.41,0.69,-1832.0,-2152.0,30342.0,-0.0,-0.01,-0.03,-1725.0,-1922.0,22153.0,14.0,26.0,0.0
1742672283.8296735,0.23,-0.4,0.68,1493.0,-6670.0,16306.0,-0.0,-0.01,-0.03,1598.0,-6441.0,8117.0,0.0,0.0,0.0
1742672283.8421855,0.22,-0.4,0.68,4802.0,-11158.0,2237.0,-0.0,-0.01,-0.03,4906.0,-10930.0,-5951.0,73.0,101.0,103.0
1742672283.8502014,0.22,-0.4,0.67,8095.0,-15618.0,-11862.0,-0.0,-0.01,-0.03,8198.0,-15392.0,-20050.0,28.0,1.0,0.0
1742672283.8626854,0.22,-0.4,0.67,11372.0,-20051.0,-25991.0,-0.0,-0.01,-0.03,11474.0,-19826.0,31357.0,28.0,6.0,0.0
1742672283.8753405,0.22,-0.39,0.65,14612.0,-24431.0,25353.0,-0.0,-0.01,-0.03,14713.0,-24207.0,17164.0,122.0,151.0,114.0
1742672283.8873408,0.22,-0.39,0.65,17830.0,-28788.0,11132.0,-0.0,-0.01,-0.03,17930.0,-28565.0,2943.0,0.0,0.0,0.0
1742672283.8954573,0.22,-0.39,0.64,21026.0,32414.0,-3118.0,-0.0,-0.01,-0.03,21125.0,32635.0,-11306.0,0.0,0.0,0.0
1742672283.9079564,0.21,-0.38,0.64,24200.0,28105.0,-17399.0,-0.0,-0.01,-0.03,24297.0,28323.0,-25587.0,126.0,135.0,142.0
1742672283.919749,0.21,-0.38,0.63,27350.0,23823.0,-31713.0,-0.0,-0.01,-0.03,27446.0,24040.0,25635.0,0.0,0.0,0.0
1742672283.9322786,0.21,-0.38,0.63,30476.0,19571.0,19474.0,-0.0,-0.01,-0.03,30571.0,19786.0,11285.0,0.0,0.0,0.0
1742672283.9407754,0.21,-0.38,0.62,-31956.0,15349.0,5091.0,-0.0,-0.01,-0.03,-31861.0,15562.0,-3097.0,114.0,121.0,124.0
1742672283.9527743,0.2,-0.37,0.61,-28890.0,11188.0,-9354.0,-0.0,-0.01,-0.03,-28795.0,11400.0,-17542.0,0.0,0.0,0.0
1742672283.9652767,0.2,-0.37,0.6,-25840.0,7058.0,-23828.0,-0.0,-0.01,-0.03,-25746.0,7269.0,-32016.0,0.0,0.0,0.0
1742672283.9772751,0.2,-0.37,0.6,-22807.0,2957.0,27206.0,-0.0,-0.01,-0.03,-22713.0,3167.0,19017.0,82.0,120.0,95.0
1742672283.9899783,0.2,-0.36,0.59,-19789.0,-1117.0,12676.0,-0.0,-0.01,-0.03,-19697.0,-909.0,4487.0,0.0,0.0,4.0
1742672283.9979784,0.2,-0.36,0.59,-16789.0,-5167.0,-1878.0,-0.0,-0.01,-0.03,-16699.0,-4960.0,-10066.0,0.0,0.0,0.0
1742672284.0104787,0.2,-0.36,0.59,-13809.0,-9194.0,-16454.0,-0.0,-0.01,-0.03,-13720.0,-8989.0,-24642.0,96.0,108.0,97.0
1742672284.0224795,0.2,-0.36,0.58,-10849.0,-13200.0,-31054.0,-0.0,-0.01,-0.02,-10761.0,-12996.0,26294.0,0.0,0.0,0.0
1742672284.0308187,0.19,-0.36,0.58,-7908.0,-17182.0,19856.0,-0.0,-0.01,-0.02,-7821.0,-16979.0,11667.0,0.0,0.0,0.0
1742672284.0433059,0.19,-0.35,0.57,-5004.0,-21110.0,5178.0,-0.0,-0.01,-0.02,-4917.0,-20909.0,-3010.0,113.0,77.0,81.0
1742672284.0553062,0.19,-0.35,0.56,-2119.0,-25009.0,-9525.0,-0.0,-0.01,-0.02,-2033.0,-24809.0,-17713.0,0.0,0.0,0.0
1742672284.0638056,0.19,-0.35,0.56,745.0,-28878.0,-24256.0,-0.0,-0.01,-0.02,829.0,-28680.0,-32444.0,0.0,0.0,0.0
1742672284.0763066,0.19,-0.34,0.55,3589.0,-32716.0,26521.0,-0.0,-0.01,-0.02,3672.0,-32519.0,18332.0,127.0,64.0,46.0
1742672284.0888126,0.19,-0.34,0.55,6412.0,29011.0,11733.0,-0.0,-0.01,-0.02,6494.0,29205.0,3544.0,0.0,0.0,0.0
1742672284.100306,0.18,-0.34,0.54,9216.0,25227.0,-3079.0,-0.0,-0.01,-0.02,9297.0,25420.0,-11267.0,0.0,0.0,7.0
1742672284.108806,0.18,-0.34,0.54,12000.0,21470.0,-17915.0,-0.0,-0.01,-0.02,12081.0,21662.0,-26103.0,144.0,148.0,83.0
1742672284.1208103,0.18,-0.33,0.53,14764.0,17739.0,32762.0,-0.0,-0.01,-0.02,14844.0,17931.0,24573.0,0.0,0.0,0.0
1742672284.1293104,0.18,-0.33,0.53,17508.0,14033.0,17878.0,-0.0,-0.01,-0.02,17587.0,14224.0,9689.0,0.0,0.0,9.0
1742672284.1455307,0.18,-0.33,0.52,20215.0,10375.0,2952.0,-0.0,-0.01,-0.02,20293.0,10564.0,-5236.0,78.0,70.0,60.0
1742672284.1537998,0.18,-0.32,0.52,22903.0,6739.0,-11993.0,-0.0,-0.01,-0.02,22980.0,6927.0,-20181.0,0.0,0.0,0.0
1742672284.1657996,0.18,-0.32,0.51,25572.0,3128.0,-26959.0,-0.0,-0.01,-0.02,25648.0,3315.0,30389.0,0.0,0.0,28.0
1742672284.1778145,0.17,-0.32,0.51,28225.0,-456.0,23589.0,-0.0,-0.01,-0.02,28301.0,-270.0,15400.0,120.0,131.0,125.0
1742672284.1902986,0.17,-0.32,0.5,30863.0,-4012.0,8579.0,-0.0,-0.01,-0.02,30937.0,-3829.0,390.0,0.0,0.0,0.0
1742672284.1987982,0.17,-0.32,0.5,-32053.0,-7541.0,-6453.0,-0.0,-0.01,-0.02,-31979.0,-7359.0,-14641.0,0.0,0.0,0.0
1742672284.2107983,0.17,-0.31,0.49,-29449.0,-11042.0,-21506.0,-0.0,-0.01,-0.02,-29376.0,-10861.0,-29694.0,123.0,74.0,86.0
1742672284.2193017,0.17,-0.31,0.49,-26862.0,-14516.0,28956.0,-0.0,-0.01,-0.02,-26790.0,-14336.0,20767.0,0.0,0.0,0.0
1742672284.235327,0.17,-0.31,0.48,-24313.0,-17937.0,13839.0,-0.0,-0.01,-0.02,-24241.0,-17758.0,5650.0,25.0,6.0,15.0
1742672284.2438285,0.17,-0.3,0.48,-21783.0,-21334.0,-1297.0,-0.0,-0.01,-0.02,-21712.0,-21156.0,-9485.0,64.0,46.0,56.0
1742672284.2558284,0.17,-0.3,0.47,-19272.0,-24708.0,-16451.0,-0.0,-0.01,-0.02,-19202.0,-24530.0,-24639.0,0.0,0.0,0.0
1742672284.2683282,0.17,-0.3,0.47,-16781.0,-28058.0,-31623.0,-0.0,-0.01,-0.02,-16712.0,-27882.0,25725.0,0.0,0.0,57.0
1742672284.280401,0.16,-0.3,0.46,-14308.0,-31387.0,18722.0,-0.0,-0.01,-0.02,-14239.0,-31212.0,10533.0,0.0,0.0,0.0
1742672284.2889004,0.16,-0.3,0.46,-11851.0,30844.0,3512.0,-0.0,-0.01,-0.02,-11783.0,31016.0,-4676.0,20.0,56.0,50.0
1742672284.3008995,0.16,-0.29,0.46,-9409.0,27560.0,-11713.0,-0.0,-0.01,-0.02,-9342.0,27731.0,-19901.0,0.0,14.0,1.0
1742672284.3133996,0.16,-0.29,0.45,-6995.0,24329.0,-26973.0,-0.0,-0.01,-0.02,-6929.0,24499.0,30375.0,0.0,0.0,0.0
1742672284.3259156,0.16,-0.29,0.44,-4597.0,21124.0,23285.0,-0.0,-0.01,-0.02,-4531.0,21293.0,15096.0,67.0,120.0,109.0
1742672284.3339083,0.16,-0.29,0.44,-2213.0,17945.0,7988.0,-0.0,-0.01,-0.02,-2148.0,18112.0,-202.0,3.0,26.0,1.0
1742672284.345829,0.16,-0.28,0.44,153.0,14790.0,-7326.0,-0.0,-0.01,-0.02,216.0,14956.0,-15516.0,38.0,13.0,0.0
1742672284.3542278,0.16,-0.28,0.43,2500.0,11658.0,-22658.0,-0.0,-0.01,-0.02,2563.0,11824.0,-30848.0,0.0,0.0,0.0
1742672284.36666,0.16,-0.28,0.43,4830.0,8551.0,27530.0,-0.0,-0.01,-0.02,4891.0,8716.0,19339.0,54.0,13.0,51.0
1742672284.3786354,0.16,-0.28,0.43,7140.0,5466.0,12163.0,-0.0,-0.01,-0.02,7201.0,5630.0,3972.0,0.0,0.0,0.0
1742672284.3911345,0.15,-0.28,0.42,9431.0,2403.0,-3219.0,-0.0,-0.01,-0.02,9491.0,2566.0,-11409.0,22.0,23.0,60.0
1742672284.3996146,0.15,-0.27,0.42,11704.0,-637.0,-18615.0,-0.0,-0.01,-0.02,11764.0,-474.0,-26805.0,2.0,13.0,0.0
1742672284.4116144,0.15,-0.27,0.41,13959.0,-3654.0,31509.0,-0.0,-0.01,-0.02,14018.0,-3492.0,23318.0,105.0,95.0,47.0
1742672284.424074,0.15,-0.27,0.41,16180.0,-6623.0,16064.0,-0.0,-0.01,-0.02,16239.0,-6462.0,7873.0,89.0,33.0,73.0
1742672284.436283,0.15,-0.27,0.4,18386.0,-9568.0,604.0,-0.0,-0.01,-0.02,18444.0,-9409.0,-7586.0,16.0,4.0,16.0
1742672284.4440172,0.15,-0.26,0.4,20578.0,-12489.0,-14869.0,-0.0,-0.01,-0.02,20635.0,-12331.0,-23059.0,61.0,34.0,0.0
1742672284.4563057,0.15,-0.26,0.4,22755.0,-15386.0,-30357.0,-0.0,-0.01,-0.02,22812.0,-15229.0,26989.0,22.0,38.0,29.0
1742672284.468786,0.15,-0.26,0.39,24918.0,-18261.0,19676.0,-0.0,-0.01,-0.02,24973.0,-18105.0,11485.0,18.0,0.0,15.0
1742672284.481286,0.15,-0.26,0.39,27065.0,-21113.0,4158.0,-0.0,-0.01,-0.02,27119.0,-20958.0,-4032.0,0.0,0.0,0.0
1742672284.4900572,0.15,-0.26,0.39,29196.0,-23943.0,-11371.0,-0.0,-0.01,-0.02,29250.0,-23789.0,-19561.0,33.0,64.0,73.0
1742672284.5022569,0.14,-0.25,0.38,31294.0,-26730.0,-26927.0,-0.0,-0.01,-0.02,31347.0,-26576.0,30419.0,2.0,0.0,4.0
1742672284.514255,0.14,-0.25,0.38,-32162.0,-29496.0,23039.0,-0.0,-0.01,-0.02,-32108.0,-29343.0,14848.0,0.0,0.0,0.0
1742672284.5262578,0.14,-0.25,0.37,-30097.0,-32241.0,7454.0,-0.0,-0.01,-0.02,-30044.0,-32089.0,-736.0,125.0,81.0,82.0
1742672284.5347624,0.14,-0.25,0.37,-28049.0,30573.0,-8142.0,-0.0,-0.01,-0.02,-27996.0,30723.0,-16332.0,21.0,9.0,0.0
1742672284.5472624,0.14,-0.24,0.37,-26017.0,27871.0,-23751.0,-0.0,-0.01,-0.02,-25965.0,28019.0,-31941.0,0.0,0.0,0.0
1742672284.559263,0.14,-0.24,0.36,-24001.0,25190.0,26163.0,-0.0,-0.01,-0.02,-23950.0,25337.0,17972.0,109.0,106.0,109.0
1742672284.571264,0.14,-0.24,0.36,-21999.0,22533.0,10526.0,-0.0,-0.01,-0.02,-21948.0,22679.0,2335.0,0.0,2.0,14.0
1742672284.5799203,0.14,-0.24,0.36,-20010.0,19897.0,-5122.0,-0.0,-0.01,-0.02,-19960.0,20042.0,-13312.0,0.0,0.0,0.0
1742672284.5958958,0.14,-0.24,0.35,-18047.0,17304.0,-20791.0,-0.0,-0.01,-0.02,-17997.0,17448.0,-28981.0,136.0,86.0,106.0
1742672284.6043916,0.14,-0.23,0.35,-16097.0,14731.0,29064.0,-0.0,-0.01,-0.02,-16048.0,14875.0,20873.0,0.0,0.0,0.0
1742672284.6163948,0.14,-0.23,0.34,-14159.0,12179.0,13371.0,-0.0,-0.01,-0.02,-14110.0,12322.0,5180.0,0.0,0.0,0.0
1742672284.6248953,0.14,-0.23,0.34,-12233.0,9645.0,-2330.0,-0.0,-0.01,-0.02,-12185.0,9787.0,-10520.0,145.0,104.0,117.0
1742672284.63698,0.14,-0.23,0.34,-10321.0,7130.0,-18040.0,-0.0,-0.01,-0.02,-10274.0,7271.0,-26230.0,0.0,0.0,0.0
1742672284.6492555,0.14,-0.23,0.34,-8423.0,4635.0,31774.0,-0.0,-0.01,-0.02,-8376.0,4775.0,23583.0,0.0,0.0,0.0
1742672284.661255,0.14,-0.23,0.33,-6540.0,2160.0,16040.0,-0.0,-0.01,-0.02,-6494.0,2299.0,7849.0,111.0,119.0,137.0
1742672284.6738114,0.13,-0.22,0.33,-4687.0,-271.0,283.0,-0.0,-0.01,-0.02,-4641.0,-132.0,-7907.0,14.0,27.0,35.0
1742672284.682311,0.13,-0.22,0.32,-2849.0,-2680.0,-15482.0,-0.0,-0.01,-0.02,-2804.0,-2541.0,-23672.0,0.0,14.0,0.0
1742672284.6939628,0.13,-0.22,0.32,-1026.0,-5067.0,-31258.0,-0.0,-0.01,-0.02,-981.0,-4929.0,26088.0,125.0,95.0,81.0
1742672284.7021787,0.13,-0.22,0.32,783.0,-7434.0,18491.0,-0.0,-0.01,-0.02,827.0,-7297.0,10300.0,0.0,0.0,1.0
1742672284.714412,0.13,-0.22,0.32,2578.0,-9782.0,2693.0,-0.0,-0.01,-0.02,2621.0,-9645.0,-5497.0,0.0,0.0,0.0
1742672284.7266037,0.13,-0.21,0.31,4359.0,-12111.0,-13112.0,-0.0,-0.01,-0.02,4402.0,-11975.0,-21302.0,126.0,123.0,117.0
1742672284.739109,0.13,-0.21,0.31,6128.0,-14421.0,-28926.0,-0.0,-0.01,-0.02,6169.0,-14287.0,28420.0,0.0,0.0,0.0
1742672284.7476087,0.13,-0.21,0.31,7881.0,-16715.0,20787.0,-0.0,-0.01,-0.02,7922.0,-16581.0,12596.0,0.0,0.0,0.0
1742672284.7596087,0.13,-0.21,0.31,9622.0,-18991.0,4953.0,-0.0,-0.0,-0.02,9662.0,-18858.0,-3237.0,89.0,165.0,110.0
1742672284.7716095,0.13,-0.21,0.3,11349.0,-21248.0,-10887.0,-0.0,-0.0,-0.02,11389.0,-21116.0,-19077.0,0.0,25.0,0.0
1742672284.7846107,0.13,-0.2,0.3,13049.0,-23467.0,-26745.0,-0.0,-0.0,-0.02,13088.0,-23335.0,30601.0,9.0,2.0,12.0
1742672284.792609,0.13,-0.2,0.29,14735.0,-25665.0,22923.0,-0.0,-0.0,-0.02,14774.0,-25534.0,14732.0,71.0,64.0,53.0
1742672284.804609,0.13,-0.2,0.29,16407.0,-27844.0,7044.0,-0.0,-0.0,-0.02,16445.0,-27714.0,-1146.0,0.0,0.0,0.0
1742672284.8166118,0.13,-0.2,0.29,18066.0,-30005.0,-8841.0,-0.0,-0.0,-0.02,18104.0,-29876.0,-17031.0,0.0,0.0,0.0
1742672284.829082,0.13,-0.2,0.29,19712.0,-32147.0,-24734.0,-0.0,-0.0,-0.02,19749.0,-32019.0,32612.0,64.0,9.0,0.0
1742672284.837536,0.13,-0.2,0.28,21344.0,31264.0,24900.0,-0.0,-0.0,-0.02,21381.0,31390.0,16709.0,0.0,0.0,12.0
1742672284.8495755,0.13,-0.19,0.28,22964.0,29155.0,8989.0,-0.0,-0.0,-0.02,23000.0,29281.0,798.0,0.0,0.0,0.0
1742672284.861283,0.13,-0.19,0.28,24572.0,27063.0,-6929.0,-0.0,-0.0,-0.02,24608.0,27188.0,-15119.0,95.0,112.0,76.0
1742672284.8742478,0.13,-0.19,0.27,26157.0,25005.0,-22860.0,-0.0,-0.0,-0.02,26192.0,25129.0,-31050.0,38.0,45.0,60.0
1742672284.8827481,0.12,-0.19,0.27,27729.0,22964.0,26737.0,-0.0,-0.0,-0.02,27764.0,23088.0,18546.0,0.0,0.0,44.0
1742672284.8947482,0.12,-0.19,0.27,29290.0,20940.0,10789.0,-0.0,-0.0,-0.02,29324.0,21063.0,2598.0,63.0,75.0,45.0
1742672284.907248,0.12,-0.19,0.27,30838.0,18934.0,-5165.0,-0.0,-0.0,-0.02,30872.0,19056.0,-13355.0,0.0,0.0,0.0
1742672284.9192526,0.12,-0.18,0.27,32377.0,16945.0,-21125.0,-0.0,-0.0,-0.01,32410.0,17066.0,-29315.0,50.0,2.0,29.0
1742672284.9277518,0.12,-0.18,0.26,-31632.0,14972.0,28445.0,-0.0,-0.0,-0.01,-31598.0,15092.0,20254.0,0.0,0.0,0.0
1742672284.9397597,0.12,-0.18,0.26,-30113.0,13017.0,12469.0,-0.0,-0.0,-0.01,-30080.0,13137.0,4278.0,61.0,77.0,47.0
1742672284.9522574,0.12,-0.18,0.26,-28619.0,11097.0,-3520.0,-0.0,-0.0,-0.01,-28586.0,11216.0,-11710.0,21.0,6.0,22.0
1742672284.9643888,0.12,-0.18,0.25,-27138.0,9193.0,-19514.0,-0.0,-0.0,-0.01,-27105.0,9312.0,-27704.0,0.0,0.0,0.0
1742672284.9728882,0.12,-0.18,0.25,-25668.0,7305.0,30022.0,-0.0,-0.0,-0.01,-25635.0,7423.0,21831.0,68.0,84.0,71.0
1742672284.9848652,0.12,-0.17,0.25,-24210.0,5433.0,14014.0,-0.0,-0.0,-0.01,-24178.0,5551.0,5823.0,9.0,20.0,12.0
1742672284.9972,0.12,-0.17,0.25,-22764.0,3577.0,-2000.0,-0.0,-0.0,-0.01,-22732.0,3694.0,-10190.0,37.0,41.0,13.0
1742672285.0097005,0.12,-0.17,0.25,-21328.0,1736.0,-18019.0,-0.0,-0.0,-0.01,-21297.0,1852.0,-26209.0,113.0,143.0,108.0
1742672285.0177178,0.12,-0.17,0.24,-19904.0,-89.0,31492.0,-0.0,-0.0,-0.01,-19873.0,26.0,23301.0,5.0,0.0,9.0
1742672285.0297196,0.12,-0.17,0.24,-18490.0,-1898.0,15459.0,-0.0,-0.0,-0.01,-18460.0,-1782.0,7268.0,0.0,0.0,0.0
1742672285.042211,0.12,-0.17,0.24,-17098.0,-3672.0,-585.0,-0.0,-0.0,-0.01,-17068.0,-3557.0,-8775.0,107.0,118.0,121.0
1742672285.0547116,0.12,-0.17,0.23,-15717.0,-5431.0,-16634.0,-0.0,-0.0,-0.01,-15687.0,-5317.0,-24824.0,0.0,1.0,46.0
1742672285.0632148,0.12,-0.16,0.23,-14347.0,-7174.0,-32688.0,-0.0,-0.0,-0.01,-14318.0,-7060.0,24658.0,0.0,0.0,0.0
1742672285.0752096,0.12,-0.16,0.23,-12989.0,-8901.0,16787.0,-0.0,-0.0,-0.01,-12960.0,-8788.0,8596.0,99.0,92.0,115.0
1742672285.0835211,0.12,-0.16,0.23,-11642.0,-10615.0,720.0,-0.0,-0.0,-0.01,-11614.0,-10502.0,-7470.0,36.0,24.0,29.0
1742672285.0995228,0.12,-0.16,0.23,-10308.0,-12314.0,-15351.0,-0.0,-0.0,-0.01,-10280.0,-12202.0,-23541.0,0.0,0.0,0.0
1742672285.1080198,0.12,-0.16,0.22,-8984.0,-13998.0,-31426.0,-0.0,-0.0,-0.01,-8956.0,-13887.0,25920.0,115.0,125.0,152.0
1742672285.1200237,0.12,-0.16,0.22,-7671.0,-15668.0,18028.0,-0.0,-0.0,-0.01,-7644.0,-15557.0,9837.0,27.0,0.0,0.0
1742672285.1325574,0.12,-0.16,0.22,-6379.0,-17307.0,1935.0,-0.0,-0.0,-0.01,-6352.0,-17197.0,-6255.0,0.0,0.0,0.0
1742672285.144571,0.12,-0.15,0.22,-5096.0,-18932.0,-14160.0,-0.0,-0.0,-0.01,-5070.0,-18822.0,-22350.0,110.0,87.0,133.0
1742672285.1530588,0.12,-0.15,0.21,-3823.0,-20542.0,-30261.0,-0.0,-0.0,-0.01,-3797.0,-20433.0,27085.0,0.0,0.0,0.0
1742672285.1650548,0.12,-0.15,0.21,-2559.0,-22138.0,19169.0,-0.0,-0.0,-0.01,-2534.0,-22029.0,10978.0,0.0,0.0,0.0
1742672285.1739383,0.12,-0.15,0.21,-1307.0,-23719.0,3056.0,-0.0,-0.0,-0.01,-1282.0,-23611.0,-5134.0,104.0,97.0,114.0
1742672285.189438,0.12,-0.15,0.21,-64.0,-25286.0,-13059.0,-0.0,-0.0,-0.01,-40.0,-25179.0,-21249.0,0.0,0.0,0.0
1742672285.1979377,0.12,-0.15,0.21,1166.0,-26838.0,-29178.0,-0.0,-0.0,-0.01,1189.0,-26731.0,28168.0,0.0,0.0,0.0
1742672285.209937,0.12,-0.15,0.2,2385.0,-28373.0,20232.0,-0.0,-0.0,-0.01,2408.0,-28266.0,12041.0,146.0,119.0,140.0
1742672285.22244,0.11,-0.14,0.2,3584.0,-29876.0,4095.0,-0.0,-0.0,-0.01,3606.0,-29770.0,-4095.0,0.0,0.0,0.0
1742672285.2309399,0.11,-0.14,0.2,4772.0,-31364.0,-12044.0,-0.0,-0.0,-0.01,4794.0,-31259.0,-20234.0,0.0,11.0,0.0
1742672285.242946,0.11,-0.14,0.2,5952.0,32700.0,-28188.0,-0.0,-0.0,-0.01,5973.0,-32732.0,29158.0,137.0,142.0,128.0
1742672285.2549477,0.11,-0.14,0.19,7122.0,31244.0,21199.0,-0.0,-0.0,-0.01,7143.0,31347.0,13008.0,28.0,0.0,0.0
1742672285.2634466,0.11,-0.14,0.19,8284.0,29801.0,5045.0,-0.0,-0.0,-0.01,8304.0,29904.0,-3145.0,0.0,0.0,0.0
1742672285.2759464,0.11,-0.14,0.19,9437.0,28372.0,-11111.0,-0.0,-0.0,-0.01,9457.0,28474.0,-19301.0,141.0,141.0,91.0
1742672285.2881114,0.11,-0.14,0.19,10582.0,26957.0,-27271.0,-0.0,-0.0,-0.01,10601.0,27058.0,30075.0,0.0,0.0,0.0
1742672285.300359,0.11,-0.14,0.19,11718.0,25554.0,22100.0,-0.0,-0.0,-0.01,11737.0,25655.0,13909.0,0.0,0.0,0.0
1742672285.3088586,0.11,-0.14,0.18,12846.0,24164.0,5930.0,-0.0,-0.0,-0.01,12865.0,24265.0,-2260.0,147.0,144.0,139.0
1742672285.3208647,0.11,-0.13,0.18,13959.0,22797.0,-10244.0,-0.0,-0.0,-0.01,13978.0,22897.0,-18434.0,16.0,15.0,67.0
1742672285.3333306,0.11,-0.13,0.18,15064.0,21440.0,-26421.0,-0.0,-0.0,-0.01,15082.0,21540.0,30925.0,0.0,19.0,13.0
1742672285.3452759,0.11,-0.13,0.18,16159.0,20095.0,22934.0,-0.0,-0.0,-0.01,16177.0,20195.0,14743.0,93.0,78.0,80.0
1742672285.3537576,0.11,-0.13,0.18,17244.0,18763.0,6748.0,-0.0,-0.0,-0.01,17262.0,18862.0,-1442.0,0.0,0.0,0.0
1742672285.3662205,0.11,-0.13,0.18,18321.0,17443.0,-9440.0,-0.0,-0.0,-0.01,18338.0,17541.0,-17630.0,25.0,13.0,26.0
1742672285.3782218,0.11,-0.13,0.17,19388.0,16136.0,-25631.0,-0.0,-0.0,-0.01,19405.0,16233.0,31715.0,39.0,62.0,0.0
1742672285.390432,0.11,-0.13,0.17,20447.0,14842.0,23710.0,-0.0,-0.0,-0.01,20464.0,14939.0,15519.0,0.0,0.0,27.0
1742672285.4024277,0.11,-0.13,0.17,21490.0,13575.0,7507.0,-0.0,-0.0,-0.01,21507.0,13671.0,-683.0,15.0,0.0,4.0
1742672285.411333,0.11,-0.12,0.17,22525.0,12319.0,-8697.0,-0.0,-0.0,-0.01,22542.0,12415.0,-16887.0,23.0,0.0,0.0
1742672285.4233983,0.11,-0.12,0.17,23552.0,11074.0,-24904.0,-0.0,-0.0,-0.01,23568.0,11170.0,32442.0,0.0,58.0,92.0
1742672285.43518,0.11,-0.12,0.16,24570.0,9840.0,24421.0,-0.0,-0.0,-0.01,24586.0,9936.0,16230.0,0.0,26.0,28.0
1742672285.443679,0.11,-0.12,0.16,25581.0,8616.0,8207.0,-0.0,-0.0,-0.01,25596.0,8711.0,16.0,97.0,50.0,43.0
1742672285.4561782,0.11,-0.12,0.16,26589.0,7401.0,-8008.0,-0.0,-0.0,-0.01,26603.0,7496.0,-16198.0,120.0,97.0,100.0
1742672285.4681764,0.11,-0.12,0.16,27598.0,6198.0,-24224.0,-0.0,-0.0,-0.01,27611.0,6294.0,-32414.0,50.0,24.0,37.0
1742672285.4801774,0.11,-0.12,0.16,28612.0,5013.0,25094.0,-0.0,-0.0,-0.01,28626.0,5109.0,16903.0,44.0,16.0,28.0
1742672285.4926765,0.1,-0.12,0.15,29641.0,3897.0,8865.0,-0.0,-0.0,-0.01,29655.0,3992.0,674.0,129.0,175.0,160.0
1742672285.501177,0.1,-0.13,0.14,30684.0,2829.0,-7369.0,-0.0,-0.0,-0.01,30699.0,2921.0,-15559.0,0.0,29.0,19.0
1742672285.5131772,0.1,-0.13,0.14,31748.0,1814.0,-23606.0,-0.0,-0.0,-0.01,31764.0,1904.0,-31796.0,0.0,0.0,0.0
1742672285.5256813,0.1,-0.13,0.13,-32700.0,853.0,25688.0,-0.0,-0.0,-0.01,-32683.0,945.0,17497.0,92.0,69.0,85.0
1742672285.533691,0.09,-0.13,0.12,-31583.0,-54.0,9441.0,-0.0,-0.0,-0.01,-31565.0,40.0,1250.0,60.0,27.0,5.0
1742672285.5461943,0.09,-0.14,0.12,-30434.0,-923.0,-6805.0,-0.0,-0.0,-0.01,-30415.0,-825.0,-14995.0,22.0,102.0,106.0
1742672285.5586967,0.09,-0.14,0.12,-29252.0,-1760.0,-23049.0,-0.0,-0.0,-0.01,-29236.0,-1668.0,-31239.0,97.0,153.0,160.0
1742672285.5701923,0.09,-0.15,0.11,-28039.0,-2559.0,26243.0,-0.0,-0.0,-0.01,-28026.0,-2469.0,18052.0,48.0,7.0,36.0
1742672285.58269,0.08,-0.16,0.1,-26739.0,-3256.0,10001.0,-0.0,-0.0,-0.01,-26726.0,-3167.0,1810.0,85.0,68.0,52.0
1742672285.5916924,0.07,-0.16,0.09,-25389.0,-3869.0,-6241.0,-0.0,-0.0,-0.01,-25376.0,-3781.0,-14431.0,258.0,238.0,160.0
1742672285.603206,0.07,-0.17,0.08,-23994.0,-4402.0,-22481.0,-0.0,-0.0,-0.01,-23980.0,-4314.0,-30671.0,129.0,90.0,75.0
1742672285.6156929,0.06,-0.17,0.07,-22556.0,-4838.0,26816.0,-0.0,-0.0,-0.01,-22543.0,-4751.0,18625.0,0.0,0.0,0.0
1742672285.6242218,0.06,-0.18,0.05,-21073.0,-5188.0,10578.0,-0.0,-0.0,-0.01,-21060.0,-5103.0,2387.0,231.0,139.0,133.0
1742672285.6367278,0.05,-0.19,0.04,-19548.0,-5454.0,-5655.0,-0.0,-0.0,-0.01,-19535.0,-5369.0,-13845.0,68.0,48.0,0.0
1742672285.6482394,0.05,-0.19,0.03,-17981.0,-5631.0,-21883.0,-0.0,-0.0,-0.01,-17969.0,-5546.0,-30073.0,0.0,42.0,19.0
1742672285.6607268,0.04,-0.2,0.01,-16339.0,-5641.0,27436.0,-0.0,-0.0,-0.01,-16327.0,-5558.0,19245.0,113.0,131.0,45.0
1742672285.6732278,0.04,-0.2,0.0,-14665.0,-5578.0,11223.0,-0.0,-0.0,-0.01,-14654.0,-5496.0,3032.0,3.0,130.0,80.0
1742672285.6817262,0.03,-0.21,-0.01,-12958.0,-5442.0,-4982.0,-0.0,-0.0,-0.01,-12947.0,-5359.0,-13172.0,47.0,96.0,174.0
1742672285.6937256,0.03,-0.21,-0.02,-11218.0,-5232.0,-21178.0,-0.0,-0.0,-0.01,-11206.0,-5148.0,-29368.0,179.0,130.0,117.0
1742672285.705743,0.02,-0.22,-0.02,-9452.0,-4956.0,28169.0,-0.0,-0.0,-0.01,-9440.0,-4872.0,19978.0,3.0,49.0,1.0
1742672285.7182555,0.02,-0.22,-0.03,-7663.0,-4608.0,11985.0,-0.0,-0.0,-0.01,-7653.0,-4527.0,3794.0,174.0,109.0,59.0
1742672285.7262707,0.01,-0.22,-0.04,-5853.0,-4200.0,-4190.0,-0.0,-0.0,-0.01,-5843.0,-4120.0,-12380.0,40.0,125.0,0.0
1742672285.7383273,0.01,-0.22,-0.05,-4016.0,-3733.0,-20356.0,-0.0,-0.0,-0.01,-4006.0,-3654.0,-28546.0,45.0,28.0,0.0
1742672285.7508113,0.0,-0.23,-0.06,-2135.0,-3185.0,29029.0,-0.0,-0.0,-0.01,-2125.0,-3106.0,20838.0,89.0,71.0,35.0
1742672285.7633142,0.01,-0.24,-0.06,-191.0,-2664.0,12889.0,0.0,-0.0,-0.01,-180.0,-2590.0,4698.0,105.0,89.0,13.0
1742672285.7718105,0.01,-0.24,-0.07,1795.0,-2071.0,-3234.0,0.0,-0.0,-0.01,1807.0,-2010.0,-11424.0,15.0,16.0,44.0
1742672285.7838113,0.0,-0.24,-0.08,3780.0,-1339.0,-19346.0,0.0,-0.0,-0.01,3789.0,-1297.0,-27536.0,7.0,5.0,34.0
1742672285.7918115,-0.0,-0.24,-0.1,5730.0,-516.0,30081.0,0.0,-0.0,-0.0,5736.0,-478.0,21890.0,99.0,135.0,114.0
1742672285.8043137,-0.01,-0.24,-0.11,7685.0,362.0,13978.0,-0.0,-0.0,-0.01,7687.0,412.0,5787.0,41.0,0.0,18.0
1742672285.816311,-0.01,-0.24,-0.12,9667.0,1350.0,-2105.0,-0.0,-0.0,-0.01,9673.0,1405.0,-10295.0,0.0,0.0,22.0
1742672285.8288167,-0.02,-0.24,-0.13,11645.0,2399.0,-18183.0,-0.0,-0.0,-0.01,11652.0,2457.0,-26373.0,87.0,102.0,107.0
1742672285.8378372,-0.02,-0.24,-0.13,13587.0,3475.0,31269.0,-0.0,-0.0,-0.01,13595.0,3534.0,23078.0,0.0,0.0,0.0
1742672285.8534517,-0.02,-0.23,-0.14,15426.0,4637.0,15170.0,-0.0,-0.0,-0.01,15434.0,4702.0,6979.0,114.0,102.0,107.0
1742672285.8619502,-0.02,-0.22,-0.14,17248.0,5789.0,-934.0,-0.0,-0.0,-0.01,17256.0,5858.0,-9124.0,106.0,100.0,115.0
1742672285.8734498,-0.01,-0.23,-0.13,19105.0,6924.0,-17032.0,-0.0,-0.0,-0.01,19115.0,6991.0,-25222.0,88.0,37.0,100.0
1742672285.8824492,-0.0,-0.23,-0.13,20962.0,8029.0,32402.0,-0.0,-0.0,-0.01,20975.0,8096.0,24211.0,62.0,11.0,0.0
1742672285.8944502,-0.0,-0.22,-0.13,22745.0,9130.0,16280.0,-0.0,-0.0,-0.01,22754.0,9194.0,8089.0,194.0,175.0,102.0
1742672285.9069476,-0.01,-0.21,-0.13,24461.0,10246.0,147.0,-0.0,-0.0,-0.01,24469.0,10311.0,-8043.0,93.0,101.0,122.0
1742672285.9189491,-0.01,-0.22,-0.13,26217.0,11330.0,-15980.0,-0.0,-0.0,-0.01,26231.0,11396.0,-24170.0,58.0,62.0,62.0
1742672285.9309514,-0.0,-0.22,-0.13,28012.0,12397.0,-32102.0,0.0,-0.0,-0.01,28023.0,12460.0,25244.0,0.0,0.0,0.0
1742672285.943455,-0.0,-0.22,-0.13,29801.0,13472.0,17312.0,0.0,-0.0,-0.01,29804.0,13524.0,9121.0,104.0,124.0,92.0
1742672285.9511623,-0.0,-0.22,-0.13,31616.0,14560.0,1200.0,-0.0,-0.0,-0.01,31617.0,14610.0,-6990.0,0.0,0.0,0.0
1742672285.9636152,-0.01,-0.22,-0.13,-32101.0,15654.0,-14908.0,-0.0,-0.0,-0.01,-32095.0,15710.0,-23098.0,0.0,0.0,0.0
1742672285.9761152,-0.01,-0.22,-0.13,-30292.0,16752.0,-31020.0,-0.0,-0.0,-0.01,-30284.0,16812.0,26326.0,79.0,90.0,117.0
1742672285.98772,-0.01,-0.22,-0.13,-28516.0,17869.0,18398.0,-0.0,-0.0,-0.01,-28512.0,17927.0,10207.0,0.0,0.0,0.0
1742672285.9967625,-0.01,-0.21,-0.14,-26765.0,19007.0,2277.0,-0.0,-0.0,-0.01,-26760.0,19065.0,-5913.0,0.0,0.0,0.0
1742672286.0123453,-0.01,-0.21,-0.14,-25054.0,20151.0,-13850.0,-0.0,-0.0,-0.01,-25047.0,20210.0,-22040.0,71.0,62.0,66.0
1742672286.0213747,-0.01,-0.21,-0.14,-23355.0,21304.0,-29979.0,-0.0,-0.0,-0.01,-23348.0,21362.0,27367.0,0.0,0.0,0.0
1742672286.0334427,-0.01,-0.21,-0.14,-21662.0,22464.0,19427.0,-0.0,-0.0,-0.01,-21656.0,22519.0,11236.0,0.0,0.0,0.0
1742672286.0419424,-0.0,-0.21,-0.14,-19980.0,23629.0,3294.0,-0.0,-0.0,-0.01,-19975.0,23682.0,-4896.0,92.0,53.0,66.0
1742672286.0539415,-0.0,-0.21,-0.14,-18306.0,24791.0,-12838.0,-0.0,-0.0,-0.01,-18301.0,24844.0,-21028.0,0.0,0.0,0.0
1742672286.065942,-0.01,-0.2,-0.14,-16642.0,25954.0,-28972.0,-0.0,-0.0,-0.01,-16637.0,26006.0,28374.0,0.0,0.0,0.0
1742672286.0784285,-0.01,-0.2,-0.14,-14997.0,27116.0,20425.0,-0.0,-0.0,-0.01,-14993.0,27170.0,12234.0,73.0,77.0,53.0
1742672286.0903327,-0.01,-0.2,-0.14,-13391.0,28279.0,4277.0,-0.0,-0.0,-0.01,-13387.0,28333.0,-3913.0,34.0,57.0,91.0
1742672286.1031656,-0.01,-0.19,-0.14,-11805.0,29441.0,-11874.0,-0.0,-0.0,-0.01,-11801.0,29496.0,-20064.0,13.0,11.0,5.0
1742672286.111665,-0.01,-0.19,-0.14,-10236.0,30602.0,-28027.0,-0.0,-0.0,-0.01,-10231.0,30657.0,29319.0,15.0,0.0,0.0
1742672286.1236918,-0.0,-0.19,-0.14,-8680.0,31759.0,21351.0,-0.0,-0.0,-0.01,-8675.0,31814.0,13160.0,6.0,7.0,34.0
1742672286.131693,-0.0,-0.19,-0.14,-7139.0,-32622.0,5188.0,-0.0,-0.0,-0.01,-7134.0,-32567.0,-3002.0,0.0,0.0,0.0
1742672286.1442318,-0.0,-0.19,-0.14,-5609.0,-31470.0,-10975.0,-0.0,-0.0,-0.01,-5605.0,-31416.0,-19165.0,84.0,66.0,54.0
1742672286.1567485,-0.0,-0.19,-0.14,-4093.0,-30322.0,-27140.0,-0.0,-0.0,-0.01,-4091.0,-30269.0,30206.0,42.0,66.0,70.0
1742672286.168249,-0.0,-0.18,-0.14,-2593.0,-29177.0,22226.0,-0.0,-0.0,-0.01,-2591.0,-29123.0,14035.0,15.0,1.0,11.0
1742672286.1812482,-0.0,-0.18,-0.14,-1125.0,-28034.0,6049.0,-0.0,-0.0,-0.01,-1123.0,-27980.0,-2141.0,0.0,0.0,0.0
1742672286.1932487,-0.0,-0.18,-0.14,326.0,-26892.0,-10130.0,-0.0,-0.0,-0.01,327.0,-26838.0,-18320.0,103.0,99.0,99.0
1742672286.2017484,-0.0,-0.18,-0.14,1760.0,-25751.0,-26311.0,-0.0,-0.0,-0.01,1762.0,-25696.0,31035.0,24.0,15.0,27.0
1742672286.2142496,-0.0,-0.17,-0.13,3180.0,-24612.0,23039.0,-0.0,-0.0,-0.01,3182.0,-24557.0,14848.0,0.0,0.0,0.0
1742672286.2217753,-0.0,-0.17,-0.13,4587.0,-23475.0,6850.0,-0.0,-0.0,-0.01,4588.0,-23421.0,-1340.0,0.0,23.0,35.0
1742672286.2343087,-0.0,-0.17,-0.13,5981.0,-22342.0,-9339.0,-0.0,-0.0,-0.01,5982.0,-22288.0,-17529.0,0.0,8.0,16.0
1742672286.2468076,-0.0,-0.17,-0.13,7364.0,-21212.0,-25530.0,-0.0,-0.0,-0.01,7364.0,-21159.0,31816.0,0.0,0.0,0.0
1742672286.25831,-0.0,-0.17,-0.13,8732.0,-20085.0,23810.0,-0.0,0.0,-0.01,8731.0,-20032.0,15619.0,75.0,83.0,81.0
1742672286.2713103,-0.0,-0.16,-0.13,10071.0,-18961.0,7609.0,-0.0,0.0,-0.01,10070.0,-18907.0,-581.0,0.0,0.0,0.0
1742672286.278761,-0.0,-0.16,-0.13,11395.0,-17837.0,-8593.0,-0.0,-0.0,-0.01,11395.0,-17783.0,-16783.0,0.0,0.0,0.0
1742672286.2913303,-0.0,-0.16,-0.13,12706.0,-16714.0,-24798.0,-0.0,-0.0,-0.01,12706.0,-16660.0,32548.0,86.0,110.0,131.0
1742672286.304005,-0.0,-0.16,-0.13,14004.0,-15593.0,24530.0,-0.0,-0.0,-0.01,14004.0,-15539.0,16339.0,7.0,14.0,12.0
1742672286.3121068,-0.0,-0.16,-0.13,15291.0,-14475.0,8319.0,-0.0,-0.0,-0.01,15291.0,-14422.0,128.0,0.0,0.0,0.0
1742672286.3245153,0.0,-0.16,-0.13,16567.0,-13359.0,-7893.0,-0.0,-0.0,-0.01,16567.0,-13306.0,-16083.0,4.0,25.0,62.0
1742672286.3327405,0.0,-0.16,-0.13,17831.0,-12246.0,-24106.0,-0.0,0.0,-0.01,17830.0,-12193.0,-32296.0,4.0,0.0,0.0
1742672286.3484545,0.0,-0.15,-0.13,19083.0,-11135.0,25215.0,-0.0,0.0,-0.01,19081.0,-11083.0,17024.0,0.0,0.0,0.0
1742672286.3573732,0.0,-0.15,-0.13,20321.0,-10027.0,8996.0,-0.0,0.0,-0.01,20319.0,-9974.0,805.0,64.0,120.0,95.0
1742672286.369478,0.0,-0.15,-0.13,21532.0,-8920.0,-7226.0,-0.0,0.0,-0.01,21530.0,-8867.0,-15416.0,0.0,35.0,0.0
1742672286.3812537,0.0,-0.15,-0.13,22730.0,-7814.0,-23450.0,-0.0,0.0,-0.01,22728.0,-7761.0,-31640.0,0.0,0.0,18.0
1742672286.394131,0.0,-0.15,-0.13,23916.0,-6710.0,25860.0,-0.0,0.0,-0.01,23914.0,-6657.0,17669.0,134.0,116.0,143.0
1742672286.4023767,0.0,-0.14,-0.13,25091.0,-5608.0,9631.0,-0.0,0.0,-0.01,25089.0,-5555.0,1440.0,55.0,17.0,0.0
1742672286.4143739,0.0,-0.14,-0.13,26256.0,-4508.0,-6599.0,-0.0,0.0,-0.01,26254.0,-4456.0,-14789.0,0.0,0.0,0.0
1742672286.422879,0.0,-0.14,-0.13,27410.0,-3411.0,-22830.0,-0.0,0.0,-0.01,27408.0,-3359.0,-31020.0,82.0,113.0,105.0
1742672286.4388955,0.0,-0.14,-0.13,28555.0,-2316.0,26473.0,-0.0,0.0,-0.01,28552.0,-2264.0,18282.0,14.0,37.0,0.0
1742672286.4473934,0.0,-0.14,-0.13,29688.0,-1222.0,10236.0,-0.0,0.0,-0.01,29685.0,-1170.0,2045.0,0.0,0.0,0.0
1742672286.459894,0.0,-0.14,-0.13,30796.0,-130.0,-6004.0,-0.0,0.0,-0.01,30793.0,-78.0,-14194.0,106.0,132.0,103.0
1742672286.4718935,0.0,-0.13,-0.13,31892.0,960.0,-22244.0,-0.0,0.0,-0.01,31889.0,1011.0,-30434.0,0.0,0.0,0.0
1742672286.4803934,0.0,-0.13,-0.13,-32559.0,2047.0,27050.0,-0.0,0.0,-0.01,-32561.0,2098.0,18859.0,0.0,0.0,0.0
1742672286.4923944,0.0,-0.13,-0.13,-31482.0,3132.0,10805.0,-0.0,0.0,-0.01,-31484.0,3183.0,2614.0,122.0,118.0,87.0
1742672286.5043952,0.0,-0.13,-0.13,-30414.0,4215.0,-5441.0,-0.0,0.0,-0.01,-30416.0,4266.0,-13631.0,20.0,37.0,21.0
1742672286.513394,0.0,-0.13,-0.13,-29356.0,5296.0,-21688.0,-0.0,0.0,-0.01,-29358.0,5346.0,-29878.0,0.0,0.0,0.0
1742672286.5255396,0.0,-0.13,-0.13,-28307.0,6374.0,27600.0,-0.0,0.0,-0.01,-28309.0,6424.0,19409.0,84.0,119.0,133.0
1742672286.5375519,0.0,-0.13,-0.13,-27269.0,7451.0,11349.0,-0.0,0.0,-0.01,-27271.0,7501.0,3158.0,0.0,28.0,0.0
1742672286.5500517,0.0,-0.12,-0.13,-26252.0,8526.0,-4905.0,-0.0,0.0,-0.01,-26254.0,8576.0,-13095.0,0.0,0.0,0.0
1742672286.5620506,0.0,-0.12,-0.13,-25245.0,9600.0,-21159.0,-0.0,0.0,-0.01,-25247.0,9650.0,-29349.0,58.0,76.0,80.0
1742672286.5700521,0.0,-0.12,-0.13,-24248.0,10672.0,28122.0,-0.0,0.0,-0.01,-24250.0,10722.0,19931.0,0.0,0.0,0.0
1742672286.5825543,0.0,-0.12,-0.13,-23260.0,11742.0,11863.0,-0.0,0.0,-0.01,-23262.0,11792.0,3672.0,0.0,0.0,6.0
1742672286.5945508,0.0,-0.12,-0.13,-22281.0,12810.0,-4396.0,-0.0,0.0,-0.01,-22283.0,12860.0,-12586.0,111.0,126.0,109.0
1742672286.6030514,0.0,-0.12,-0.13,-21311.0,13877.0,-20655.0,-0.0,0.0,-0.01,-21314.0,13928.0,-28845.0,22.0,35.0,0.0
1742672286.6155968,0.0,-0.12,-0.13,-20351.0,14943.0,28620.0,-0.0,0.0,-0.01,-20354.0,14994.0,20429.0,0.0,0.0,44.0
1742672286.6275766,0.0,-0.12,-0.13,-19401.0,16008.0,12356.0,-0.0,0.0,-0.01,-19404.0,16059.0,4165.0,133.0,91.0,104.0
1742672286.6396298,0.0,-0.11,-0.12,-18470.0,17071.0,-3910.0,-0.0,0.0,-0.01,-18473.0,17122.0,-12100.0,99.0,129.0,79.0
1742672286.65213,0.0,-0.11,-0.12,-17549.0,18133.0,-20175.0,-0.0,0.0,-0.01,-17552.0,18184.0,-28365.0,38.0,63.0,42.0
1742672286.66413,0.0,-0.11,-0.12,-16637.0,19193.0,29094.0,-0.0,0.0,-0.01,-16640.0,19244.0,20903.0,74.0,45.0,5.0
1742672286.6726298,0.01,-0.11,-0.12,-15733.0,20252.0,12824.0,-0.0,0.0,-0.01,-15736.0,20303.0,4633.0,0.0,9.0,9.0
1742672286.684651,0.01,-0.11,-0.12,-14837.0,21309.0,-3446.0,-0.0,0.0,-0.01,-14840.0,21360.0,-11636.0,0.0,0.0,16.0
1742672286.6971347,0.01,-0.11,-0.12,-13949.0,22366.0,-19716.0,-0.0,0.0,-0.01,-13952.0,22417.0,-27906.0,0.0,0.0,0.0
1742672286.709133,0.01,-0.11,-0.12,-13070.0,23420.0,29549.0,-0.0,0.0,-0.01,-13073.0,23471.0,21358.0,92.0,61.0,114.0
1742672286.7216332,0.01,-0.11,-0.12,-12207.0,24472.0,13274.0,-0.0,0.0,-0.01,-12210.0,24523.0,5083.0,8.0,114.0,12.0
1742672286.7301342,0.01,-0.1,-0.12,-11353.0,25523.0,-3002.0,-0.0,0.0,-0.01,-11356.0,25574.0,-11192.0,0.0,0.0,0.0
1742672286.7421625,0.01,-0.1,-0.12,-10507.0,26573.0,-19277.0,-0.0,0.0,-0.01,-10510.0,26624.0,-27467.0,192.0,161.0,164.0
1742672286.754373,0.01,-0.1,-0.12,-9669.0,27622.0,29982.0,-0.0,0.0,-0.01,-9672.0,27673.0,21791.0,30.0,15.0,66.0
1742672286.7628746,0.01,-0.1,-0.12,-8839.0,28669.0,13703.0,-0.0,0.0,-0.01,-8842.0,28720.0,5512.0,4.0,0.0,0.0
1742672286.7748744,0.01,-0.1,-0.12,-8016.0,29716.0,-2577.0,-0.0,0.0,-0.01,-8019.0,29766.0,-10767.0,91.0,113.0,82.0
1742672286.7868757,0.01,-0.1,-0.12,-7201.0,30760.0,-18856.0,-0.0,0.0,-0.01,-7205.0,30810.0,-27046.0,16.0,72.0,0.0
1742672286.7993724,0.01,-0.1,-0.12,-6403.0,31802.0,30399.0,-0.0,0.0,-0.01,-6407.0,31852.0,22208.0,3.0,11.0,0.0
1742672286.8113723,0.01,-0.1,-0.12,-5613.0,-32693.0,14115.0,-0.0,0.0,-0.01,-5617.0,-32642.0,5924.0,148.0,199.0,97.0
1742672286.8198755,0.01,-0.1,-0.12,-4831.0,-31651.0,-2169.0,-0.0,0.0,-0.01,-4835.0,-31600.0,-10359.0,0.0,0.0,10.0
1742672286.8322663,0.01,-0.1,-0.12,-4056.0,-30609.0,-18452.0,-0.0,0.0,-0.01,-4060.0,-30558.0,-26642.0,0.0,45.0,14.0
1742672286.8443105,0.01,-0.09,-0.12,-3288.0,-29567.0,30800.0,-0.0,0.0,-0.01,-3293.0,-29517.0,22609.0,95.0,143.0,174.0
1742672286.852749,0.01,-0.09,-0.12,-2527.0,-28525.0,14513.0,-0.0,0.0,-0.01,-2532.0,-28475.0,6322.0,39.0,77.0,5.0
1742672286.8646803,0.01,-0.09,-0.12,-1772.0,-27485.0,-1773.0,-0.0,0.0,-0.01,-1777.0,-27436.0,-9963.0,0.0,7.0,0.0
1742672286.8771503,0.01,-0.09,-0.12,-1024.0,-26447.0,-18059.0,-0.0,0.0,-0.01,-1029.0,-26397.0,-26249.0,138.0,140.0,174.0
1742672286.889647,0.01,-0.09,-0.12,-292.0,-25409.0,31189.0,-0.0,0.0,-0.01,-297.0,-25360.0,22998.0,71.0,92.0,35.0
1742672286.9016466,0.01,-0.09,-0.12,432.0,-24373.0,14898.0,-0.0,0.0,-0.01,426.0,-24324.0,6707.0,0.0,19.0,13.0
1742672286.9101481,0.01,-0.09,-0.12,1149.0,-23338.0,-1392.0,-0.0,0.0,-0.01,1143.0,-23288.0,-9582.0,129.0,122.0,61.0
1742672286.9221544,0.01,-0.09,-0.12,1858.0,-22303.0,-17682.0,-0.0,0.0,-0.01,1852.0,-22254.0,-25872.0,43.0,66.0,0.0
1742672286.9311557,0.01,-0.09,-0.12,2560.0,-21271.0,31563.0,-0.0,0.0,-0.01,2554.0,-21222.0,23372.0,11.0,24.0,0.0
1742672286.943168,0.01,-0.09,-0.12,3257.0,-20240.0,15270.0,-0.0,0.0,-0.01,3251.0,-20191.0,7079.0,94.0,121.0,192.0
1742672286.9551675,0.01,-0.09,-0.12,3948.0,-19210.0,-1023.0,-0.0,0.0,-0.01,3942.0,-19161.0,-9213.0,66.0,99.0,19.0
1742672286.9671667,0.01,-0.08,-0.12,4632.0,-18181.0,-17316.0,-0.0,0.0,-0.01,4626.0,-18132.0,-25506.0,0.0,0.0,0.0
1742672286.9796677,0.01,-0.08,-0.12,5302.0,-17153.0,31926.0,-0.0,0.0,-0.01,5296.0,-17104.0,23735.0,54.0,58.0,0.0
1742672286.9916668,0.01,-0.08,-0.12,5966.0,-16126.0,15629.0,-0.0,0.0,-0.01,5960.0,-16077.0,7438.0,124.0,114.0,86.0
1742672287.0001698,0.01,-0.08,-0.12,6623.0,-15100.0,-667.0,-0.0,0.0,-0.01,6617.0,-15051.0,-8857.0,76.0,83.0,9.0
1742672287.012169,0.01,-0.08,-0.12,7274.0,-14076.0,-16963.0,-0.0,0.0,-0.01,7268.0,-14027.0,-25153.0,64.0,92.0,102.0
1742672287.0206738,0.01,-0.08,-0.12,7919.0,-13053.0,32276.0,-0.0,0.0,-0.01,7912.0,-13005.0,24085.0,0.0,0.0,0.0
1742672287.032674,0.01,-0.08,-0.12,8558.0,-12032.0,15977.0,-0.0,0.0,-0.01,8551.0,-11983.0,7786.0,0.0,0.0,28.0
1742672287.0451815,0.01,-0.08,-0.12,9191.0,-11011.0,-322.0,-0.0,0.0,-0.01,9184.0,-10962.0,-8512.0,125.0,87.0,134.0
1742672287.053182,0.01,-0.08,-0.12,9818.0,-9990.0,-16621.0,-0.0,0.0,-0.01,9811.0,-9942.0,-24811.0,19.0,0.0,0.0
1742672287.0658522,0.01,-0.08,-0.12,10438.0,-8971.0,32616.0,-0.0,0.0,-0.01,10431.0,-8923.0,24425.0,0.0,16.0,47.0
1742672287.078353,0.01,-0.08,-0.12,11046.0,-7953.0,16314.0,-0.0,0.0,-0.01,11039.0,-7905.0,8123.0,109.0,8.0,7.0
1742672287.0903606,0.01,-0.07,-0.12,11648.0,-6936.0,11.0,-0.0,0.0,-0.01,11641.0,-6888.0,-8179.0,110.0,86.0,68.0
1742672287.1023533,0.01,-0.07,-0.12,12245.0,-5920.0,-16290.0,-0.0,0.0,-0.01,12238.0,-5872.0,-24480.0,65.0,93.0,32.0
1742672287.1108522,0.01,-0.07,-0.12,12837.0,-4905.0,-32591.0,-0.0,0.0,-0.01,12830.0,-4857.0,24755.0,44.0,90.0,102.0
1742672287.1228564,0.01,-0.07,-0.12,13423.0,-3891.0,16641.0,-0.0,0.0,-0.01,13416.0,-3843.0,8450.0,0.0,21.0,0.0
1742672287.1315093,0.01,-0.07,-0.12,14005.0,-2878.0,336.0,-0.0,0.0,-0.01,13998.0,-2830.0,-7854.0,44.0,105.0,0.0
1742672287.1434994,0.01,-0.07,-0.12,14580.0,-1865.0,-15967.0,-0.0,0.0,-0.01,14572.0,-1817.0,-24157.0,106.0,115.0,137.0
1742672287.1555018,0.01,-0.07,-0.12,15148.0,-853.0,-32270.0,-0.0,0.0,-0.01,15141.0,-805.0,25076.0,84.0,92.0,52.0
1742672287.1679993,0.01,-0.07,-0.12,15707.0,157.0,16960.0,-0.0,0.0,-0.01,15700.0,204.0,8769.0,12.0,2.0,33.0
1742672287.180015,0.01,-0.07,-0.12,16261.0,1165.0,653.0,-0.0,0.0,-0.01,16254.0,1212.0,-7537.0,50.0,16.0,0.0
1742672287.1890013,0.01,-0.07,-0.12,16810.0,2172.0,-15652.0,-0.0,0.0,-0.01,16802.0,2219.0,-23842.0,103.0,103.0,85.0
1742672287.201002,0.01,-0.07,-0.12,17352.0,3179.0,-31958.0,-0.0,0.0,-0.01,17344.0,3226.0,25388.0,21.0,0.0,58.0
1742672287.213128,0.01,-0.07,-0.12,17889.0,4185.0,17270.0,-0.0,0.0,-0.01,17881.0,4232.0,9079.0,56.0,35.0,95.0
1742672287.2216318,0.01,-0.07,-0.12,18421.0,5190.0,961.0,-0.0,0.0,-0.01,18413.0,5236.0,-7229.0,42.0,26.0,0.0
1742672287.2332332,0.01,-0.07,-0.12,18947.0,6194.0,-15346.0,-0.0,0.0,-0.01,18939.0,6240.0,-23536.0,44.0,72.0,0.0
1742672287.241744,0.01,-0.06,-0.12,19468.0,7197.0,-31653.0,-0.0,0.0,-0.01,19460.0,7244.0,25693.0,165.0,78.0,168.0
1742672287.2577424,0.01,-0.06,-0.12,19983.0,8201.0,17574.0,-0.0,0.0,-0.01,19975.0,8248.0,9383.0,0.0,14.0,54.0
1742672287.2702587,0.01,-0.06,-0.12,20488.0,9203.0,1263.0,-0.0,0.0,-0.01,20480.0,9250.0,-6927.0,109.0,105.0,43.0
1742672287.2787435,0.01,-0.06,-0.12,20988.0,10205.0,-15046.0,-0.0,0.0,-0.01,20980.0,10252.0,-23236.0,9.0,35.0,0.0
1742672287.2907426,0.01,-0.06,-0.12,21484.0,11206.0,-31355.0,-0.0,0.0,-0.01,21476.0,11253.0,25991.0,111.0,96.0,121.0
1742672287.3032477,0.01,-0.06,-0.12,21975.0,12206.0,17870.0,-0.0,0.0,-0.01,21967.0,12253.0,9679.0,74.0,0.0,80.0
1742672287.3117433,0.01,-0.06,-0.12,22462.0,13205.0,1557.0,-0.0,0.0,-0.01,22454.0,13252.0,-6633.0,122.0,75.0,18.0
1742672287.324247,0.01,-0.06,-0.12,22945.0,14203.0,-14754.0,-0.0,0.0,-0.01,22937.0,14250.0,-22944.0,61.0,72.0,39.0
1742672287.3362658,0.01,-0.06,-0.12,23423.0,15201.0,-31065.0,-0.0,0.0,-0.01,23415.0,15248.0,26281.0,60.0,39.0,35.0
1742672287.3479483,0.01,-0.06,-0.12,23892.0,16198.0,18159.0,-0.0,0.0,-0.01,23884.0,16245.0,9968.0,0.0,77.0,7.0
1742672287.3604634,0.01,-0.06,-0.12,24357.0,17194.0,1845.0,-0.0,0.0,-0.01,24349.0,17241.0,-6345.0,195.0,143.0,170.0
1742672287.3689387,0.01,-0.06,-0.12,24818.0,18189.0,-14468.0,-0.0,0.0,-0.01,24810.0,18236.0,-22658.0,0.0,0.0,24.0
1742672287.381262,0.01,-0.06,-0.12,25275.0,19184.0,-30781.0,-0.0,0.0,-0.01,25267.0,19231.0,26565.0,0.0,0.0,3.0
1742672287.3932598,0.01,-0.06,-0.12,25728.0,20178.0,18441.0,-0.0,0.0,-0.01,25720.0,20225.0,10250.0,105.0,124.0,118.0
1742672287.4013672,0.01,-0.06,-0.12,26177.0,21171.0,2126.0,-0.0,0.0,-0.01,26168.0,21218.0,-6064.0,65.0,37.0,9.0
1742672287.4138675,0.01,-0.06,-0.12,26621.0,22164.0,-14187.0,-0.0,0.0,-0.01,26612.0,22211.0,-22377.0,0.0,0.0,0.0
1742672287.4263709,0.01,-0.05,-0.12,27061.0,23156.0,-30500.0,-0.0,0.0,-0.01,27052.0,23203.0,26846.0,146.0,196.0,140.0
1742672287.4381878,0.01,-0.05,-0.12,27493.0,24147.0,18720.0,-0.0,0.0,-0.01,27484.0,24194.0,10529.0,0.0,13.0,36.0
1742672287.4499142,0.01,-0.05,-0.12,27921.0,25138.0,2403.0,-0.0,0.0,-0.01,27912.0,25185.0,-5787.0,4.0,79.0,0.0
1742672287.4627736,0.01,-0.05,-0.12,28346.0,26128.0,-13912.0,-0.0,0.0,-0.01,28337.0,26175.0,-22102.0,105.0,135.0,81.0
1742672287.4711761,0.01,-0.05,-0.12,28767.0,27117.0,-30227.0,-0.0,0.0,-0.01,28758.0,27164.0,27119.0,0.0,0.0,0.0
1742672287.4831767,0.01,-0.05,-0.12,29185.0,28106.0,18993.0,-0.0,0.0,-0.01,29176.0,28153.0,10802.0,29.0,25.0,8.0
1742672287.4916763,0.01,-0.05,-0.12,29599.0,29094.0,2676.0,-0.0,0.0,-0.01,29590.0,29141.0,-5514.0,180.0,237.0,130.0
1742672287.5076785,0.01,-0.05,-0.12,30009.0,30081.0,-13640.0,-0.0,0.0,-0.01,30000.0,30128.0,-21830.0,31.0,42.0,86.0
1742672287.5201848,0.01,-0.05,-0.12,30412.0,31067.0,-29957.0,-0.0,0.0,-0.01,30403.0,31114.0,27389.0,37.0,66.0,37.0
1742672287.5286827,0.01,-0.05,-0.12,30812.0,32053.0,19261.0,-0.0,0.0,-0.01,30803.0,32100.0,11070.0,0.0,5.0,0.0
1742672287.5406935,0.01,-0.05,-0.11,31208.0,-32498.0,2942.0,-0.0,0.0,-0.01,31199.0,-32450.0,-5248.0,66.0,107.0,88.0
1742672287.5531514,0.01,-0.05,-0.11,31601.0,-31511.0,-13375.0,-0.0,0.0,-0.01,31592.0,-31463.0,-21565.0,44.0,46.0,43.0
1742672287.5611532,0.01,-0.05,-0.11,31991.0,-30525.0,-29692.0,-0.0,0.0,-0.01,31982.0,-30477.0,27654.0,62.0,66.0,53.0
1742672287.5736523,0.01,-0.05,-0.11,32377.0,-29539.0,19526.0,-0.0,0.0,-0.01,32368.0,-29491.0,11335.0,0.0,85.0,11.0
1742672287.582096,0.01,-0.05,-0.11,32760.0,-28554.0,3207.0,-0.0,0.0,-0.01,32751.0,-28506.0,-4983.0,73.0,70.0,18.0
1742672287.597597,0.01,-0.05,-0.11,-32396.0,-27569.0,-13111.0,-0.0,0.0,-0.01,-32405.0,-27521.0,-21301.0,44.0,7.0,0.0
1742672287.6100974,0.01,-0.05,-0.11,-32022.0,-26585.0,-29430.0,-0.0,0.0,-0.01,-32031.0,-26537.0,27916.0,101.0,82.0,172.0
1742672287.6185977,0.01,-0.05,-0.11,-31651.0,-25602.0,19786.0,-0.0,0.0,-0.01,-31660.0,-25554.0,11595.0,116.0,59.0,0.0
1742672287.6311014,0.01,-0.05,-0.11,-31283.0,-24619.0,3465.0,-0.0,0.0,-0.01,-31292.0,-24571.0,-4725.0,1.0,11.0,0.0
1742672287.6432195,0.01,-0.05,-0.11,-30918.0,-23638.0,-12854.0,-0.0,0.0,-0.01,-30927.0,-23590.0,-21044.0,106.0,207.0,122.0
1742672287.6517196,0.01,-0.05,-0.11,-30556.0,-22657.0,-29173.0,-0.0,0.0,-0.01,-30564.0,-22609.0,28173.0,14.0,13.0,46.0
1742672287.6682217,0.01,-0.04,-0.11,-30195.0,-21676.0,20043.0,-0.0,0.0,-0.01,-30203.0,-21628.0,11852.0,19.0,0.0,72.0
1742672287.6807241,0.01,-0.04,-0.11,-29841.0,-20696.0,3722.0,-0.0,0.0,-0.01,-29849.0,-20648.0,-4468.0,34.0,0.0,52.0
1742672287.6887195,0.01,-0.04,-0.11,-29490.0,-19717.0,-12598.0,-0.0,0.0,-0.01,-29498.0,-19669.0,-20788.0,0.0,0.0,15.0
1742672287.7007196,0.01,-0.04,-0.11,-29142.0,-18738.0,-28919.0,-0.0,0.0,-0.01,-29150.0,-18690.0,28427.0,10.0,0.0,57.0
1742672287.7131972,0.01,-0.04,-0.11,-28796.0,-17759.0,20295.0,-0.0,0.0,-0.01,-28804.0,-17712.0,12104.0,146.0,127.0,177.0
1742672287.7212224,0.01,-0.04,-0.11,-28453.0,-16782.0,3972.0,-0.0,0.0,-0.01,-28461.0,-16735.0,-4218.0,31.0,41.0,0.0
1742672287.7332306,0.01,-0.04,-0.11,-28113.0,-15805.0,-12349.0,-0.0,0.0,-0.01,-28121.0,-15758.0,-20539.0,0.0,0.0,0.0
1742672287.7452512,0.01,-0.04,-0.11,-27776.0,-14829.0,-28670.0,-0.0,0.0,-0.01,-27784.0,-14782.0,28676.0,136.0,91.0,134.0
1742672287.7577422,0.01,-0.04,-0.11,-27441.0,-13853.0,20544.0,-0.0,0.0,-0.01,-27450.0,-13806.0,12353.0,0.0,0.0,52.0
1742672287.7702386,0.01,-0.04,-0.11,-27113.0,-12878.0,4221.0,-0.0,0.0,-0.01,-27122.0,-12831.0,-3969.0,18.0,23.0,49.0
1742672287.778714,0.01,-0.04,-0.11,-26788.0,-11904.0,-12100.0,-0.0,0.0,-0.01,-26797.0,-11857.0,-20290.0,46.0,33.0,0.0
1742672287.7907135,0.01,-0.04,-0.11,-26465.0,-10930.0,-28421.0,-0.0,0.0,-0.01,-26474.0,-10883.0,28925.0,97.0,60.0,149.0
1742672287.8032143,0.01,-0.04,-0.11,-26145.0,-9957.0,20793.0,-0.0,0.0,-0.01,-26154.0,-9910.0,12602.0,133.0,78.0,81.0
1742672287.811214,0.01,-0.04,-0.11,-25828.0,-8984.0,4469.0,-0.0,0.0,-0.01,-25837.0,-8937.0,-3721.0,78.0,109.0,23.0
1742672287.8236282,0.01,-0.04,-0.11,-25514.0,-8011.0,-11854.0,-0.0,0.0,-0.01,-25523.0,-7964.0,-20044.0,0.0,53.0,34.0
1742672287.835995,0.01,-0.04,-0.11,-25202.0,-7039.0,-28177.0,-0.0,0.0,-0.01,-25211.0,-6992.0,29169.0,57.0,17.0,39.0
1742672287.8474934,0.01,-0.04,-0.11,-24895.0,-6067.0,21035.0,-0.0,0.0,-0.01,-24904.0,-6020.0,12844.0,86.0,111.0,31.0
1742672287.8603969,0.01,-0.04,-0.11,-24591.0,-5096.0,4710.0,-0.0,0.0,-0.01,-24600.0,-5049.0,-3480.0,170.0,163.0,158.0
1742672287.8723843,0.01,-0.04,-0.11,-24289.0,-4125.0,-11613.0,-0.0,0.0,-0.01,-24298.0,-4077.0,-19803.0,71.0,16.0,70.0
1742672287.880884,0.01,-0.04,-0.11,-23990.0,-3153.0,-27936.0,-0.0,0.0,-0.01,-23999.0,-3106.0,29410.0,27.0,2.0,0.0
1742672287.892958,0.01,-0.04,-0.11,-23693.0,-2183.0,21276.0,-0.0,0.0,-0.01,-23702.0,-2136.0,13085.0,70.0,99.0,170.0
1742672287.9010623,0.01,-0.04,-0.11,-23399.0,-1213.0,4951.0,-0.0,0.0,-0.01,-23408.0,-1166.0,-3239.0,49.0,54.0,22.0
1742672287.9167538,0.01,-0.04,-0.11,-23107.0,-243.0,-11372.0,-0.0,0.0,-0.01,-23116.0,-196.0,-19562.0,0.0,77.0,0.0
1742672287.9296062,0.01,-0.04,-0.11,-22820.0,725.0,-27695.0,-0.0,0.0,-0.01,-22829.0,771.0,29651.0,111.0,153.0,106.0
1742672287.938115,0.01,-0.04,-0.11,-22535.0,1692.0,21517.0,-0.0,0.0,-0.01,-22544.0,1738.0,13326.0,0.0,0.0,29.0
1742672287.950127,0.01,-0.04,-0.11,-22252.0,2659.0,5192.0,-0.0,0.0,-0.01,-22261.0,2705.0,-2998.0,73.0,93.0,21.0
1742672287.9626145,0.01,-0.04,-0.11,-21972.0,3625.0,-11132.0,-0.0,0.0,-0.01,-21981.0,3671.0,-19322.0,120.0,79.0,164.0
1742672287.971116,0.01,-0.03,-0.11,-21694.0,4591.0,-27457.0,-0.0,0.0,-0.01,-21703.0,4637.0,29889.0,0.0,0.0,0.0
1742672287.9831157,0.01,-0.03,-0.11,-21418.0,5557.0,21753.0,-0.0,0.0,-0.01,-21427.0,5603.0,13562.0,0.0,0.0,0.0
1742672287.991379,0.01,-0.03,-0.11,-21145.0,6522.0,5426.0,-0.0,0.0,-0.01,-21154.0,6568.0,-2764.0,97.0,96.0,153.0
1742672288.0038793,0.01,-0.03,-0.11,-20874.0,7487.0,-10899.0,-0.0,0.0,-0.01,-20883.0,7533.0,-19089.0,37.0,18.0,0.0
1742672288.019906,0.01,-0.03,-0.11,-20608.0,8452.0,-27224.0,-0.0,0.0,-0.01,-20617.0,8497.0,30122.0,38.0,2.0,64.0
1742672288.028208,0.01,-0.03,-0.11,-20344.0,9415.0,21986.0,-0.0,0.0,-0.01,-20353.0,9460.0,13795.0,19.0,43.0,83.0
1742672288.040237,0.01,-0.03,-0.11,-20082.0,10378.0,5659.0,-0.0,0.0,-0.01,-20091.0,10423.0,-2531.0,0.0,18.0,41.0
1742672288.0488114,0.01,-0.03,-0.11,-19823.0,11341.0,-10666.0,-0.0,0.0,-0.01,-19832.0,11386.0,-18856.0,39.0,43.0,17.0
1742672288.0613115,0.01,-0.03,-0.11,-19566.0,12304.0,-26991.0,-0.0,0.0,-0.01,-19575.0,12349.0,30355.0,75.0,75.0,124.0
1742672288.0733118,0.01,-0.03,-0.11,-19311.0,13266.0,22219.0,-0.0,0.0,-0.01,-19320.0,13311.0,14028.0,52.0,57.0,0.0
1742672288.0818112,0.01,-0.03,-0.11,-19058.0,14228.0,5892.0,-0.0,0.0,-0.01,-19067.0,14273.0,-2298.0,64.0,69.0,7.0
1742672288.0973122,0.01,-0.03,-0.11,-18808.0,15190.0,-10433.0,-0.0,0.0,-0.01,-18817.0,15235.0,-18623.0,94.0,8.0,100.0
1742672288.110077,0.01,-0.03,-0.11,-18563.0,16152.0,-26758.0,-0.0,0.0,-0.01,-18572.0,16197.0,30588.0,98.0,145.0,137.0
1742672288.1185775,0.01,-0.03,-0.11,-18320.0,17114.0,22452.0,-0.0,0.0,-0.01,-18329.0,17159.0,14261.0,33.0,37.0,36.0
1742672288.1306088,0.01,-0.03,-0.11,-18079.0,18076.0,6125.0,-0.0,0.0,-0.01,-18088.0,18121.0,-2065.0,1.0,49.0,3.0
1742672288.1431189,0.01,-0.03,-0.11,-17840.0,19038.0,-10200.0,-0.0,0.0,-0.01,-17849.0,19083.0,-18390.0,109.0,196.0,169.0
1742672288.1511188,0.01,-0.03,-0.11,-17602.0,19999.0,-26525.0,-0.0,0.0,-0.01,-17611.0,20044.0,30821.0,121.0,49.0,38.0
1742672288.1636193,0.01,-0.03,-0.11,-17366.0,20960.0,22685.0,-0.0,0.0,-0.01,-17375.0,21005.0,14494.0,86.0,109.0,0.0
1742672288.1756208,0.01,-0.03,-0.11,-17132.0,21921.0,6357.0,-0.0,0.0,-0.01,-17142.0,21966.0,-1833.0,126.0,109.0,141.0
1742672288.1881204,0.01,-0.03,-0.11,-16902.0,22881.0,-9970.0,-0.0,0.0,-0.01,-16912.0,22926.0,-18160.0,34.0,74.0,4.0
1742672288.2003112,0.01,-0.03,-0.11,-16674.0,23841.0,-26297.0,-0.0,0.0,-0.01,-16684.0,23886.0,31049.0,78.0,100.0,2.0
1742672288.2123108,0.01,-0.03,-0.11,-16448.0,24801.0,22911.0,-0.0,0.0,-0.01,-16458.0,24846.0,14720.0,147.0,87.0,145.0
1742672288.220816,0.01,-0.03,-0.11,-16224.0,25760.0,6582.0,-0.0,0.0,-0.01,-16234.0,25805.0,-1608.0,0.0,0.0,19.0
1742672288.2333152,0.01,-0.03,-0.11,-16001.0,26719.0,-9745.0,-0.0,0.0,-0.01,-16011.0,26764.0,-17935.0,0.0,12.0,0.0
1742672288.2413235,0.01,-0.03,-0.11,-15780.0,27678.0,-26072.0,-0.0,0.0,-0.01,-15790.0,27723.0,31274.0,119.0,147.0,116.0
1742672288.2573907,0.01,-0.03,-0.11,-15560.0,28637.0,23136.0,-0.0,0.0,-0.01,-15570.0,28682.0,14945.0,0.0,0.0,10.0
1742672288.2698011,0.01,-0.03,-0.11,-15344.0,29595.0,6807.0,-0.0,0.0,-0.01,-15354.0,29640.0,-1383.0,0.0,81.0,40.0
1742672288.2780576,0.01,-0.03,-0.11,-15129.0,30553.0,-9520.0,-0.0,0.0,-0.01,-15139.0,30598.0,-17710.0,63.0,41.0,7.0
1742672288.2905161,0.01,-0.03,-0.11,-14916.0,31511.0,-25847.0,-0.0,0.0,-0.01,-14927.0,31556.0,31499.0,63.0,74.0,81.0
1742672288.3025184,0.01,-0.03,-0.11,-14706.0,32469.0,23361.0,-0.0,0.0,-0.01,-14716.0,32514.0,15170.0,86.0,121.0,85.0
1742672288.3110197,0.01,-0.03,-0.11,-14496.0,-32110.0,7032.0,-0.0,0.0,-0.01,-14506.0,-32064.0,-1158.0,182.0,34.0,100.0
1742672288.3230238,0.01,-0.03,-0.11,-14288.0,-31151.0,-9295.0,-0.0,0.0,-0.01,-14298.0,-31105.0,-17485.0,18.0,55.0,29.0
1742672288.3355253,0.01,-0.03,-0.11,-14081.0,-30192.0,-25622.0,-0.0,0.0,-0.01,-14092.0,-30146.0,31724.0,102.0,122.0,27.0
1742672288.3474674,0.01,-0.03,-0.11,-13878.0,-29233.0,23586.0,-0.0,0.0,-0.01,-13889.0,-29187.0,15395.0,7.0,71.0,0.0
1742672288.3597603,0.01,-0.03,-0.11,-13677.0,-28275.0,7257.0,-0.0,0.0,-0.01,-13688.0,-28229.0,-933.0,218.0,158.0,177.0
1742672288.3720174,0.01,-0.03,-0.11,-13477.0,-27317.0,-9070.0,-0.0,0.0,-0.01,-13488.0,-27271.0,-17260.0,0.0,15.0,0.0
1742672288.3804753,0.01,-0.03,-0.11,-13279.0,-26359.0,-25397.0,-0.0,0.0,-0.01,-13290.0,-26313.0,31949.0,45.0,20.0,17.0
1742672288.3924756,0.01,-0.03,-0.11,-13082.0,-25401.0,23811.0,-0.0,0.0,-0.01,-13093.0,-25355.0,15620.0,80.0,117.0,178.0
1742672288.404975,0.01,-0.03,-0.11,-12887.0,-24443.0,7482.0,-0.0,0.0,-0.01,-12898.0,-24397.0,-708.0,0.0,38.0,0.0
1742672288.417428,0.01,-0.02,-0.11,-12695.0,-23485.0,-8845.0,-0.0,0.0,-0.01,-12706.0,-23439.0,-17035.0,136.0,163.0,69.0
1742672288.4294307,0.01,-0.02,-0.11,-12504.0,-22527.0,-25172.0,-0.0,0.0,-0.01,-12515.0,-22481.0,32174.0,26.0,28.0,70.0
1742672288.4414403,0.01,-0.02,-0.11,-12315.0,-21570.0,24036.0,-0.0,0.0,-0.01,-12327.0,-21525.0,15845.0,0.0,49.0,17.0
1742672288.4499562,0.01,-0.02,-0.11,-12129.0,-20614.0,7707.0,-0.0,0.0,-0.01,-12141.0,-20568.0,-483.0,90.0,101.0,44.0
1742672288.4624403,0.01,-0.02,-0.11,-11945.0,-19657.0,-8620.0,-0.0,0.0,-0.01,-11957.0,-19612.0,-16810.0,79.0,80.0,147.0
1742672288.4709406,0.01,-0.02,-0.11,-11762.0,-18702.0,-24947.0,-0.0,0.0,-0.01,-11774.0,-18656.0,32399.0,35.0,1.0,20.0
1742672288.4864404,0.01,-0.02,-0.11,-11581.0,-17745.0,24259.0,-0.0,0.0,-0.01,-11593.0,-17699.0,16068.0,1.0,0.0,41.0
1742672288.49894,0.01,-0.02,-0.11,-11402.0,-16788.0,7928.0,-0.0,0.0,-0.01,-11414.0,-16743.0,-262.0,32.0,11.0,0.0
1742672288.507442,0.01,-0.02,-0.11,-11224.0,-15833.0,-8401.0,-0.0,0.0,-0.01,-11236.0,-15788.0,-16591.0,73.0,125.0,153.0
1742672288.5199416,0.01,-0.02,-0.11,-11047.0,-14878.0,-24730.0,-0.0,0.0,-0.01,-11059.0,-14833.0,32616.0,156.0,101.0,46.0
1742672288.531947,0.01,-0.02,-0.11,-10871.0,-13923.0,24476.0,-0.0,0.0,-0.01,-10883.0,-13878.0,16285.0,8.0,0.0,25.0
1742672288.5405073,0.01,-0.02,-0.11,-10696.0,-12968.0,8145.0,-0.0,0.0,-0.01,-10708.0,-12923.0,-45.0,74.0,158.0,114.0
1742672288.5525022,0.01,-0.02,-0.11,-10522.0,-12014.0,-8184.0,-0.0,0.0,-0.01,-10534.0,-11969.0,-16374.0,0.0,79.0,0.0
1742672288.5651686,0.01,-0.02,-0.11,-10349.0,-11060.0,-24513.0,-0.0,0.0,-0.01,-10361.0,-11015.0,-32703.0,9.0,0.0,38.0
1742672288.5771658,0.01,-0.02,-0.11,-10178.0,-10107.0,24694.0,-0.0,0.0,-0.01,-10190.0,-10062.0,16503.0,85.0,108.0,128.0
1742672288.589166,0.01,-0.02,-0.11,-10008.0,-9154.0,8363.0,-0.0,0.0,-0.01,-10020.0,-9109.0,172.0,0.0,0.0,11.0
1742672288.5976646,0.01,-0.02,-0.11,-9840.0,-8201.0,-7967.0,-0.0,0.0,-0.01,-9852.0,-8156.0,-16157.0,0.0,0.0,13.0
1742672288.609665,0.01,-0.02,-0.11,-9673.0,-7248.0,-24296.0,-0.0,0.0,-0.01,-9685.0,-7203.0,-32486.0,125.0,146.0,144.0
1742672288.6221914,0.01,-0.02,-0.11,-9506.0,-6295.0,24911.0,-0.0,0.0,-0.01,-9518.0,-6250.0,16720.0,128.0,105.0,21.0
1742672288.6301904,0.01,-0.02,-0.11,-9341.0,-5343.0,8580.0,-0.0,0.0,-0.01,-9353.0,-5298.0,389.0,0.0,53.0,0.0
1742672288.642239,0.01,-0.02,-0.11,-9175.0,-4392.0,-7750.0,-0.0,0.0,-0.01,-9187.0,-4347.0,-15940.0,153.0,106.0,169.0
1742672288.651224,0.01,-0.02,-0.11,-9010.0,-3446.0,-24079.0,-0.0,0.0,-0.01,-9022.0,-3402.0,-32269.0,110.0,121.0,19.0
1742672288.6667242,0.01,-0.02,-0.11,-8847.0,-2503.0,25128.0,-0.0,0.0,-0.01,-8859.0,-2459.0,16937.0,23.0,0.0,33.0
1742672288.6792243,0.02,-0.02,-0.11,-8682.0,-1549.0,8797.0,-0.0,0.0,-0.01,-8693.0,-1504.0,606.0,70.0,58.0,187.0
1742672288.6877239,0.02,-0.02,-0.11,-8521.0,-597.0,-7533.0,-0.0,0.0,-0.01,-8532.0,-551.0,-15723.0,0.0,21.0,0.0
1742672288.699743,0.02,-0.02,-0.11,-8369.0,353.0,-23862.0,-0.0,0.0,-0.01,-8381.0,397.0,-32052.0,122.0,102.0,59.0
1742672288.7082238,0.02,-0.02,-0.11,-8221.0,1305.0,25345.0,-0.0,0.0,-0.01,-8233.0,1348.0,17154.0,227.0,146.0,209.0
1742672288.720223,0.02,-0.02,-0.11,-8071.0,2257.0,9014.0,-0.0,0.0,-0.01,-8082.0,2300.0,823.0,60.0,39.0,46.0
1742672288.7287254,0.02,-0.02,-0.11,-7920.0,3211.0,-7316.0,-0.0,0.0,-0.01,-7930.0,3255.0,-15506.0,0.0,0.0,0.0
1742672288.7407634,0.02,-0.02,-0.11,-7770.0,4167.0,-23645.0,-0.0,0.0,-0.01,-7781.0,4210.0,-31835.0,70.0,96.0,168.0
1742672288.7529252,0.02,-0.02,-0.11,-7620.0,5124.0,25563.0,-0.0,0.0,-0.01,-7632.0,5166.0,17372.0,67.0,62.0,18.0
1742672288.7614243,0.02,-0.02,-0.11,-7471.0,6080.0,9233.0,-0.0,0.0,-0.01,-7483.0,6122.0,1042.0,219.0,144.0,39.0
1742672288.7739246,0.02,-0.02,-0.11,-7322.0,7035.0,-7097.0,-0.0,0.0,-0.01,-7334.0,7077.0,-15287.0,144.0,165.0,199.0
1742672288.7899258,0.02,-0.02,-0.11,-7176.0,7993.0,-23425.0,-0.0,0.0,-0.01,-7188.0,8035.0,-31615.0,0.0,1.0,24.0
1742672288.7984252,0.02,-0.02,-0.11,-7030.0,8955.0,25784.0,-0.0,0.0,-0.01,-7041.0,8997.0,17593.0,0.0,24.0,60.0
1742672288.810437,0.02,-0.02,-0.11,-6884.0,9917.0,9455.0,-0.0,0.0,-0.01,-6895.0,9960.0,1264.0,195.0,258.0,146.0
1742672288.8189278,0.02,-0.02,-0.11,-6740.0,10889.0,-6873.0,-0.0,0.0,-0.01,-6751.0,10931.0,-15063.0,38.0,39.0,22.0
1742672288.8309312,0.02,-0.02,-0.11,-6595.0,11860.0,-23200.0,-0.0,0.0,-0.01,-6606.0,11902.0,-31390.0,102.0,126.0,0.0
1742672288.8429673,0.02,-0.02,-0.11,-6452.0,12840.0,26011.0,-0.0,0.0,-0.01,-6463.0,12882.0,17820.0,206.0,120.0,110.0
1742672288.8514643,0.02,-0.02,-0.12,-6308.0,13826.0,9684.0,-0.0,0.0,-0.01,-6319.0,13868.0,1493.0,149.0,154.0,105.0
1742672288.8639667,0.02,-0.02,-0.12,-6163.0,14816.0,-6642.0,-0.0,0.0,-0.01,-6174.0,14857.0,-14832.0,0.0,19.0,20.0
1742672288.8799646,0.02,-0.02,-0.12,-6021.0,15813.0,-22965.0,-0.0,0.0,-0.01,-6032.0,15854.0,-31155.0,196.0,236.0,166.0
1742672288.8884676,0.02,-0.02,-0.12,-5879.0,16819.0,26248.0,-0.0,0.0,-0.01,-5890.0,16860.0,18057.0,0.0,4.0,0.0
1742672288.9004657,0.02,-0.02,-0.12,-5737.0,17830.0,9924.0,-0.0,0.0,-0.01,-5748.0,17871.0,1733.0,40.0,108.0,50.0
1742672288.9089658,0.02,-0.02,-0.12,-5597.0,18852.0,-6398.0,-0.0,0.0,-0.01,-5608.0,18893.0,-14588.0,274.0,205.0,207.0
1742672288.9209666,0.02,-0.02,-0.12,-5458.0,19881.0,-22718.0,-0.0,0.0,-0.01,-5469.0,19923.0,-30908.0,101.0,126.0,74.0
1742672288.9329836,0.02,-0.02,-0.12,-5317.0,20918.0,26499.0,-0.0,0.0,-0.01,-5328.0,20960.0,18308.0,74.0,149.0,59.0
1742672288.945383,0.02,-0.02,-0.12,-5177.0,21962.0,10179.0,-0.0,0.0,-0.01,-5188.0,22003.0,1988.0,199.0,151.0,185.0
1742672288.9576707,0.02,-0.02,-0.12,-5035.0,23013.0,-6139.0,-0.0,0.0,-0.0,-5046.0,23052.0,-14329.0,117.0,75.0,238.0
1742672288.9701164,0.02,-0.02,-0.12,-4894.0,24067.0,-22455.0,-0.0,0.0,-0.0,-4905.0,24105.0,-30645.0,102.0,25.0,59.0
1742672288.9786122,0.02,-0.02,-0.13,-4752.0,25126.0,26765.0,-0.0,0.0,-0.0,-4763.0,25164.0,18574.0,136.0,189.0,1.0
1742672288.9901154,0.02,-0.02,-0.13,-4610.0,26189.0,10448.0,-0.0,0.0,-0.0,-4620.0,26227.0,2257.0,57.0,62.0,125.0
1742672289.003057,0.02,-0.02,-0.13,-4468.0,27257.0,-5868.0,-0.0,0.0,-0.0,-4478.0,27295.0,-14058.0,212.0,216.0,62.0
1742672289.011557,0.02,-0.02,-0.13,-4328.0,28330.0,-22182.0,-0.0,0.0,-0.0,-4338.0,28366.0,-30372.0,222.0,184.0,87.0
1742672289.0235622,0.02,-0.02,-0.13,-4188.0,29405.0,27040.0,-0.0,0.0,-0.0,-4196.0,29439.0,18849.0,208.0,236.0,207.0
1742672289.0395696,0.02,-0.02,-0.13,-4044.0,30486.0,10726.0,-0.0,0.0,-0.0,-4052.0,30519.0,2535.0,127.0,118.0,24.0
1742672289.0482767,0.02,-0.02,-0.13,-3901.0,31570.0,-5587.0,-0.0,0.0,-0.0,-3909.0,31603.0,-13777.0,79.0,0.0,63.0
1742672289.0603216,0.02,-0.02,-0.13,-3757.0,32664.0,-21897.0,-0.0,0.0,-0.0,-3765.0,32698.0,-30087.0,143.0,289.0,175.0
1742672289.0728207,0.02,-0.02,-0.13,-3611.0,-31765.0,27330.0,-0.0,0.0,-0.0,-3620.0,-31729.0,19139.0,190.0,146.0,61.0
1742672289.0808218,0.02,-0.02,-0.13,-3465.0,-30644.0,11020.0,-0.0,0.0,-0.0,-3474.0,-30606.0,2829.0,140.0,56.0,52.0
1742672289.0929685,0.02,-0.02,-0.13,-3318.0,-29513.0,-5287.0,-0.0,0.0,-0.0,-3327.0,-29474.0,-13477.0,261.0,281.0,225.0
1742672289.1053064,0.02,-0.02,-0.13,-3173.0,-28373.0,-21592.0,-0.0,0.0,-0.0,-3183.0,-28337.0,-29782.0,134.0,172.0,110.0
1742672289.1178067,0.02,-0.02,-0.14,-3029.0,-27216.0,27642.0,-0.0,0.0,-0.0,-3038.0,-27182.0,19451.0,25.0,68.0,57.0
1742672289.129819,0.02,-0.02,-0.14,-2885.0,-26047.0,11340.0,-0.0,0.0,-0.0,-2893.0,-26016.0,3149.0,22.0,0.0,107.0
1742672289.1383452,0.02,-0.02,-0.14,-2739.0,-24869.0,-4960.0,-0.0,0.0,-0.0,-2746.0,-24840.0,-13151.0,65.0,62.0,46.0
1742672289.1503453,0.02,-0.02,-0.14,-2591.0,-23679.0,-21258.0,-0.0,0.0,-0.0,-2598.0,-23651.0,-29449.0,0.0,17.0,63.0
1742672289.1624787,0.02,-0.02,-0.14,-2443.0,-22476.0,27982.0,-0.0,0.0,-0.0,-2450.0,-22449.0,19790.0,193.0,154.0,107.0
1742672289.1711733,0.02,-0.02,-0.15,-2291.0,-21261.0,11686.0,-0.0,0.0,-0.0,-2297.0,-21233.0,3494.0,0.0,0.0,94.0
1742672289.1836717,0.02,-0.02,-0.15,-2132.0,-20032.0,-4607.0,-0.0,0.0,-0.0,-2139.0,-20002.0,-12797.0,77.0,51.0,34.0
1742672289.1996715,0.02,-0.02,-0.15,-1973.0,-18772.0,-20893.0,-0.0,0.0,-0.0,-1981.0,-18740.0,-29083.0,0.0,0.0,0.0
1742672289.2076864,0.02,-0.02,-0.15,-1816.0,-17494.0,28359.0,-0.0,0.0,-0.0,-1825.0,-17461.0,20168.0,162.0,76.0,159.0
1742672289.2201717,0.01,-0.02,-0.15,-1662.0,-16203.0,12074.0,-0.0,0.0,-0.0,-1672.0,-16169.0,3883.0,11.0,14.0,122.0
1742672289.228174,0.01,-0.02,-0.16,-1509.0,-14903.0,-4208.0,-0.0,0.0,-0.0,-1519.0,-14870.0,-12399.0,125.0,8.0,42.0
1742672289.2408192,0.01,-0.02,-0.16,-1352.0,-13597.0,-20489.0,-0.0,0.0,-0.0,-1360.0,-13565.0,-28680.0,182.0,203.0,156.0
1742672289.252666,0.01,-0.02,-0.16,-1186.0,-12286.0,28767.0,-0.0,0.0,-0.0,-1193.0,-12258.0,20575.0,28.0,71.0,74.0
1742672289.2651637,0.01,-0.02,-0.16,-1011.0,-10978.0,12485.0,-0.0,0.0,-0.0,-1017.0,-10963.0,4293.0,19.0,0.0,17.0
1742672289.2773826,0.01,-0.02,-0.16,-826.0,-9668.0,-3793.0,-0.0,0.0,-0.0,-833.0,-9659.0,-11984.0,257.0,199.0,216.0
1742672289.2893987,0.01,-0.02,-0.16,-637.0,-8356.0,-20069.0,-0.0,0.0,-0.0,-645.0,-8349.0,-28260.0,70.0,39.0,54.0
1742672289.2978835,0.01,-0.02,-0.16,-441.0,-7038.0,29193.0,-0.0,0.0,-0.0,-449.0,-7029.0,21001.0,0.0,0.0,35.0
1742672289.310384,0.01,-0.03,-0.16,-242.0,-5710.0,12919.0,-0.0,0.0,-0.0,-249.0,-5701.0,4727.0,108.0,145.0,167.0
1742672289.3183842,0.01,-0.03,-0.16,-42.0,-4377.0,-3354.0,-0.0,0.0,-0.0,-48.0,-4370.0,-11545.0,156.0,81.0,73.0
1742672289.3308868,0.01,-0.02,-0.16,153.0,-3042.0,-19626.0,-0.0,0.0,-0.0,147.0,-3037.0,-27817.0,103.0,5.0,44.0
1742672289.3389454,0.01,-0.02,-0.16,341.0,-1704.0,29640.0,-0.01,0.0,-0.0,336.0,-1701.0,21448.0,120.0,177.0,91.0
1742672289.350967,0.02,-0.02,-0.16,522.0,-360.0,13368.0,-0.01,0.0,-0.0,517.0,-358.0,5176.0,107.0,52.0,47.0
1742672289.3629596,0.01,-0.02,-0.17,694.0,993.0,-2901.0,-0.01,0.0,-0.0,690.0,994.0,-11092.0,122.0,239.0,128.0
1742672289.3754442,0.01,-0.02,-0.17,861.0,2357.0,-19167.0,-0.01,0.0,-0.0,858.0,2362.0,-27358.0,123.0,150.0,124.0
1742672289.387947,0.01,-0.02,-0.17,1022.0,3750.0,30107.0,-0.01,0.0,-0.0,1020.0,3757.0,21915.0,19.0,0.0,17.0
1742672289.3964434,0.01,-0.02,-0.17,1180.0,5163.0,13847.0,-0.01,0.0,-0.0,1178.0,5169.0,5655.0,0.0,0.0,0.0
1742672289.4084432,0.01,-0.02,-0.17,1343.0,6587.0,-2410.0,-0.01,0.0,-0.0,1341.0,6593.0,-10601.0,231.0,172.0,203.0
1742672289.4204893,0.01,-0.02,-0.18,1511.0,8023.0,-18664.0,-0.01,0.0,-0.0,1509.0,8031.0,-26855.0,163.0,148.0,171.0
1742672289.4289494,0.01,-0.02,-0.18,1682.0,9467.0,30619.0,-0.01,0.0,-0.0,1679.0,9475.0,22427.0,152.0,137.0,111.0
1742672289.4409933,0.01,-0.02,-0.18,1853.0,10925.0,14366.0,-0.0,0.0,-0.0,1849.0,10933.0,6174.0,135.0,149.0,139.0
1742672289.4494755,0.0,-0.02,-0.18,2029.0,12407.0,-1881.0,-0.0,0.0,-0.0,2024.0,12417.0,-10072.0,83.0,5.0,50.0
1742672289.4654741,-0.01,-0.02,-0.19,2216.0,13924.0,-18121.0,-0.0,0.0,-0.01,2208.0,13970.0,-26311.0,15.0,6.0,0.0
1742672289.4779923,-0.02,-0.03,-0.19,2422.0,15496.0,31180.0,-0.0,0.0,-0.01,2415.0,15562.0,22989.0,120.0,134.0,136.0
1742672289.4864745,-0.02,-0.03,-0.18,2634.0,17058.0,14938.0,0.0,0.0,-0.01,2625.0,17117.0,6747.0,0.0,0.0,0.0
1742672289.498476,-0.02,-0.03,-0.18,2846.0,18579.0,-1310.0,0.0,0.0,-0.01,2835.0,18630.0,-9500.0,0.0,0.0,0.0
1742672289.5104759,-0.02,-0.03,-0.18,3052.0,20067.0,-17561.0,0.0,0.0,-0.01,3038.0,20118.0,-25751.0,97.0,103.0,92.0
1742672289.519474,-0.02,-0.03,-0.17,3251.0,21540.0,31721.0,0.0,0.0,-0.01,3233.0,21588.0,23530.0,1.0,0.0,8.0
1742672289.531479,-0.02,-0.03,-0.17,3451.0,23001.0,15463.0,-0.0,0.0,-0.01,3432.0,23047.0,7272.0,0.0,0.0,0.0
1742672289.5404956,-0.03,-0.03,-0.17,3651.0,24457.0,-793.0,-0.0,0.0,-0.01,3634.0,24504.0,-8983.0,6.0,32.0,75.0
1742672289.552496,-0.03,-0.03,-0.17,3854.0,25900.0,-17051.0,-0.0,0.0,-0.01,3841.0,25949.0,-25241.0,12.0,15.0,4.0
1742672289.560491,-0.04,-0.03,-0.17,4060.0,27330.0,32224.0,-0.0,0.0,-0.01,4048.0,27380.0,24033.0,93.0,77.0,40.0
1742672289.5759919,-0.05,-0.03,-0.17,4256.0,28744.0,15958.0,-0.0,0.0,-0.01,4241.0,28790.0,7767.0,41.0,90.0,71.0
1742672289.5884984,-0.06,-0.02,-0.16,4443.0,30114.0,-314.0,-0.0,0.0,-0.01,4427.0,30163.0,-8504.0,0.0,0.0,0.0
1742672289.5969985,-0.07,-0.03,-0.16,4634.0,31461.0,-16589.0,-0.0,0.0,-0.01,4620.0,31510.0,-24779.0,0.0,0.0,0.0
1742672289.6090143,-0.07,-0.03,-0.16,4829.0,-32753.0,32668.0,-0.0,0.0,-0.01,4815.0,-32706.0,24477.0,84.0,102.0,115.0
1742672289.6174982,-0.07,-0.03,-0.15,5026.0,-31455.0,16384.0,-0.0,0.0,-0.01,5011.0,-31406.0,8193.0,20.0,0.0,8.0
1742672289.6295,-0.07,-0.03,-0.15,5227.0,-30176.0,96.0,-0.0,0.0,-0.01,5211.0,-30128.0,-8094.0,0.0,0.0,0.0
1742672289.6415422,-0.07,-0.03,-0.15,5425.0,-28917.0,-16192.0,-0.0,0.0,-0.01,5409.0,-28873.0,-24382.0,5.0,0.0,28.0
1742672289.6500275,-0.07,-0.03,-0.15,5621.0,-27673.0,-32482.0,-0.0,0.0,-0.01,5603.0,-27630.0,24864.0,8.0,0.0,0.0
1742672289.662529,-0.07,-0.03,-0.15,5812.0,-26440.0,16762.0,-0.0,0.0,-0.01,5793.0,-26395.0,8571.0,101.0,91.0,78.0
1742672289.6745267,-0.07,-0.02,-0.15,5997.0,-25205.0,469.0,-0.0,0.0,-0.01,5978.0,-25158.0,-7721.0,65.0,70.0,82.0
1742672289.6870267,-0.07,-0.02,-0.15,6162.0,-23967.0,-15823.0,-0.0,0.0,-0.01,6143.0,-23919.0,-24013.0,9.0,0.0,0.0
1742672289.6989856,-0.07,-0.02,-0.15,6314.0,-22724.0,-32115.0,-0.0,0.0,-0.01,6296.0,-22675.0,25231.0,0.0,0.0,0.0
1742672289.7074852,-0.07,-0.02,-0.15,6454.0,-21478.0,17129.0,-0.0,0.0,-0.01,6437.0,-21428.0,8938.0,103.0,89.0,90.0
1742672289.7199845,-0.07,-0.02,-0.15,6584.0,-20229.0,836.0,-0.0,0.0,-0.01,6568.0,-20180.0,-7354.0,0.0,29.0,14.0
1742672289.7279866,-0.07,-0.02,-0.15,6710.0,-18982.0,-15455.0,-0.0,0.0,-0.01,6694.0,-18933.0,-23645.0,15.0,5.0,0.0
1742672289.7404907,-0.07,-0.02,-0.15,6834.0,-17737.0,-31747.0,-0.0,0.0,-0.01,6818.0,-17688.0,25599.0,0.0,17.0,47.0
1742672289.752491,-0.07,-0.02,-0.15,6956.0,-16495.0,17496.0,-0.0,0.0,-0.01,6939.0,-16448.0,9305.0,0.0,0.0,0.0
1742672289.7605069,-0.07,-0.02,-0.15,7074.0,-15257.0,1201.0,-0.0,0.0,-0.01,7057.0,-15210.0,-6989.0,120.0,96.0,93.0
1742672289.772992,-0.07,-0.02,-0.15,7188.0,-14021.0,-15092.0,-0.0,0.0,-0.01,7170.0,-13974.0,-23282.0,59.0,67.0,96.0
1742672289.7854915,-0.07,-0.01,-0.15,7292.0,-12788.0,-31385.0,-0.0,0.0,-0.01,7275.0,-12740.0,25961.0,2.0,0.0,0.0
1742672289.7977293,-0.07,-0.01,-0.14,7392.0,-11556.0,17855.0,-0.0,0.0,-0.01,7375.0,-11508.0,9664.0,0.0,0.0,0.0
1742672289.8097281,-0.07,-0.01,-0.14,7486.0,-10325.0,1558.0,-0.0,0.0,-0.01,7470.0,-10276.0,-6632.0,87.0,92.0,97.0
1742672289.8182285,-0.07,-0.01,-0.15,7574.0,-9092.0,-14736.0,-0.0,0.0,-0.01,7558.0,-9045.0,-22926.0,27.0,17.0,50.0
1742672289.8302326,-0.07,-0.01,-0.15,7656.0,-7860.0,-31030.0,-0.0,0.0,-0.01,7639.0,-7813.0,26316.0,3.0,1.0,4.0
1742672289.838756,-0.07,-0.01,-0.14,7733.0,-6629.0,18211.0,-0.0,0.0,-0.01,7716.0,-6581.0,10020.0,0.0,0.0,0.0
1742672289.8503797,-0.07,-0.01,-0.14,7807.0,-5397.0,1915.0,-0.0,0.0,-0.01,7790.0,-5350.0,-6275.0,0.0,0.0,0.0
1742672289.8633947,-0.07,-0.01,-0.14,7877.0,-4167.0,-14380.0,-0.0,0.0,-0.01,7860.0,-4120.0,-22570.0,160.0,113.0,146.0
1742672289.8749092,-0.07,-0.01,-0.14,7942.0,-2938.0,-30675.0,-0.0,0.0,-0.01,7925.0,-2891.0,26671.0,0.0,13.0,35.0
1742672289.887546,-0.07,-0.01,-0.14,7998.0,-1709.0,18565.0,-0.0,0.0,-0.01,7981.0,-1661.0,10374.0,0.0,15.0,0.0
1742672289.8960235,-0.07,-0.01,-0.14,8050.0,-478.0,2268.0,-0.0,0.0,-0.01,8033.0,-430.0,-5922.0,0.0,0.0,0.0
1742672289.9080236,-0.07,-0.01,-0.14,8097.0,751.0,-14027.0,-0.0,0.0,-0.01,8080.0,798.0,-22217.0,40.0,56.0,54.0
1742672289.9163766,-0.07,-0.01,-0.14,8139.0,1978.0,-30323.0,-0.0,0.0,-0.01,8122.0,2024.0,27023.0,25.0,28.0,7.0
1742672289.9288821,-0.07,-0.01,-0.14,8178.0,3204.0,18916.0,-0.0,0.0,-0.01,8161.0,3251.0,10725.0,87.0,106.0,53.0
1742672289.9369047,-0.07,-0.01,-0.14,8213.0,4431.0,2618.0,-0.0,0.0,-0.01,8197.0,4478.0,-5572.0,0.0,0.0,0.0
1742672289.949424,-0.07,-0.01,-0.14,8246.0,5657.0,-13678.0,-0.0,0.0,-0.01,8230.0,5704.0,-21868.0,0.0,2.0,0.0
1742672289.9614236,-0.07,-0.01,-0.14,8274.0,6883.0,-29974.0,-0.0,0.0,-0.01,8258.0,6929.0,27372.0,180.0,124.0,131.0
1742672289.969408,-0.07,-0.01,-0.14,8299.0,8108.0,19265.0,-0.0,0.0,-0.01,8283.0,8155.0,11074.0,63.0,0.0,21.0
1742672289.9819086,-0.07,-0.0,-0.14,8320.0,9333.0,2967.0,-0.0,0.0,-0.01,8304.0,9379.0,-5223.0,0.0,0.0,0.0
1742672289.9904072,-0.07,-0.0,-0.14,8337.0,10557.0,-13329.0,-0.0,0.0,-0.01,8321.0,10603.0,-21519.0,95.0,137.0,93.0
1742672290.0029097,-0.07,-0.0,-0.14,8350.0,11780.0,-29625.0,-0.0,0.0,-0.01,8334.0,11826.0,27721.0,51.0,45.0,0.0
1742672290.0184126,-0.07,-0.0,-0.14,8357.0,13002.0,19614.0,-0.0,0.0,-0.01,8341.0,13048.0,11423.0,34.0,10.0,23.0
1742672290.0274103,-0.07,-0.0,-0.14,8360.0,14224.0,3316.0,-0.0,0.0,-0.01,8344.0,14270.0,-4874.0,152.0,103.0,88.0
1742672290.0389156,-0.07,-0.0,-0.14,8358.0,15446.0,-12980.0,-0.0,0.0,-0.01,8342.0,15492.0,-21170.0,2.0,0.0,0.0
1742672290.047483,-0.07,-0.0,-0.14,8353.0,16668.0,-29276.0,-0.0,0.0,-0.01,8337.0,16714.0,28070.0,20.0,31.0,0.0
1742672290.0598736,-0.07,-0.0,-0.14,8345.0,17889.0,19963.0,-0.0,0.0,-0.01,8329.0,17935.0,11772.0,176.0,141.0,154.0
1742672290.0720375,-0.07,-0.0,-0.14,8333.0,19110.0,3665.0,-0.0,0.0,-0.01,8317.0,19156.0,-4525.0,104.0,95.0,13.0
1742672290.0800383,-0.07,-0.0,-0.14,8318.0,20330.0,-12631.0,-0.0,0.0,-0.01,8302.0,20376.0,-20821.0,2.0,0.0,0.0
1742672290.0930533,-0.07,0.0,-0.14,8300.0,21550.0,-28927.0,-0.0,0.0,-0.01,8284.0,21596.0,28419.0,87.0,55.0,139.0
1742672290.1085536,-0.07,0.0,-0.14,8275.0,22769.0,20312.0,-0.0,0.0,-0.01,8259.0,22815.0,12121.0,74.0,30.0,56.0
1742672290.1170375,-0.07,0.0,-0.14,8247.0,23987.0,4014.0,-0.0,0.0,-0.01,8231.0,24033.0,-4176.0,65.0,84.0,70.0
1742672290.1293278,-0.07,0.0,-0.14,8216.0,25206.0,-12282.0,-0.0,0.0,-0.01,8200.0,25252.0,-20472.0,130.0,142.0,102.0
1742672290.1373832,-0.07,0.0,-0.14,8182.0,26424.0,-28578.0,-0.0,0.0,-0.01,8166.0,26470.0,28768.0,49.0,31.0,0.0
1742672290.149882,-0.07,0.0,-0.14,8145.0,27642.0,20660.0,-0.0,0.0,-0.01,8129.0,27688.0,12469.0,28.0,27.0,2.0
1742672290.1618843,-0.07,0.0,-0.14,8105.0,28859.0,4361.0,-0.0,0.0,-0.01,8089.0,28904.0,-3829.0,174.0,162.0,154.0
1742672290.1703835,-0.07,0.0,-0.14,8062.0,30075.0,-11936.0,-0.0,0.0,-0.01,8046.0,30121.0,-20126.0,56.0,33.0,45.0
1742672290.183029,-0.07,0.0,-0.14,8016.0,31292.0,-28233.0,-0.0,0.0,-0.01,8000.0,31337.0,29113.0,0.0,0.0,6.0
1742672290.1950908,-0.07,0.0,-0.14,7964.0,32507.0,21005.0,-0.0,0.0,-0.01,7948.0,32552.0,12814.0,0.0,0.0,0.0
1742672290.2069423,-0.07,0.0,-0.14,7909.0,-31814.0,4706.0,-0.0,0.0,-0.01,7893.0,-31767.0,-3484.0,0.0,0.0,34.0
1742672290.2194421,-0.07,0.0,-0.14,7852.0,-30596.0,-11591.0,-0.0,0.0,-0.01,7836.0,-30550.0,-19781.0,0.0,10.0,24.0
1742672290.2280185,-0.07,0.01,-0.14,7792.0,-29380.0,-27888.0,-0.0,0.0,-0.01,7776.0,-29334.0,29458.0,125.0,70.0,90.0
1742672290.2398834,-0.07,0.01,-0.14,7730.0,-28164.0,21350.0,-0.0,0.0,-0.01,7714.0,-28118.0,13159.0,0.0,0.0,8.0
1742672290.248543,-0.07,0.01,-0.14,7665.0,-26948.0,5051.0,-0.0,0.0,-0.01,7649.0,-26902.0,-3139.0,0.0,0.0,32.0
1742672290.2605436,-0.07,0.01,-0.14,7597.0,-25733.0,-11246.0,-0.0,0.0,-0.01,7581.0,-25687.0,-19436.0,217.0,196.0,136.0
1742672290.2725413,-0.07,0.01,-0.14,7526.0,-24518.0,-27543.0,-0.0,0.0,-0.01,7510.0,-24472.0,29803.0,50.0,55.0,65.0
1742672290.2850423,-0.07,0.01,-0.14,7452.0,-23303.0,21695.0,-0.0,0.0,-0.01,7436.0,-23257.0,13504.0,70.0,76.0,15.0
1742672290.2970455,-0.07,0.01,-0.14,7373.0,-22089.0,5396.0,-0.0,0.0,-0.01,7357.0,-22043.0,-2794.0,62.0,27.0,9.0
1742672290.3055413,-0.07,0.01,-0.14,7292.0,-20876.0,-10901.0,-0.0,0.0,-0.01,7276.0,-20830.0,-19091.0,33.0,0.0,98.0
1742672290.3175414,-0.07,0.01,-0.14,7208.0,-19662.0,-27198.0,-0.0,0.0,-0.01,7192.0,-19616.0,30148.0,43.0,19.0,60.0
1742672290.3300433,-0.07,0.01,-0.14,7121.0,-18448.0,22040.0,-0.0,0.0,-0.01,7105.0,-18402.0,13849.0,203.0,131.0,13.0
1742672290.3382602,-0.07,0.01,-0.14,7032.0,-17235.0,5741.0,-0.0,0.0,-0.01,7016.0,-17189.0,-2449.0,30.0,0.0,20.0
1742672290.3504453,-0.07,0.01,-0.14,6940.0,-16022.0,-10556.0,-0.0,0.0,-0.01,6925.0,-15976.0,-18746.0,0.0,0.0,15.0
1742672290.3624601,-0.07,0.01,-0.14,6847.0,-14809.0,-26853.0,-0.0,0.0,-0.01,6832.0,-14763.0,30493.0,190.0,221.0,157.0
1742672290.374945,-0.07,0.01,-0.14,6751.0,-13596.0,22385.0,-0.0,0.0,-0.01,6736.0,-13551.0,14194.0,0.0,95.0,52.0
1742672290.3874462,-0.07,0.01,-0.14,6651.0,-12385.0,6086.0,-0.0,0.0,-0.01,6636.0,-12340.0,-2104.0,10.0,10.0,42.0
1742672290.395946,-0.07,0.01,-0.14,6549.0,-11175.0,-10211.0,-0.0,0.0,-0.01,6534.0,-11130.0,-18401.0,0.0,0.0,0.0
1742672290.4079456,-0.07,0.01,-0.14,6445.0,-9965.0,-26508.0,-0.0,0.0,-0.01,6430.0,-9919.0,30838.0,74.0,138.0,109.0
1742672290.4204447,-0.07,0.01,-0.14,6339.0,-8754.0,22730.0,-0.0,0.0,-0.01,6324.0,-8708.0,14539.0,62.0,0.0,41.0
1742672290.4284508,-0.07,0.01,-0.14,6230.0,-7544.0,6431.0,-0.0,0.0,-0.01,6215.0,-7498.0,-1759.0,144.0,103.0,79.0
1742672290.4404733,-0.07,0.01,-0.14,6119.0,-6334.0,-9866.0,-0.0,0.0,-0.01,6104.0,-6288.0,-18056.0,0.0,10.0,3.0
1742672290.4489589,-0.07,0.01,-0.14,6006.0,-5123.0,-26163.0,-0.0,0.0,-0.01,5991.0,-5078.0,31183.0,0.0,0.0,15.0
1742672290.4609594,-0.07,0.01,-0.14,5891.0,-3914.0,23075.0,-0.0,0.0,-0.01,5876.0,-3868.0,14884.0,165.0,52.0,154.0
1742672290.4734578,-0.07,0.01,-0.14,5774.0,-2704.0,6776.0,-0.0,0.0,-0.01,5759.0,-2658.0,-1414.0,0.0,0.0,38.0
1742672290.4859574,-0.07,0.01,-0.14,5653.0,-1495.0,-9521.0,-0.0,0.0,-0.01,5638.0,-1449.0,-17711.0,0.0,96.0,55.0
1742672290.4975667,-0.07,0.01,-0.14,5530.0,-286.0,-25818.0,-0.0,0.0,-0.01,5515.0,-240.0,31528.0,28.0,0.0,55.0
1742672290.506067,-0.07,0.01,-0.14,5405.0,922.0,23420.0,-0.0,0.0,-0.01,5390.0,966.0,15229.0,34.0,79.0,54.0
1742672290.5180821,-0.07,0.01,-0.14,5278.0,2127.0,7121.0,-0.0,0.0,-0.01,5263.0,2171.0,-1069.0,121.0,0.0,0.0
1742672290.526571,-0.07,0.01,-0.14,5149.0,3332.0,-9176.0,-0.0,0.0,-0.01,5134.0,3376.0,-17366.0,108.0,213.0,117.0
1742672290.538596,-0.07,0.01,-0.14,5018.0,4537.0,-25473.0,-0.0,0.0,-0.01,5003.0,4581.0,31873.0,0.0,0.0,13.0
1742672290.547094,-0.07,0.01,-0.14,4885.0,5742.0,23765.0,-0.0,0.0,-0.01,4870.0,5786.0,15574.0,22.0,0.0,4.0
1742672290.5591102,-0.07,0.01,-0.14,4749.0,6946.0,7466.0,-0.0,0.0,-0.01,4734.0,6990.0,-724.0,186.0,251.0,159.0
1742672290.5713117,-0.07,0.01,-0.14,4611.0,8150.0,-8831.0,-0.0,0.0,-0.01,4595.0,8194.0,-17021.0,103.0,21.0,65.0
1742672290.5797954,-0.07,0.02,-0.14,4471.0,9352.0,-25128.0,-0.0,0.0,-0.01,4455.0,9396.0,32218.0,86.0,69.0,0.0
1742672290.5922956,-0.07,0.02,-0.14,4329.0,10554.0,24110.0,-0.0,0.0,-0.01,4314.0,10598.0,15919.0,221.0,134.0,104.0
1742672290.6042943,-0.07,0.02,-0.14,4185.0,11756.0,7811.0,-0.0,0.0,-0.01,4170.0,11800.0,-379.0,0.0,89.0,87.0
1742672290.6168013,-0.07,0.02,-0.14,4039.0,12958.0,-8486.0,-0.0,0.0,-0.01,4024.0,13002.0,-16676.0,7.0,19.0,14.0
1742672290.6287985,-0.07,0.02,-0.14,3891.0,14160.0,-24783.0,-0.0,0.0,-0.01,3876.0,14204.0,32563.0,223.0,260.0,157.0
1742672290.6367984,-0.07,0.02,-0.14,3742.0,15361.0,24455.0,-0.0,0.0,-0.01,3727.0,15405.0,16264.0,0.0,0.0,0.0
1742672290.6493032,-0.07,0.02,-0.14,3591.0,16562.0,8156.0,-0.0,0.0,-0.01,3576.0,16606.0,-34.0,0.0,32.0,37.0
1742672290.657803,-0.07,0.02,-0.14,3438.0,17763.0,-8141.0,-0.0,0.0,-0.01,3423.0,17807.0,-16331.0,263.0,147.0,143.0
1742672290.6703038,-0.07,0.02,-0.14,3284.0,18964.0,-24438.0,-0.0,0.0,-0.01,3269.0,19008.0,-32628.0,62.0,0.0,67.0
1742672290.6818027,-0.07,0.02,-0.14,3128.0,20165.0,24801.0,-0.0,0.0,-0.01,3113.0,20209.0,16610.0,78.0,59.0,22.0
1742672290.6948032,-0.07,0.02,-0.14,2968.0,21365.0,8502.0,-0.0,0.0,-0.01,2953.0,21409.0,311.0,161.0,114.0,107.0
1742672290.7068062,-0.07,0.02,-0.14,2806.0,22565.0,-7796.0,-0.0,0.0,-0.01,2791.0,22609.0,-15986.0,16.0,0.0,41.0
1742672290.718803,-0.07,0.02,-0.14,2643.0,23764.0,-24093.0,-0.0,0.0,-0.01,2628.0,23808.0,-32283.0,56.0,32.0,17.0
1742672290.727309,-0.07,0.02,-0.14,2479.0,24963.0,25146.0,-0.0,0.0,-0.01,2464.0,25008.0,16955.0,146.0,207.0,112.0
1742672290.7388787,-0.07,0.02,-0.14,2313.0,26163.0,8847.0,-0.0,0.0,-0.01,2298.0,26207.0,656.0,78.0,0.0,5.0
1742672290.7480357,-0.07,0.02,-0.14,2146.0,27361.0,-7451.0,-0.0,0.0,-0.01,2131.0,27405.0,-15641.0,59.0,0.0,33.0
1742672290.7600336,-0.07,0.02,-0.14,1977.0,28559.0,-23748.0,-0.0,0.0,-0.01,1962.0,28603.0,-31938.0,209.0,146.0,146.0
1742672290.771808,-0.07,0.02,-0.14,1806.0,29757.0,25491.0,-0.0,0.0,-0.01,1790.0,29801.0,17300.0,138.0,157.0,23.0
1742672290.7847931,-0.07,0.02,-0.14,1631.0,30956.0,9192.0,-0.0,0.0,-0.01,1615.0,31000.0,1001.0,107.0,110.0,14.0
1742672290.7968092,-0.07,0.02,-0.14,1455.0,32154.0,-7106.0,-0.0,0.0,-0.01,1439.0,32198.0,-15296.0,83.0,58.0,25.0
1742672290.8092933,-0.07,0.02,-0.14,1278.0,-32184.0,-23403.0,-0.0,0.0,-0.01,1262.0,-32139.0,-31593.0,124.0,115.0,67.0
1742672290.8173087,-0.07,0.02,-0.14,1099.0,-30984.0,25836.0,-0.0,0.0,-0.01,1083.0,-30939.0,17645.0,0.0,92.0,51.0
1742672290.829794,-0.07,0.02,-0.14,919.0,-29784.0,9537.0,-0.0,0.0,-0.01,903.0,-29739.0,1346.0,100.0,163.0,93.0
1742672290.8383005,-0.07,0.02,-0.14,738.0,-28585.0,-6761.0,-0.0,0.0,-0.01,722.0,-28540.0,-14951.0,58.0,0.0,0.0
1742672290.8499975,-0.07,0.02,-0.14,555.0,-27386.0,-23058.0,-0.0,0.0,-0.01,539.0,-27341.0,-31248.0,112.0,132.0,33.0
1742672290.8618987,-0.07,0.02,-0.14,371.0,-26187.0,26181.0,-0.0,0.0,-0.01,356.0,-26142.0,17990.0,214.0,168.0,220.0
1742672290.8748837,-0.07,0.02,-0.14,185.0,-24989.0,9882.0,-0.0,0.0,-0.01,170.0,-24944.0,1691.0,220.0,278.0,192.0
1742672290.886882,-0.07,0.02,-0.14,-1.0,-23791.0,-6416.0,-0.0,0.0,-0.01,-15.0,-23746.0,-14606.0,119.0,0.0,54.0
1742672290.8953822,-0.07,0.02,-0.14,-187.0,-22593.0,-22713.0,-0.0,0.0,-0.01,-201.0,-22548.0,-30903.0,99.0,101.0,15.0
1742672290.907382,-0.07,0.02,-0.14,-374.0,-21395.0,26525.0,-0.0,0.0,-0.01,-388.0,-21350.0,18334.0,20.0,86.0,102.0
1742672290.9193826,-0.07,0.02,-0.14,-562.0,-20198.0,10225.0,-0.0,0.0,-0.01,-576.0,-20153.0,2034.0,140.0,143.0,50.0
1742672290.9278874,-0.07,0.02,-0.14,-751.0,-19001.0,-6074.0,-0.0,0.0,-0.01,-765.0,-18956.0,-14264.0,100.0,123.0,109.0
1742672290.9404097,-0.07,0.02,-0.14,-942.0,-17804.0,-22372.0,-0.0,0.0,-0.01,-956.0,-17759.0,-30562.0,44.0,82.0,30.0
1742672290.9484339,-0.07,0.02,-0.14,-1134.0,-16607.0,26866.0,-0.0,0.0,-0.01,-1148.0,-16562.0,18675.0,91.0,59.0,0.0
1742672290.9609096,-0.07,0.02,-0.14,-1327.0,-15410.0,10566.0,-0.0,0.0,-0.01,-1342.0,-15365.0,2375.0,140.0,86.0,202.0
1742672290.9774098,-0.07,0.02,-0.14,-1523.0,-14214.0,-5733.0,-0.0,0.0,-0.01,-1538.0,-14169.0,-13923.0,78.0,89.0,134.0
1742672290.9854097,-0.07,0.02,-0.14,-1720.0,-13018.0,-22031.0,-0.0,0.0,-0.01,-1735.0,-12974.0,-30221.0,101.0,124.0,44.0
1742672290.9978762,-0.07,0.02,-0.14,-1918.0,-11823.0,27207.0,-0.0,0.0,-0.01,-1933.0,-11779.0,19016.0,32.0,56.0,3.0
1742672291.0098772,-0.07,0.02,-0.14,-2117.0,-10629.0,10907.0,-0.0,0.0,-0.01,-2132.0,-10585.0,2716.0,93.0,160.0,175.0
1742672291.0183766,-0.06,0.02,-0.14,-2317.0,-9435.0,-5392.0,-0.0,0.0,-0.01,-2332.0,-9391.0,-13582.0,100.0,0.0,50.0
1742672291.0303798,-0.06,0.02,-0.14,-2518.0,-8240.0,-21690.0,-0.0,0.0,-0.01,-2533.0,-8196.0,-29880.0,89.0,105.0,99.0
1742672291.0388877,-0.06,0.02,-0.14,-2720.0,-7045.0,27548.0,-0.0,0.0,-0.01,-2735.0,-7001.0,19357.0,5.0,0.0,34.0
1742672291.0508876,-0.06,0.02,-0.14,-2923.0,-5850.0,11248.0,-0.0,0.0,-0.01,-2938.0,-5806.0,3057.0,0.0,55.0,54.0
1742672291.0668876,-0.06,0.02,-0.14,-3128.0,-4656.0,-5051.0,-0.0,0.0,-0.01,-3143.0,-4611.0,-13241.0,52.0,5.0,37.0
1742672291.0753875,-0.06,0.02,-0.14,-3334.0,-3461.0,-21349.0,-0.0,0.0,-0.01,-3349.0,-3416.0,-29539.0,68.0,142.0,204.0
1742672291.0878866,-0.06,0.02,-0.14,-3542.0,-2266.0,27889.0,-0.0,0.0,-0.01,-3557.0,-2222.0,19698.0,64.0,163.0,72.0
1742672291.0958867,-0.06,0.02,-0.14,-3751.0,-1073.0,11589.0,-0.0,0.0,-0.01,-3766.0,-1029.0,3398.0,0.0,0.0,0.0
1742672291.1083894,-0.06,0.02,-0.14,-3961.0,119.0,-4710.0,-0.0,0.0,-0.01,-3976.0,162.0,-12900.0,33.0,89.0,99.0
1742672291.1168883,-0.06,0.02,-0.14,-4172.0,1310.0,-21008.0,-0.0,0.0,-0.01,-4187.0,1353.0,-29198.0,75.0,58.0,39.0
1742672291.128892,-0.06,0.02,-0.14,-4384.0,2501.0,28230.0,-0.0,0.0,-0.01,-4399.0,2544.0,20039.0,132.0,65.0,87.0
1742672291.1405709,-0.06,0.02,-0.14,-4597.0,3692.0,11930.0,-0.0,0.0,-0.01,-4612.0,3735.0,3739.0,96.0,43.0,0.0
1742672291.14907,-0.06,0.02,-0.14,-4811.0,4883.0,-4369.0,-0.0,0.0,-0.01,-4826.0,4926.0,-12559.0,0.0,78.0,18.0
1742672291.1610854,-0.06,0.02,-0.14,-5027.0,6074.0,-20667.0,-0.0,0.0,-0.01,-5042.0,6117.0,-28857.0,119.0,234.0,151.0
1742672291.1780696,-0.06,0.02,-0.14,-5244.0,7264.0,28571.0,-0.0,0.0,-0.01,-5259.0,7307.0,20380.0,129.0,162.0,204.0
1742672291.1860702,-0.06,0.02,-0.14,-5462.0,8454.0,12271.0,-0.0,0.0,-0.01,-5477.0,8497.0,4080.0,11.0,0.0,60.0
1742672291.197971,-0.06,0.02,-0.14,-5681.0,9644.0,-4028.0,-0.0,0.0,-0.01,-5696.0,9687.0,-12218.0,96.0,59.0,35.0
1742672291.2064703,-0.06,0.03,-0.14,-5901.0,10834.0,-20326.0,-0.0,0.0,-0.01,-5916.0,10877.0,-28516.0,22.0,8.0,85.0
1742672291.2184703,-0.06,0.03,-0.14,-6121.0,12023.0,28912.0,-0.0,0.0,-0.01,-6136.0,12066.0,20721.0,0.0,72.0,72.0
1742672291.2274811,-0.06,0.03,-0.14,-6342.0,13212.0,12612.0,-0.0,0.0,-0.01,-6357.0,13255.0,4421.0,200.0,193.0,77.0
1742672291.2394865,-0.06,0.03,-0.14,-6564.0,14401.0,-3687.0,-0.0,0.0,-0.01,-6579.0,14444.0,-11877.0,38.0,0.0,18.0
1742672291.2514865,-0.06,0.03,-0.14,-6787.0,15590.0,-19985.0,-0.0,0.0,-0.01,-6802.0,15633.0,-28175.0,137.0,129.0,43.0
1742672291.263986,-0.06,0.03,-0.14,-7012.0,16779.0,29253.0,-0.0,0.0,-0.01,-7027.0,16822.0,21062.0,0.0,0.0,0.0
1742672291.2764864,-0.06,0.03,-0.14,-7238.0,17968.0,12953.0,-0.0,0.0,-0.01,-7253.0,18011.0,4762.0,181.0,237.0,174.0
1742672291.2884874,-0.06,0.03,-0.14,-7464.0,19157.0,-3346.0,-0.0,0.0,-0.01,-7479.0,19200.0,-11536.0,144.0,13.0,27.0
1742672291.2974882,-0.06,0.03,-0.14,-7691.0,20346.0,-19644.0,-0.0,0.0,-0.01,-7706.0,20389.0,-27834.0,50.0,46.0,35.0
1742672291.309488,-0.06,0.03,-0.14,-7919.0,21535.0,29594.0,-0.0,0.0,-0.01,-7934.0,21578.0,21403.0,179.0,105.0,169.0
1742672291.3214877,-0.06,0.03,-0.14,-8148.0,22723.0,13294.0,-0.0,0.0,-0.01,-8162.0,22766.0,5103.0,127.0,110.0,82.0
1742672291.3294907,-0.06,0.03,-0.14,-8377.0,23912.0,-3005.0,-0.0,0.0,-0.01,-8391.0,23955.0,-11195.0,183.0,61.0,42.0
1742672291.3454964,-0.06,0.03,-0.14,-8607.0,25100.0,-19303.0,-0.0,0.0,-0.01,-8622.0,25143.0,-27493.0,143.0,83.0,101.0
1742672291.3539963,-0.06,0.03,-0.14,-8838.0,26288.0,29935.0,-0.0,0.0,-0.01,-8853.0,26331.0,21744.0,51.0,27.0,0.0
1742672291.3664963,-0.06,0.03,-0.14,-9070.0,27476.0,13635.0,-0.0,0.0,-0.01,-9084.0,27519.0,5444.0,0.0,120.0,28.0
1742672291.378496,-0.06,0.03,-0.14,-9302.0,28664.0,-2664.0,-0.0,0.0,-0.01,-9317.0,28707.0,-10854.0,211.0,236.0,122.0
1742672291.3866677,-0.06,0.03,-0.14,-9536.0,29853.0,-18962.0,-0.0,0.0,-0.01,-9551.0,29896.0,-27152.0,82.0,141.0,31.0
1742672291.39865,-0.06,0.03,-0.14,-9771.0,31042.0,30276.0,-0.0,0.0,-0.01,-9786.0,31085.0,22085.0,0.0,0.0,5.0
1742672291.41115,-0.06,0.03,-0.14,-10007.0,32231.0,13976.0,-0.0,0.0,-0.01,-10022.0,32274.0,5785.0,187.0,236.0,198.0
1742672291.419651,-0.06,0.03,-0.14,-10243.0,-32116.0,-2323.0,-0.0,0.0,-0.01,-10258.0,-32072.0,-10513.0,8.0,0.0,10.0
1742672291.4356518,-0.06,0.03,-0.14,-10481.0,-30925.0,-18621.0,-0.0,0.0,-0.01,-10496.0,-30881.0,-26811.0,75.0,22.0,51.0
1742672291.44816,-0.06,0.03,-0.14,-10719.0,-29735.0,30617.0,-0.0,0.0,-0.01,-10734.0,-29691.0,22426.0,69.0,32.0,81.0
1742672291.4567406,-0.06,0.03,-0.14,-10958.0,-28545.0,14317.0,-0.0,0.0,-0.01,-10973.0,-28501.0,6126.0,54.0,0.0,14.0
1742672291.468718,-0.06,0.03,-0.14,-11201.0,-27355.0,-1982.0,-0.0,0.0,-0.01,-11216.0,-27311.0,-10172.0,0.0,52.0,31.0
1742672291.4772182,-0.06,0.03,-0.14,-11452.0,-26163.0,-18278.0,-0.0,0.0,-0.01,-11466.0,-26118.0,-26468.0,143.0,168.0,154.0
1742672291.4892223,-0.06,0.03,-0.14,-11716.0,-24969.0,30962.0,-0.0,0.0,-0.01,-11730.0,-24924.0,22771.0,0.0,0.0,25.0
1742672291.5012183,-0.06,0.03,-0.14,-11997.0,-23772.0,14664.0,-0.0,0.0,-0.01,-12011.0,-23727.0,6473.0,0.0,42.0,38.0
1742672291.5137186,-0.06,0.04,-0.14,-12306.0,-22574.0,-1631.0,-0.0,0.0,-0.01,-12320.0,-22528.0,-9821.0,0.0,86.0,0.0
1742672291.5257244,-0.06,0.04,-0.14,-12627.0,-21380.0,-17925.0,-0.0,0.0,-0.01,-12641.0,-21334.0,-26115.0,211.0,167.0,157.0
1742672291.538226,-0.06,0.04,-0.14,-12966.0,-20201.0,31315.0,-0.0,0.0,-0.01,-12980.0,-20154.0,23124.0,104.0,39.0,77.0
1742672291.5462298,-0.06,0.04,-0.14,-13325.0,-19049.0,15014.0,-0.0,0.0,-0.01,-13339.0,-19001.0,6823.0,11.0,0.0,0.0
1742672291.558785,-0.06,0.05,-0.13,-13708.0,-17933.0,-1290.0,-0.0,0.0,-0.01,-13723.0,-17886.0,-9480.0,150.0,185.0,155.0
1742672291.5707839,-0.06,0.05,-0.13,-14116.0,-16854.0,-17596.0,-0.0,0.0,-0.01,-14131.0,-16808.0,-25786.0,39.0,35.0,51.0
1742672291.5792837,-0.06,0.05,-0.12,-14549.0,-15822.0,31629.0,-0.0,0.0,-0.01,-14564.0,-15777.0,23438.0,20.0,38.0,79.0
1742672291.595381,-0.07,0.05,-0.11,-15011.0,-14894.0,15306.0,-0.0,0.0,-0.01,-15027.0,-14851.0,7115.0,208.0,85.0,122.0
1742672291.6078675,-0.07,0.06,-0.1,-15494.0,-14019.0,-1020.0,-0.0,0.0,-0.01,-15510.0,-13977.0,-9210.0,136.0,30.0,70.0
1742672291.6158679,-0.07,0.06,-0.09,-16009.0,-13203.0,-17349.0,-0.0,0.0,-0.01,-16027.0,-13160.0,-25539.0,23.0,0.0,86.0
1742672291.6282985,-0.07,0.06,-0.09,-16559.0,-12456.0,31854.0,-0.0,0.0,-0.01,-16578.0,-12412.0,23663.0,134.0,162.0,227.0
1742672291.6368003,-0.07,0.07,-0.08,-17132.0,-11771.0,15514.0,-0.0,0.0,-0.01,-17150.0,-11727.0,7323.0,50.0,25.0,2.0
1742672291.648807,-0.07,0.07,-0.07,-17760.0,-11165.0,-826.0,-0.0,0.0,-0.01,-17779.0,-11120.0,-9016.0,0.0,199.0,129.0
1742672291.6608064,-0.07,0.09,-0.06,-18492.0,-10668.0,-17164.0,-0.0,0.0,-0.01,-18512.0,-10624.0,-25354.0,290.0,122.0,300.0
1742672291.677358,-0.07,0.09,-0.01,-19232.0,-10536.0,32023.0,0.0,0.0,-0.0,-19247.0,-10500.0,23832.0,190.0,268.0,234.0
1742672291.6858413,-0.06,0.09,0.01,-20019.0,-10598.0,15678.0,0.0,0.0,-0.0,-20027.0,-10561.0,7487.0,115.0,95.0,85.0
1742672291.697841,-0.07,0.1,0.04,-20864.0,-10888.0,-655.0,0.0,0.0,-0.0,-20885.0,-10858.0,-8845.0,78.0,67.0,22.0
1742672291.7063417,-0.07,0.11,0.05,-21785.0,-11239.0,-16977.0,0.0,0.0,-0.01,-21815.0,-11198.0,-25167.0,59.0,36.0,134.0
1742672291.718341,-0.07,0.11,0.05,-22724.0,-11573.0,32238.0,-0.0,0.0,-0.01,-22745.0,-11513.0,24047.0,3.0,15.0,1.0
1742672291.7303984,-0.07,0.11,0.06,-23682.0,-12001.0,15923.0,0.0,0.0,-0.01,-23700.0,-11949.0,7732.0,87.0,68.0,0.0
1742672291.7390177,-0.07,0.12,0.08,-24704.0,-12572.0,-373.0,0.0,0.0,-0.01,-24725.0,-12530.0,-8563.0,0.0,0.0,0.0
1742672291.7555182,-0.08,0.13,0.09,-25794.0,-13287.0,-16649.0,0.0,0.0,-0.01,-25810.0,-13224.0,-24839.0,7.0,0.0,0.0
1742672291.7635264,-0.08,0.14,0.11,-26912.0,-14091.0,32627.0,0.0,0.0,-0.01,-26928.0,-14036.0,24436.0,0.0,0.0,0.0
1742672291.7758684,-0.08,0.14,0.12,-28077.0,-14981.0,16380.0,0.0,0.0,-0.01,-28099.0,-14932.0,8189.0,126.0,151.0,153.0
1742672291.7878845,-0.07,0.14,0.13,-29254.0,-15962.0,144.0,0.0,0.0,-0.01,-29275.0,-15906.0,-8046.0,0.0,21.0,0.0
1742672291.7963822,-0.07,0.14,0.14,-30426.0,-17024.0,-16078.0,0.0,0.0,-0.01,-30445.0,-16969.0,-24268.0,0.0,11.0,0.0
1742672291.8088822,-0.07,0.14,0.15,-31598.0,-18157.0,-32290.0,0.0,0.0,-0.01,-31618.0,-18107.0,25056.0,128.0,125.0,86.0
1742672291.8203816,-0.07,0.14,0.15,32750.0,-19346.0,17043.0,0.0,0.0,-0.01,32725.0,-19298.0,8852.0,67.0,42.0,22.0
1742672291.8334086,-0.07,0.14,0.16,31570.0,-20588.0,845.0,0.0,0.0,-0.01,31550.0,-20534.0,-7345.0,0.0,20.0,0.0
1742672291.8459432,-0.07,0.14,0.16,30392.0,-21841.0,-15348.0,0.0,0.0,-0.01,30372.0,-21788.0,-23538.0,117.0,142.0,137.0
1742672291.8575728,-0.06,0.14,0.16,29210.0,-23086.0,-31541.0,0.0,0.0,-0.01,29190.0,-23036.0,25805.0,0.0,12.0,59.0
1742672291.866059,-0.06,0.14,0.16,28039.0,-24320.0,17797.0,0.0,0.0,-0.01,28019.0,-24270.0,9606.0,0.0,0.0,0.0
1742672291.878058,-0.05,0.14,0.16,26884.0,-25532.0,1592.0,0.0,0.0,-0.01,26863.0,-25484.0,-6598.0,132.0,157.0,132.0
1742672291.8865795,-0.04,0.14,0.15,25746.0,-26697.0,-14621.0,0.0,0.0,-0.01,25725.0,-26650.0,-22811.0,0.0,0.0,0.0
1742672291.898557,-0.03,0.13,0.14,24623.0,-27804.0,-30845.0,0.0,0.0,-0.01,24603.0,-27755.0,26501.0,0.0,0.0,0.0
1742672291.9105585,-0.02,0.13,0.13,23510.0,-28843.0,18455.0,0.0,0.0,-0.01,23490.0,-28790.0,10264.0,128.0,123.0,124.0
1742672291.9235606,-0.0,0.14,0.12,22372.0,-29757.0,2206.0,0.0,0.0,-0.01,22358.0,-29704.0,-5984.0,68.0,75.0,73.0
1742672291.9355602,0.0,0.14,0.11,21215.0,-30632.0,-14042.0,0.0,0.0,-0.01,21197.0,-30580.0,-22232.0,0.0,27.0,0.0
1742672291.9476078,0.01,0.14,0.11,20031.0,-31456.0,-30293.0,-0.0,0.0,-0.01,20014.0,-31399.0,27053.0,108.0,72.0,5.0
1742672291.955724,0.01,0.15,0.1,18818.0,-32200.0,18989.0,-0.0,0.0,-0.01,18803.0,-32137.0,10798.0,0.0,0.0,0.0
1742672291.968,0.01,0.15,0.09,17592.0,32659.0,2730.0,-0.0,0.0,-0.01,17579.0,32724.0,-5460.0,0.0,0.0,0.0
1742672291.9765007,0.02,0.15,0.08,16357.0,32043.0,-13530.0,-0.0,0.0,-0.01,16347.0,32107.0,-21720.0,83.0,109.0,136.0
1742672291.9889998,0.02,0.15,0.08,15116.0,31481.0,-29794.0,-0.0,0.0,-0.01,15107.0,31543.0,27552.0,0.0,0.0,0.0
1742672291.9969993,0.02,0.15,0.07,13875.0,30986.0,19472.0,-0.0,0.0,-0.01,13866.0,31049.0,11281.0,0.0,17.0,0.0
1742672292.0140932,0.02,0.15,0.05,12661.0,30618.0,3190.0,-0.0,0.0,-0.01,12653.0,30679.0,-5000.0,0.0,0.0,0.0
1742672292.0255954,0.02,0.14,0.05,11473.0,30286.0,-13096.0,0.0,0.0,-0.01,11464.0,30343.0,-21286.0,45.0,57.0,71.0
1742672292.0340958,0.02,0.14,0.04,10312.0,29998.0,-29388.0,0.0,0.0,-0.01,10300.0,30051.0,27958.0,7.0,27.0,0.0
1742672292.0461016,0.02,0.14,0.04,9176.0,29755.0,19849.0,0.0,0.0,-0.01,9162.0,29806.0,11658.0,37.0,46.0,25.0
1742672292.0581021,0.01,0.13,0.03,8063.0,29559.0,3544.0,0.0,0.0,-0.01,8047.0,29610.0,-4646.0,0.0,0.0,0.0
1742672292.0664785,0.01,0.13,0.03,6978.0,29406.0,-12765.0,0.0,0.0,-0.01,6963.0,29458.0,-20955.0,0.0,0.0,0.0
1742672292.0789647,0.01,0.13,0.02,5924.0,29287.0,-29078.0,0.0,0.0,-0.01,5911.0,29339.0,28268.0,88.0,101.0,97.0
1742672292.087463,0.01,0.12,0.02,4893.0,29200.0,20141.0,0.0,0.0,-0.01,4879.0,29249.0,11950.0,0.0,0.0,0.0
1742672292.1034625,0.01,0.12,0.01,3904.0,29174.0,3817.0,0.0,0.0,-0.01,3887.0,29223.0,-4373.0,0.0,6.0,0.0
1742672292.1159623,0.01,0.12,0.01,2926.0,29178.0,-12507.0,0.0,0.0,-0.01,2909.0,29227.0,-20697.0,0.0,0.0,0.0
1742672292.1244688,0.01,0.12,0.0,1957.0,29200.0,-28833.0,0.0,0.0,-0.01,1939.0,29250.0,28513.0,23.0,56.0,59.0
1742672292.1364682,0.01,0.12,0.0,993.0,29241.0,20376.0,0.0,0.0,-0.01,975.0,29291.0,12185.0,5.0,4.0,0.0
1742672292.1445034,0.01,0.12,0.0,33.0,29288.0,4047.0,0.0,0.0,-0.01,16.0,29341.0,-4143.0,100.0,73.0,49.0
1742672292.1565213,0.01,0.11,-0.0,-923.0,29342.0,-12280.0,0.0,0.0,-0.01,-938.0,29396.0,-20470.0,0.0,0.0,0.0
1742672292.1650035,0.01,0.12,0.0,-1882.0,29392.0,-28607.0,0.0,0.0,-0.01,-1897.0,29446.0,28739.0,0.0,0.0,0.0
1742672292.1775033,0.01,0.12,0.0,-2851.0,29425.0,20603.0,0.0,0.0,-0.01,-2867.0,29479.0,12412.0,112.0,97.0,95.0
1742672292.1895037,0.01,0.12,0.0,-3828.0,29447.0,4276.0,0.0,0.0,-0.01,-3845.0,29502.0,-3914.0,6.0,0.0,0.0
1742672292.1978538,0.01,0.12,0.0,-4812.0,29461.0,-12047.0,0.0,0.0,-0.01,-4830.0,29518.0,-20237.0,0.0,0.0,0.0
1742672292.2098556,0.01,0.12,0.0,-5803.0,29479.0,-28370.0,0.0,0.0,-0.01,-5821.0,29538.0,28976.0,86.0,77.0,89.0
1742672292.2223547,0.01,0.12,0.0,-6801.0,29520.0,20842.0,0.0,0.0,-0.01,-6818.0,29577.0,12651.0,0.0,0.0,19.0
1742672292.2343597,0.01,0.12,-0.0,-7795.0,29579.0,4517.0,0.0,0.0,-0.01,-7811.0,29634.0,-3673.0,0.0,0.0,0.0
1742672292.2468915,0.01,0.12,-0.0,-8780.0,29660.0,-11806.0,0.0,0.0,-0.01,-8796.0,29714.0,-19996.0,97.0,71.0,67.0
1742672292.254891,0.01,0.12,-0.01,-9753.0,29762.0,-28131.0,0.0,0.0,-0.01,-9769.0,29815.0,29215.0,0.0,0.0,0.0
1742672292.2673929,0.01,0.12,-0.01,-10711.0,29878.0,21077.0,0.0,0.0,-0.01,-10727.0,29930.0,12886.0,0.0,0.0,0.0
1742672292.2758904,0.01,0.11,-0.01,-11654.0,29996.0,4747.0,0.0,0.0,-0.01,-11671.0,30047.0,-3443.0,111.0,118.0,122.0
1742672292.2878938,0.01,0.11,-0.01,-12586.0,30110.0,-11582.0,0.0,0.0,-0.01,-12604.0,30161.0,-19772.0,0.0,0.0,0.0
1742672292.2998905,0.01,0.11,-0.01,-13507.0,30220.0,-27913.0,0.0,0.0,-0.01,-13525.0,30273.0,29433.0,0.0,0.0,0.0
1742672292.3128908,0.01,0.11,-0.0,-14407.0,30308.0,21289.0,0.0,0.0,-0.01,-14424.0,30362.0,13098.0,9.0,2.0,0.0
1742672292.3248935,0.01,0.11,-0.0,-15298.0,30386.0,4953.0,0.0,0.0,-0.01,-15316.0,30440.0,-3237.0,0.0,0.0,25.0
1742672292.3328936,0.01,0.11,-0.0,-16182.0,30463.0,-11382.0,0.0,0.0,-0.01,-16200.0,30516.0,-19572.0,0.0,0.0,0.0
1742672292.3454447,0.01,0.1,-0.0,-17058.0,30547.0,-27718.0,0.0,0.0,-0.01,-17077.0,30600.0,29628.0,84.0,90.0,82.0
1742672292.3569489,0.01,0.1,-0.01,-17926.0,30643.0,21480.0,0.0,0.0,-0.01,-17945.0,30695.0,13289.0,0.0,0.0,0.0
1742672292.3658442,0.01,0.1,-0.01,-18785.0,30751.0,5141.0,0.0,0.0,-0.01,-18803.0,30802.0,-3049.0,0.0,0.0,0.0
1742672292.37786,0.01,0.1,-0.01,-19636.0,30874.0,-11197.0,0.0,0.0,-0.01,-19654.0,30924.0,-19387.0,105.0,105.0,95.0
1742672292.3863437,0.01,0.1,-0.01,-20482.0,31012.0,-27536.0,0.0,0.0,-0.01,-20500.0,31062.0,29810.0,0.0,0.0,0.0
1742672292.3983462,0.01,0.1,-0.01,-21323.0,31164.0,21660.0,0.0,0.0,-0.01,-21341.0,31215.0,13469.0,0.0,0.0,0.0
1742672292.4148464,0.01,0.1,-0.01,-22159.0,31321.0,5319.0,0.0,0.0,-0.01,-22177.0,31374.0,-2871.0,0.0,0.0,0.0
1742672292.42337,0.01,0.1,-0.01,-22996.0,31476.0,-11020.0,0.0,0.0,-0.01,-23015.0,31529.0,-19210.0,2.0,14.0,45.0
1742672292.4353697,0.01,0.1,-0.01,-23837.0,31626.0,-27359.0,0.0,0.0,-0.01,-23856.0,31680.0,29987.0,0.0,0.0,0.0
1742672292.4474094,0.01,0.1,-0.01,-24683.0,31774.0,21837.0,0.0,0.0,-0.01,-24703.0,31829.0,13646.0,86.0,51.0,38.0
1742672292.455912,0.01,0.1,-0.01,-25530.0,31919.0,5496.0,0.0,0.0,-0.01,-25549.0,31975.0,-2694.0,0.0,0.0,0.0
1742672292.4679577,0.01,0.1,-0.01,-26375.0,32064.0,-10843.0,0.0,0.0,-0.01,-26393.0,32119.0,-19033.0,0.0,0.0,0.0
1742672292.4764569,0.01,0.1,-0.01,-27215.0,32214.0,-27182.0,0.0,0.0,-0.01,-27233.0,32268.0,30164.0,97.0,102.0,132.0
1742672292.4884577,0.01,0.1,-0.01,-28049.0,32375.0,22014.0,0.0,0.0,-0.01,-28068.0,32427.0,13823.0,0.0,0.0,0.0
1742672292.504474,0.01,0.1,-0.02,-28861.0,32559.0,5671.0,0.0,0.0,-0.01,-28880.0,32609.0,-2519.0,18.0,11.0,7.0
1742672292.513457,0.01,0.1,-0.02,-29662.0,32750.0,-10672.0,0.0,0.0,-0.01,-29681.0,-32736.0,-18862.0,0.0,0.0,0.0
1742672292.525519,0.01,0.09,-0.02,-30452.0,-32585.0,-27015.0,0.0,0.0,-0.01,-30471.0,-32534.0,30331.0,67.0,58.0,83.0
1742672292.5372612,0.01,0.09,-0.02,-31233.0,-32379.0,22176.0,0.0,0.0,-0.01,-31253.0,-32328.0,13985.0,9.0,37.0,1.0
1742672292.5462675,0.01,0.09,-0.02,-32007.0,-32174.0,5829.0,0.0,0.0,-0.01,-32026.0,-32122.0,-2361.0,59.0,46.0,24.0
1742672292.5582678,0.01,0.09,-0.02,32762.0,-31974.0,-10516.0,0.0,0.0,-0.01,32742.0,-31921.0,-18706.0,0.0,0.0,5.0
1742672292.5662677,0.01,0.09,-0.02,31998.0,-31779.0,-26862.0,0.0,0.0,-0.01,31978.0,-31726.0,30484.0,0.0,0.0,0.0
1742672292.5787675,0.01,0.09,-0.02,31237.0,-31588.0,22326.0,0.0,0.0,-0.01,31216.0,-31535.0,14135.0,104.0,77.0,43.0
1742672292.594767,0.01,0.09,-0.02,30481.0,-31398.0,5977.0,0.0,0.0,-0.01,30460.0,-31346.0,-2213.0,138.0,131.0,157.0
1742672292.603267,0.01,0.09,-0.02,29728.0,-31205.0,-10370.0,0.0,0.0,-0.01,29707.0,-31153.0,-18560.0,25.0,0.0,8.0
1742672292.6157663,0.01,0.09,-0.02,28977.0,-31002.0,-26717.0,0.0,0.0,-0.01,28956.0,-30950.0,30629.0,0.0,0.0,0.0
1742672292.6277924,0.01,0.09,-0.02,28227.0,-30786.0,22471.0,0.0,0.0,-0.01,28206.0,-30734.0,14280.0,113.0,134.0,169.0
1742672292.6362915,0.01,0.09,-0.02,27478.0,-30557.0,6122.0,0.0,0.0,-0.01,27457.0,-30505.0,-2068.0,9.0,15.0,0.0
1742672292.6483026,0.01,0.09,-0.02,26732.0,-30319.0,-10225.0,0.0,0.0,-0.01,26711.0,-30267.0,-18415.0,0.0,0.0,3.0
1742672292.6567993,0.01,0.09,-0.02,25989.0,-30076.0,-26572.0,0.0,0.0,-0.01,25968.0,-30024.0,30774.0,46.0,64.0,120.0
1742672292.6727972,0.01,0.09,-0.02,25256.0,-29827.0,22616.0,0.0,0.0,-0.01,25235.0,-29775.0,14425.0,0.0,0.0,19.0
1742672292.6852977,0.01,0.09,-0.02,24529.0,-29581.0,6265.0,0.0,0.0,-0.01,24508.0,-29529.0,-1925.0,2.0,0.0,42.0
1742672292.6937973,0.01,0.09,-0.02,23809.0,-29342.0,-10084.0,0.0,0.0,-0.01,23787.0,-29291.0,-18274.0,113.0,134.0,104.0
1742672292.7057974,0.01,0.08,-0.02,23096.0,-29108.0,-26434.0,0.0,0.0,-0.01,23074.0,-29057.0,30912.0,0.0,0.0,0.0
1742672292.7177973,0.01,0.08,-0.02,22390.0,-28875.0,22750.0,0.0,0.0,-0.01,22368.0,-28824.0,14559.0,0.0,0.0,0.0
1742672292.726304,0.01,0.08,-0.02,21690.0,-28640.0,6397.0,0.0,0.0,-0.01,21668.0,-28589.0,-1793.0,135.0,119.0,72.0
1742672292.7378995,0.01,0.08,-0.02,20996.0,-28402.0,-9954.0,0.0,0.0,-0.01,20974.0,-28352.0,-18144.0,16.0,14.0,0.0
1742672292.754714,0.01,0.08,-0.02,20313.0,-28150.0,-26306.0,0.0,0.0,-0.01,20291.0,-28101.0,31040.0,14.0,13.0,0.0
1742672292.7632132,0.01,0.08,-0.03,19634.0,-27889.0,22877.0,0.0,0.0,-0.01,19612.0,-27840.0,14686.0,35.0,0.0,1.0
1742672292.775213,0.01,0.08,-0.03,18957.0,-27619.0,6523.0,0.0,0.0,-0.01,18935.0,-27569.0,-1667.0,9.0,27.0,63.0
1742672292.7837133,0.01,0.08,-0.03,18281.0,-27343.0,-9829.0,0.0,0.0,-0.01,18259.0,-27293.0,-18019.0,12.0,19.0,36.0
1742672292.7957134,0.01,0.08,-0.03,17606.0,-27065.0,-26181.0,0.0,0.0,-0.01,17584.0,-27014.0,31165.0,78.0,89.0,56.0
1742672292.8076692,0.01,0.08,-0.03,16932.0,-26785.0,23002.0,0.0,0.0,-0.01,16910.0,-26734.0,14811.0,0.0,0.0,0.0
1742672292.8161695,0.01,0.08,-0.03,16259.0,-26506.0,6648.0,0.0,0.0,-0.01,16237.0,-26455.0,-1542.0,0.0,0.0,0.0
1742672292.8281982,0.01,0.08,-0.03,15588.0,-26229.0,-9704.0,0.0,0.0,-0.01,15566.0,-26178.0,-17894.0,131.0,134.0,97.0
1742672292.844718,0.01,0.08,-0.03,14926.0,-25955.0,-26057.0,0.0,0.0,-0.01,14904.0,-25905.0,31289.0,138.0,158.0,108.0
1742672292.853202,0.01,0.08,-0.03,14272.0,-25680.0,23125.0,0.0,0.0,-0.01,14250.0,-25631.0,14934.0,0.0,0.0,0.0
1742672292.8652022,0.01,0.08,-0.03,13624.0,-25402.0,6769.0,0.0,0.0,-0.01,13602.0,-25354.0,-1421.0,0.0,0.0,0.0
1742672292.8737051,0.01,0.08,-0.03,12983.0,-25120.0,-9586.0,0.0,0.0,-0.01,12960.0,-25072.0,-17776.0,55.0,62.0,42.0
1742672292.8857024,0.01,0.07,-0.03,12348.0,-24831.0,-25941.0,0.0,0.0,-0.01,12325.0,-24783.0,31405.0,0.0,2.0,0.0
1742672292.8981035,0.01,0.07,-0.03,11719.0,-24536.0,23239.0,0.0,0.0,-0.01,11696.0,-24488.0,15048.0,63.0,72.0,86.0
1742672292.9061193,0.01,0.07,-0.03,11095.0,-24236.0,6882.0,0.0,0.0,-0.01,11072.0,-24188.0,-1308.0,0.0,0.0,0.0
1742672292.9182642,0.01,0.07,-0.03,10474.0,-23933.0,-9473.0,0.0,0.0,-0.01,10451.0,-23885.0,-17663.0,0.0,0.0,0.0
1742672292.926751,0.01,0.07,-0.03,9854.0,-23628.0,-25828.0,0.0,0.0,-0.01,9831.0,-23580.0,31518.0,113.0,132.0,150.0
1742672292.943256,0.01,0.07,-0.03,9234.0,-23323.0,23352.0,0.0,0.0,-0.01,9211.0,-23273.0,15161.0,126.0,115.0,142.0
1742672292.9552763,0.01,0.07,-0.03,8614.0,-23018.0,6995.0,0.0,0.0,-0.01,8591.0,-22968.0,-1195.0,28.0,25.0,28.0
1742672292.9637547,0.01,0.07,-0.03,7995.0,-22713.0,-9360.0,0.0,0.0,-0.01,7972.0,-22664.0,-17550.0,0.0,0.0,0.0
1742672292.9757557,0.01,0.07,-0.03,7378.0,-22407.0,-25715.0,0.0,0.0,-0.01,7355.0,-22358.0,31631.0,53.0,68.0,86.0
1742672292.984256,0.01,0.07,-0.03,6765.0,-22098.0,23465.0,0.0,0.0,-0.01,6742.0,-22050.0,15274.0,16.0,5.0,0.0
1742672292.996256,0.01,0.07,-0.03,6157.0,-21787.0,7107.0,0.0,0.0,-0.01,6134.0,-21739.0,-1083.0,98.0,91.0,99.0
1742672293.0087547,0.01,0.07,-0.03,5556.0,-21471.0,-9249.0,0.0,0.0,-0.01,5533.0,-21424.0,-17439.0,0.0,18.0,20.0
1742672293.0167558,0.01,0.07,-0.03,4962.0,-21149.0,-25606.0,0.0,0.0,-0.01,4939.0,-21102.0,31740.0,0.0,0.0,0.0
1742672293.0337613,0.01,0.07,-0.03,4380.0,-20819.0,23572.0,0.0,0.0,-0.01,4356.0,-20772.0,15381.0,0.0,0.0,0.0
1742672293.0427864,0.01,0.07,-0.03,3801.0,-20488.0,7213.0,0.0,0.0,-0.01,3777.0,-20441.0,-977.0,134.0,129.0,108.0
1742672293.053786,0.01,0.07,-0.03,3226.0,-20156.0,-9144.0,0.0,0.0,-0.01,3202.0,-20108.0,-17334.0,18.0,0.0,0.0
1742672293.066287,0.01,0.07,-0.03,2652.0,-19823.0,-25501.0,0.0,0.0,-0.01,2628.0,-19775.0,31845.0,0.0,0.0,0.0
1742672293.0742867,0.01,0.07,-0.03,2079.0,-19491.0,23676.0,0.0,0.0,-0.01,2055.0,-19443.0,15485.0,72.0,94.0,125.0
1742672293.086286,0.01,0.07,-0.03,1506.0,-19159.0,7316.0,0.0,0.0,-0.01,1482.0,-19111.0,-874.0,3.0,26.0,18.0
1742672293.0947857,0.01,0.07,-0.03,933.0,-18827.0,-9042.0,0.0,0.0,-0.01,909.0,-18778.0,-17232.0,82.0,71.0,70.0
1742672293.106786,0.01,0.07,-0.04,361.0,-18491.0,-25400.0,0.0,0.0,-0.01,337.0,-18443.0,31946.0,0.0,0.0,0.0
1742672293.1152873,0.01,0.07,-0.04,-208.0,-18153.0,23777.0,0.0,0.0,-0.01,-231.0,-18105.0,15586.0,0.0,0.0,0.0
1742672293.1273122,0.01,0.07,-0.04,-773.0,-17810.0,7417.0,0.0,0.0,-0.01,-796.0,-17762.0,-773.0,155.0,149.0,122.0
1742672293.143836,0.01,0.07,-0.04,-1328.0,-17458.0,-8941.0,0.0,0.0,-0.01,-1350.0,-17411.0,-17131.0,116.0,186.0,108.0
1742672293.152337,0.01,0.06,-0.04,-1877.0,-17104.0,-25299.0,0.0,0.0,-0.01,-1900.0,-17057.0,32047.0,32.0,49.0,11.0
1742672293.1643348,0.01,0.06,-0.04,-2422.0,-16747.0,23877.0,0.0,0.0,-0.01,-2445.0,-16700.0,15686.0,0.0,0.0,0.0
1742672293.1723506,0.01,0.06,-0.04,-2962.0,-16389.0,7516.0,0.0,0.0,-0.01,-2985.0,-16342.0,-674.0,0.0,2.0,27.0
1742672293.1849985,0.01,0.06,-0.04,-3498.0,-16032.0,-8843.0,0.0,0.0,-0.01,-3521.0,-15985.0,-17033.0,42.0,97.0,66.0
1742672293.196998,0.01,0.06,-0.04,-4032.0,-15676.0,-25202.0,0.0,0.0,-0.01,-4055.0,-15629.0,32144.0,116.0,82.0,97.0
1742672293.205501,0.01,0.06,-0.04,-4564.0,-15321.0,23974.0,0.0,0.0,-0.01,-4587.0,-15274.0,15783.0,0.0,0.0,0.0
1742672293.2174976,0.01,0.06,-0.04,-5095.0,-14966.0,7613.0,0.0,0.0,-0.01,-5118.0,-14919.0,-577.0,0.0,0.0,0.0
1742672293.2259996,0.01,0.06,-0.04,-5625.0,-14610.0,-8746.0,0.0,0.0,-0.01,-5648.0,-14563.0,-16936.0,148.0,89.0,155.0
1742672293.2420719,0.01,0.06,-0.04,-6153.0,-14247.0,-25105.0,0.0,0.0,-0.01,-6176.0,-14200.0,32241.0,138.0,94.0,93.0
1742672293.2545495,0.01,0.06,-0.04,-6679.0,-13880.0,24071.0,0.0,0.0,-0.01,-6702.0,-13833.0,15880.0,36.0,28.0,0.0
1742672293.2625492,0.01,0.06,-0.04,-7202.0,-13508.0,7710.0,0.0,0.0,-0.01,-7225.0,-13461.0,-480.0,30.0,29.0,20.0
1742672293.2750502,0.01,0.06,-0.04,-7722.0,-13133.0,-8649.0,0.0,0.0,-0.01,-7745.0,-13086.0,-16839.0,29.0,57.0,91.0
1742672293.2870498,0.01,0.06,-0.04,-8238.0,-12755.0,-25008.0,0.0,0.0,-0.01,-8261.0,-12709.0,32338.0,19.0,32.0,18.0
1742672293.295549,0.01,0.06,-0.04,-8750.0,-12377.0,24168.0,0.0,0.0,-0.01,-8772.0,-12330.0,15977.0,100.0,149.0,68.0
1742672293.3075495,0.01,0.06,-0.04,-9257.0,-11997.0,7806.0,0.0,0.0,-0.01,-9280.0,-11951.0,-384.0,0.0,0.0,0.0
1742672293.3162158,0.01,0.06,-0.04,-9761.0,-11619.0,-8554.0,0.0,0.0,-0.01,-9784.0,-11573.0,-16744.0,18.0,23.0,0.0
1742672293.3322196,0.01,0.06,-0.04,-10260.0,-11243.0,-24915.0,0.0,0.0,-0.01,-10283.0,-11196.0,32431.0,0.0,0.0,0.0
1742672293.3442445,0.01,0.06,-0.04,-10756.0,-10866.0,24259.0,0.0,0.0,-0.01,-10779.0,-10819.0,16068.0,181.0,109.0,156.0
1742672293.3526313,0.01,0.06,-0.04,-11251.0,-10487.0,7896.0,0.0,0.0,-0.01,-11274.0,-10441.0,-294.0,28.0,51.0,21.0
1742672293.365131,0.01,0.06,-0.04,-11745.0,-10107.0,-8465.0,0.0,0.0,-0.01,-11768.0,-10061.0,-16655.0,0.0,0.0,0.0
1742672293.373133,0.01,0.06,-0.04,-12237.0,-9723.0,-24826.0,0.0,0.0,-0.01,-12260.0,-9677.0,32520.0,13.0,2.0,1.0
1742672293.3856306,0.01,0.06,-0.04,-12728.0,-9335.0,24348.0,0.0,0.0,-0.01,-12751.0,-9289.0,16157.0,72.0,63.0,35.0
1742672293.397738,0.01,0.06,-0.04,-13217.0,-8943.0,7985.0,0.0,0.0,-0.01,-13240.0,-8897.0,-205.0,145.0,46.0,95.0
1742672293.4061327,0.01,0.06,-0.04,-13705.0,-8548.0,-8376.0,0.0,0.0,-0.01,-13728.0,-8502.0,-16566.0,0.0,0.0,0.0
1742672293.4221325,0.01,0.06,-0.04,-14188.0,-8150.0,-24737.0,0.0,0.0,-0.01,-14211.0,-8104.0,32609.0,12.0,46.0,39.0
1742672293.4306352,0.01,0.06,-0.04,-14668.0,-7751.0,24437.0,0.0,0.0,-0.01,-14691.0,-7705.0,16246.0,0.0,0.0,0.0
1742672293.4426918,0.01,0.06,-0.04,-15144.0,-7353.0,8074.0,0.0,0.0,-0.01,-15168.0,-7307.0,-116.0,120.0,147.0,161.0
1742672293.4551933,0.01,0.05,-0.04,-15618.0,-6956.0,-8287.0,0.0,0.0,-0.01,-15642.0,-6910.0,-16477.0,35.0,79.0,63.0
1742672293.4636931,0.01,0.05,-0.04,-16089.0,-6559.0,-24648.0,0.0,0.0,-0.01,-16113.0,-6513.0,32698.0,10.0,0.0,0.0
1742672293.4756916,0.01,0.05,-0.04,-16558.0,-6162.0,24526.0,0.0,0.0,-0.01,-16582.0,-6116.0,16335.0,53.0,71.0,49.0
1742672293.4842021,0.01,0.05,-0.04,-17024.0,-5763.0,8163.0,0.0,0.0,-0.01,-17048.0,-5717.0,-27.0,0.0,0.0,0.0
1742672293.4961915,0.01,0.05,-0.04,-17488.0,-5362.0,-8198.0,0.0,0.0,-0.01,-17512.0,-5316.0,-16388.0,119.0,86.0,86.0
1742672293.508193,0.01,0.05,-0.04,-17951.0,-4958.0,-24559.0,0.0,0.0,-0.01,-17975.0,-4913.0,-32749.0,0.0,0.0,0.0
1742672293.5205789,0.01,0.05,-0.04,-18411.0,-4548.0,24616.0,0.0,0.0,-0.01,-18435.0,-4503.0,16425.0,17.0,15.0,0.0
1742672293.532599,0.01,0.05,-0.04,-18868.0,-4136.0,8253.0,0.0,0.0,-0.01,-18892.0,-4091.0,62.0,13.0,0.0,0.0
1742672293.5451026,0.01,0.05,-0.05,-19323.0,-3721.0,-8109.0,0.0,0.0,-0.01,-19347.0,-3676.0,-16299.0,148.0,172.0,194.0
1742672293.553603,0.01,0.05,-0.05,-19777.0,-3300.0,-24470.0,0.0,0.0,-0.01,-19801.0,-3256.0,-32660.0,122.0,80.0,105.0
1742672293.5656044,0.01,0.05,-0.05,-20225.0,-2881.0,24705.0,0.0,0.0,-0.01,-20248.0,-2840.0,16514.0,44.0,74.0,11.0
1742672293.5741043,0.01,0.05,-0.04,-20669.0,-2478.0,8341.0,0.0,0.0,-0.0,-20690.0,-2442.0,150.0,89.0,38.0,119.0
1742672293.5861053,0.01,0.05,-0.04,-21119.0,-2097.0,-8022.0,0.01,0.0,-0.0,-21141.0,-2069.0,-16213.0,52.0,59.0,29.0
1742672293.598103,0.0,0.05,-0.04,-21584.0,-1757.0,-24387.0,0.01,0.0,-0.0,-21612.0,-1736.0,-32578.0,146.0,37.0,84.0
1742672293.610961,0.01,0.06,-0.03,-22076.0,-1471.0,24784.0,0.0,0.0,-0.0,-22105.0,-1443.0,16593.0,227.0,242.0,144.0
1742672293.622963,0.01,0.06,-0.03,-22612.0,-1220.0,8420.0,0.0,0.0,-0.0,-22644.0,-1190.0,229.0,32.0,62.0,23.0
1742672293.631225,0.01,0.07,-0.02,-23189.0,-995.0,-7941.0,0.0,0.0,-0.0,-23220.0,-960.0,-16131.0,0.0,9.0,0.0
1742672293.6432285,0.01,0.07,-0.02,-23814.0,-790.0,-24299.0,0.0,0.0,-0.0,-23846.0,-750.0,-32489.0,225.0,238.0,273.0
1742672293.6557283,0.02,0.08,-0.02,-24495.0,-600.0,24884.0,0.0,0.0,-0.01,-24527.0,-557.0,16693.0,44.0,0.0,11.0
1742672293.6637287,0.02,0.09,-0.02,-25237.0,-419.0,8533.0,0.0,0.0,-0.01,-25267.0,-374.0,342.0,1.0,113.0,82.0
1742672293.6762292,0.03,0.1,-0.02,-26051.0,-248.0,-7811.0,0.0,0.0,-0.01,-26081.0,-203.0,-16001.0,63.0,29.0,174.0
1742672293.68473,0.03,0.11,-0.02,-26942.0,-78.0,-24145.0,0.0,0.0,-0.01,-26972.0,-34.0,-32335.0,154.0,55.0,6.0
1742672293.696729,0.04,0.11,-0.02,-27910.0,89.0,25065.0,0.0,0.0,-0.01,-27940.0,134.0,16874.0,101.0,113.0,127.0
1742672293.7052288,0.05,0.12,-0.02,-28954.0,265.0,8746.0,0.0,0.0,-0.01,-28983.0,311.0,555.0,16.0,0.0,106.0
1742672293.7212298,0.06,0.14,-0.02,-30159.0,451.0,-7550.0,0.0,0.0,-0.01,-30188.0,496.0,-15740.0,73.0,96.0,76.0
1742672293.7332475,0.07,0.15,-0.02,-31449.0,639.0,-23832.0,0.0,0.0,-0.01,-31478.0,687.0,-32022.0,61.0,65.0,10.0
1742672293.7422347,0.08,0.17,-0.02,32708.0,817.0,25436.0,0.0,0.0,-0.01,32676.0,868.0,17245.0,195.0,257.0,175.0
1742672293.7542346,0.08,0.18,-0.02,31236.0,990.0,9181.0,0.0,0.0,-0.01,31203.0,1043.0,990.0,51.0,14.0,22.0
1742672293.762235,0.09,0.19,-0.01,29670.0,1160.0,-7056.0,-0.0,0.0,-0.01,29639.0,1214.0,-15246.0,50.0,0.0,31.0
1742672293.7742345,0.1,0.2,-0.02,28014.0,1336.0,-23273.0,0.0,0.0,-0.01,27984.0,1388.0,-31463.0,0.0,1.0,66.0
1742672293.7867508,0.11,0.21,-0.02,26265.0,1522.0,26065.0,0.0,0.0,-0.01,26235.0,1573.0,17874.0,99.0,118.0,34.0
1742672293.7952354,0.12,0.22,-0.02,24419.0,1724.0,9887.0,0.0,0.0,-0.01,24389.0,1774.0,1696.0,152.0,273.0,113.0
1742672293.8072352,0.12,0.24,-0.02,22477.0,1958.0,-6267.0,-0.0,0.0,-0.01,22446.0,2009.0,-14457.0,89.0,0.0,21.0
1742672293.819858,0.14,0.26,-0.03,20330.0,2247.0,-22367.0,-0.0,0.0,-0.01,20300.0,2299.0,-30557.0,94.0,80.0,86.0
1742672293.831859,0.15,0.28,-0.03,18074.0,2554.0,27100.0,-0.0,0.0,-0.01,18042.0,2606.0,18909.0,33.0,4.0,0.0
1742672293.8441572,0.16,0.29,-0.03,15703.0,2872.0,11062.0,-0.0,0.0,-0.01,15671.0,2925.0,2871.0,129.0,154.0,146.0
1742672293.8526573,0.17,0.3,-0.03,13218.0,3194.0,-4940.0,-0.0,0.0,-0.01,13187.0,3247.0,-13130.0,75.0,50.0,64.0
1742672293.8646562,0.18,0.32,-0.03,10614.0,3510.0,-20902.0,-0.0,0.0,-0.01,10583.0,3564.0,-29092.0,21.0,79.0,0.0
1742672293.873156,0.19,0.34,-0.03,7889.0,3818.0,28713.0,-0.0,0.0,-0.01,7859.0,3873.0,20522.0,66.0,63.0,55.0
1742672293.8851562,0.2,0.35,-0.03,5041.0,4125.0,12834.0,-0.0,0.0,-0.01,5013.0,4179.0,4643.0,59.0,49.0,64.0
1742672293.8971577,0.21,0.37,-0.03,2074.0,4423.0,-2999.0,-0.0,0.0,-0.01,2047.0,4477.0,-11189.0,152.0,144.0,146.0
1742672293.9056573,0.22,0.38,-0.03,-1016.0,4704.0,-18782.0,-0.0,0.0,-0.01,-1042.0,4758.0,-26972.0,0.0,0.0,28.0
1742672293.9218159,0.25,0.42,-0.02,-4348.0,4944.0,31072.0,-0.0,0.0,-0.01,-4374.0,4999.0,22881.0,66.0,0.0,88.0
1742672293.9305673,0.26,0.43,-0.02,-7797.0,5150.0,15440.0,-0.0,0.0,-0.01,-7823.0,5207.0,7249.0,78.0,13.0,60.0
1742672293.9425943,0.27,0.45,-0.01,-11359.0,5317.0,-138.0,-0.0,0.0,-0.01,-11385.0,5375.0,-8328.0,96.0,58.0,160.0
1742672293.954593,0.28,0.46,-0.01,-15035.0,5443.0,-15661.0,-0.0,0.0,-0.01,-15061.0,5503.0,-23851.0,149.0,129.0,54.0
1742672293.963093,0.29,0.48,-0.0,-18820.0,5535.0,-31129.0,-0.0,0.0,-0.01,-18846.0,5596.0,26217.0,79.0,75.0,111.0
1742672293.975093,0.3,0.49,0.0,-22703.0,5595.0,18990.0,-0.0,0.0,-0.01,-22728.0,5654.0,10799.0,0.0,66.0,146.0
1742672293.9835935,0.31,0.5,0.01,-26683.0,5614.0,3625.0,-0.0,0.0,-0.01,-26708.0,5672.0,-4565.0,114.0,58.0,157.0
1742672293.995594,0.32,0.52,0.01,-30758.0,5599.0,-11684.0,-0.0,0.0,-0.01,-30783.0,5656.0,-19874.0,120.0,3.0,146.0
1742672294.011995,0.34,0.54,0.02,30528.0,5542.0,-26890.0,-0.0,0.0,-0.01,30503.0,5600.0,30456.0,257.0,169.0,240.0
1742672294.0204952,0.35,0.55,0.02,26192.0,5462.0,23491.0,-0.0,0.0,-0.01,26166.0,5519.0,15300.0,65.0,0.0,16.0
1742672294.0324986,0.36,0.57,0.02,21770.0,5356.0,8388.0,-0.01,0.0,-0.01,21745.0,5412.0,197.0,0.0,22.0,0.0
1742672294.0445023,0.37,0.58,0.03,17261.0,5220.0,-6657.0,-0.01,0.0,-0.01,17236.0,5277.0,-14847.0,200.0,157.0,286.0
1742672294.0530043,0.38,0.59,0.03,12665.0,5051.0,-21641.0,-0.01,0.0,-0.01,12639.0,5109.0,-29831.0,66.0,132.0,83.0
1742672294.0650094,0.39,0.6,0.04,7984.0,4858.0,28970.0,-0.01,0.0,-0.01,7958.0,4914.0,20779.0,29.0,80.0,34.0
1742672294.0740132,0.41,0.62,0.04,3221.0,4639.0,14101.0,-0.01,0.0,-0.01,3196.0,4692.0,5909.0,78.0,62.0,140.0
1742672294.0860038,0.42,0.63,0.04,-1625.0,4398.0,-707.0,-0.01,0.0,-0.01,-1647.0,4448.0,-8898.0,75.0,122.0,63.0
1742672294.0945027,0.43,0.64,0.05,-6551.0,4134.0,-15451.0,-0.01,0.0,-0.01,-6572.0,4184.0,-23642.0,123.0,139.0,177.0
1742672294.1105037,0.46,0.67,0.05,-11643.0,3845.0,-30066.0,-0.01,0.0,-0.01,-11663.0,3892.0,27279.0,144.0,146.0,132.0
1742672294.1225042,0.48,0.68,0.06,-16818.0,3536.0,20923.0,-0.01,0.0,-0.01,-16835.0,3582.0,12731.0,63.0,20.0,2.0
1742672294.131028,0.49,0.69,0.06,-22075.0,3213.0,6445.0,-0.01,0.0,-0.01,-22092.0,3258.0,-1746.0,0.0,0.0,0.0
1742672294.1435378,0.51,0.71,0.06,-27406.0,2871.0,-7968.0,-0.01,0.0,-0.01,-27422.0,2914.0,-16159.0,152.0,173.0,218.0
1742672294.1555367,0.52,0.72,0.06,32730.0,2523.0,-22320.0,-0.01,0.0,-0.01,32713.0,2565.0,-30511.0,95.0,0.0,0.0
1742672294.1640382,0.53,0.73,0.06,27258.0,2170.0,28926.0,-0.01,0.0,-0.01,27242.0,2211.0,20734.0,35.0,28.0,0.0
1742672294.176046,0.55,0.74,0.07,21719.0,1797.0,14697.0,-0.01,0.0,-0.0,21704.0,1834.0,6505.0,56.0,30.0,127.0
1742672294.184036,0.56,0.75,0.07,16118.0,1410.0,526.0,-0.01,0.0,-0.0,16105.0,1441.0,-7665.0,97.0,0.0,39.0
1742672294.196536,0.57,0.76,0.07,10465.0,1021.0,-13591.0,-0.01,0.0,-0.0,10454.0,1046.0,-21782.0,124.0,77.0,146.0
1742672294.2129288,0.59,0.78,0.07,4722.0,619.0,-27618.0,-0.01,0.0,-0.0,4718.0,638.0,29727.0,121.0,178.0,144.0
1742672294.2209525,0.6,0.78,0.08,-1051.0,200.0,23928.0,-0.01,0.0,-0.0,-1053.0,221.0,15736.0,17.0,34.0,62.0
1742672294.232951,0.61,0.79,0.08,-6852.0,-234.0,9968.0,-0.01,0.0,-0.0,-6853.0,-209.0,1776.0,0.0,0.0,0.0
1742672294.2414849,0.62,0.79,0.08,-12676.0,-669.0,-3967.0,-0.01,0.0,-0.0,-12678.0,-643.0,-12158.0,93.0,82.0,90.0
1742672294.2536778,0.63,0.79,0.08,-18518.0,-1104.0,-17884.0,-0.01,0.0,-0.0,-18521.0,-1077.0,-26075.0,26.0,4.0,17.0
1742672294.2621777,0.63,0.8,0.08,-24370.0,-1542.0,-31790.0,-0.01,0.0,-0.0,-24372.0,-1514.0,25555.0,68.0,70.0,50.0
1742672294.2746787,0.64,0.8,0.08,-30225.0,-1983.0,19843.0,-0.01,0.0,-0.0,-30227.0,-1954.0,11651.0,45.0,0.0,11.0
1742672294.2826774,0.64,0.8,0.08,29456.0,-2430.0,5939.0,-0.01,0.0,-0.0,29453.0,-2399.0,-2252.0,0.0,0.0,9.0
1742672294.2946885,0.64,0.8,0.08,23602.0,-2881.0,-7965.0,-0.01,0.0,-0.0,23599.0,-2850.0,-16156.0,167.0,146.0,133.0
1742672294.3111777,0.65,0.79,0.08,17755.0,-3331.0,-21876.0,-0.01,0.0,-0.0,17753.0,-3302.0,-30067.0,71.0,146.0,114.0
1742672294.319684,0.65,0.79,0.08,11915.0,-3780.0,29743.0,-0.01,0.0,-0.0,11914.0,-3752.0,21551.0,19.0,10.0,0.0
1742672294.3316782,0.65,0.79,0.08,6086.0,-4230.0,15814.0,-0.01,-0.0,-0.0,6086.0,-4203.0,7622.0,0.0,0.0,0.0
1742672294.3437076,0.65,0.79,0.08,269.0,-4679.0,1873.0,-0.01,-0.0,-0.0,270.0,-4651.0,-6318.0,60.0,106.0,130.0
1742672294.3522086,0.66,0.79,0.08,-5535.0,-5127.0,-12077.0,-0.01,-0.0,-0.0,-5532.0,-5098.0,-20268.0,57.0,43.0,0.0
1742672294.3646402,0.66,0.79,0.08,-11325.0,-5573.0,-26040.0,-0.01,-0.0,-0.0,-11322.0,-5544.0,31305.0,23.0,43.0,66.0
1742672294.3726354,0.66,0.78,0.08,-17099.0,-6016.0,25516.0,-0.01,-0.0,-0.0,-17096.0,-5987.0,17324.0,0.0,12.0,0.0
1742672294.3851376,0.66,0.78,0.08,-22854.0,-6454.0,11516.0,-0.01,-0.0,-0.0,-22850.0,-6426.0,3324.0,0.0,0.0,6.0
1742672294.3966355,0.66,0.78,0.08,-28588.0,-6889.0,-2504.0,-0.01,-0.0,-0.0,-28583.0,-6861.0,-10695.0,150.0,162.0,114.0
1742672294.4096355,0.66,0.77,0.08,31261.0,-7320.0,-16567.0,-0.01,-0.0,-0.0,31267.0,-7291.0,-24758.0,86.0,139.0,129.0
1742672294.4221354,0.65,0.76,0.08,25601.0,-7747.0,-30656.0,-0.01,-0.0,-0.0,25607.0,-7718.0,26689.0,0.0,15.0,28.0
1742672294.4301386,0.65,0.76,0.08,19969.0,-8168.0,20762.0,-0.01,-0.0,-0.0,19976.0,-8139.0,12570.0,0.0,0.0,0.0
1742672294.4421408,0.65,0.75,0.07,14370.0,-8581.0,6613.0,-0.01,-0.0,-0.0,14378.0,-8552.0,-1578.0,44.0,81.0,126.0
1742672294.454265,0.65,0.75,0.07,8805.0,-8986.0,-7566.0,-0.01,-0.0,-0.0,8814.0,-8957.0,-15757.0,7.0,1.0,59.0
1742672294.4627652,0.65,0.74,0.07,3276.0,-9383.0,-21778.0,-0.01,-0.0,-0.0,3285.0,-9354.0,-29969.0,47.0,60.0,63.0
1742672294.4752662,0.64,0.74,0.07,-2213.0,-9774.0,29510.0,-0.01,-0.0,-0.0,-2202.0,-9744.0,21318.0,0.0,0.0,23.0
1742672294.4832656,0.64,0.73,0.07,-7660.0,-10158.0,15223.0,-0.01,-0.0,-0.0,-7649.0,-10127.0,7031.0,51.0,0.0,4.0
1742672294.4952655,0.64,0.72,0.07,-13066.0,-10534.0,900.0,-0.01,-0.0,-0.0,-13055.0,-10502.0,-7291.0,152.0,115.0,164.0
1742672294.511918,0.63,0.71,0.06,-18383.0,-10893.0,-13500.0,-0.01,-0.0,-0.0,-18370.0,-10860.0,-21691.0,93.0,130.0,156.0
1742672294.5199237,0.62,0.7,0.06,-23651.0,-11242.0,-27940.0,-0.01,-0.0,-0.0,-23638.0,-11206.0,29405.0,17.0,37.0,34.0
1742672294.5324426,0.62,0.69,0.06,-28873.0,-11581.0,23115.0,-0.01,-0.0,-0.0,-28860.0,-11542.0,14923.0,24.0,0.0,0.0
1742672294.5444546,0.61,0.69,0.06,31485.0,-11908.0,8596.0,-0.01,-0.0,-0.01,31496.0,-11866.0,404.0,172.0,115.0,155.0
1742672294.5529485,0.61,0.68,0.06,26348.0,-12223.0,-5958.0,-0.01,-0.0,-0.01,26358.0,-12179.0,-14149.0,9.0,58.0,37.0
1742672294.5649495,0.6,0.67,0.05,21255.0,-12520.0,-20548.0,-0.01,-0.0,-0.01,21264.0,-12477.0,-28739.0,93.0,33.0,15.0
1742672294.5735433,0.6,0.67,0.05,16202.0,-12797.0,30365.0,-0.01,-0.0,-0.0,16211.0,-12756.0,22173.0,9.0,88.0,130.0
1742672294.5897057,0.59,0.65,0.05,11231.0,-13061.0,15675.0,-0.01,-0.0,-0.0,11243.0,-13024.0,7483.0,0.0,0.0,14.0
1742672294.6017046,0.59,0.65,0.05,6298.0,-13325.0,958.0,-0.01,-0.0,-0.0,6311.0,-13288.0,-7233.0,16.0,11.0,30.0
1742672294.610205,0.59,0.64,0.05,1397.0,-13586.0,-13780.0,-0.01,-0.0,-0.0,1411.0,-13550.0,-21971.0,259.0,155.0,162.0
1742672294.622205,0.59,0.64,0.05,-3470.0,-13847.0,-28542.0,-0.01,-0.0,-0.0,-3454.0,-13814.0,28803.0,85.0,31.0,38.0
1742672294.6347077,0.59,0.63,0.05,-8301.0,-14113.0,22206.0,-0.01,-0.0,-0.0,-8283.0,-14081.0,14014.0,0.0,0.0,9.0
1742672294.6432216,0.59,0.63,0.05,-13096.0,-14379.0,7392.0,-0.01,-0.0,-0.0,-13077.0,-14346.0,-799.0,195.0,132.0,177.0
1742672294.6552134,0.59,0.62,0.04,-17858.0,-14644.0,-7443.0,-0.01,-0.0,-0.0,-17839.0,-14610.0,-15634.0,151.0,68.0,86.0
1742672294.6637123,0.59,0.62,0.05,-22586.0,-14912.0,-22303.0,-0.01,-0.0,-0.0,-22566.0,-14878.0,-30494.0,0.0,0.0,0.0
1742672294.679713,0.59,0.61,0.04,-27237.0,-15180.0,28320.0,-0.01,-0.0,-0.0,-27216.0,-15142.0,20128.0,160.0,57.0,56.0
1742672294.6922128,0.58,0.6,0.04,-31850.0,-15440.0,13380.0,-0.01,-0.0,-0.0,-31829.0,-15402.0,5188.0,0.0,32.0,60.0
1742672294.7007117,0.58,0.6,0.04,29112.0,-15697.0,-1587.0,-0.01,-0.0,-0.0,29131.0,-15658.0,-9778.0,92.0,56.0,36.0
1742672294.7127128,0.58,0.59,0.04,24574.0,-15949.0,-16579.0,-0.01,-0.0,-0.0,24593.0,-15909.0,-24770.0,85.0,115.0,104.0
1742672294.724712,0.58,0.58,0.04,20075.0,-16193.0,-31597.0,-0.01,-0.0,-0.0,20095.0,-16153.0,25748.0,19.0,0.0,33.0
1742672294.7332156,0.58,0.58,0.04,15614.0,-16431.0,18895.0,-0.01,-0.0,-0.0,15634.0,-16391.0,10703.0,21.0,16.0,0.0
1742672294.7452233,0.57,0.57,0.04,11189.0,-16664.0,3826.0,-0.01,-0.0,-0.0,11209.0,-16624.0,-4365.0,183.0,151.0,154.0
1742672294.7614753,0.57,0.56,0.04,6835.0,-16891.0,-11286.0,-0.01,-0.0,-0.0,6856.0,-16853.0,-19477.0,241.0,125.0,204.0
1742672294.7699566,0.57,0.56,0.04,2516.0,-17116.0,-26420.0,-0.01,-0.0,-0.0,2538.0,-17078.0,30925.0,33.0,31.0,55.0
1742672294.7824569,0.57,0.55,0.04,-1770.0,-17336.0,23962.0,-0.01,-0.0,-0.0,-1746.0,-17299.0,15770.0,103.0,31.0,11.0
1742672294.791253,0.57,0.55,0.04,-6022.0,-17553.0,8788.0,-0.01,-0.0,-0.0,-5998.0,-17516.0,596.0,131.0,116.0,135.0
1742672294.803251,0.57,0.54,0.04,-10243.0,-17765.0,-6405.0,-0.01,-0.0,-0.0,-10218.0,-17729.0,-14596.0,28.0,40.0,91.0
1742672294.814751,0.56,0.54,0.03,-14429.0,-17974.0,-21617.0,-0.01,-0.0,-0.0,-14403.0,-17937.0,-29808.0,38.0,40.0,82.0
1742672294.823251,0.56,0.54,0.03,-18579.0,-18177.0,28685.0,-0.01,-0.0,-0.0,-18553.0,-18140.0,20493.0,0.0,55.0,63.0
1742672294.839253,0.56,0.53,0.03,-22661.0,-18374.0,13409.0,-0.01,-0.0,-0.0,-22635.0,-18336.0,5217.0,75.0,65.0,35.0
1742672294.851759,0.56,0.52,0.03,-26707.0,-18566.0,-1886.0,-0.01,-0.0,-0.0,-26680.0,-18526.0,-10077.0,89.0,16.0,7.0
1742672294.8602588,0.56,0.52,0.03,-30715.0,-18752.0,-17202.0,-0.01,-0.0,-0.0,-30688.0,-18712.0,-25393.0,187.0,147.0,162.0
1742672294.872259,0.56,0.51,0.03,30850.0,-18935.0,-32539.0,-0.01,-0.0,-0.0,30876.0,-18894.0,24806.0,0.0,35.0,64.0
1742672294.8843143,0.56,0.5,0.03,26912.0,-19115.0,17639.0,-0.01,-0.0,-0.0,26938.0,-19074.0,9447.0,0.0,0.0,0.0
1742672294.89276,0.55,0.5,0.03,23010.0,-19293.0,2261.0,-0.01,-0.0,-0.0,23037.0,-19252.0,-5930.0,81.0,154.0,159.0
1742672294.904759,0.55,0.5,0.03,19142.0,-19468.0,-13134.0,-0.01,-0.0,-0.0,19169.0,-19427.0,-21325.0,134.0,33.0,50.0
1742672294.9132588,0.55,0.49,0.03,15307.0,-19639.0,-28546.0,-0.01,-0.0,-0.0,15335.0,-19599.0,28799.0,13.0,0.0,0.0
1742672294.929761,0.55,0.48,0.03,11537.0,-19804.0,21543.0,-0.01,-0.0,-0.0,11566.0,-19765.0,13351.0,119.0,101.0,72.0
1742672294.9417806,0.55,0.48,0.03,7798.0,-19967.0,6079.0,-0.01,-0.0,-0.0,7828.0,-19928.0,-2112.0,82.0,18.0,8.0
1742672294.950269,0.55,0.47,0.03,4091.0,-20126.0,-9399.0,-0.01,-0.0,-0.0,4121.0,-20087.0,-17590.0,37.0,36.0,34.0
1742672294.9628704,0.55,0.47,0.03,415.0,-20279.0,-24892.0,-0.01,-0.0,-0.0,445.0,-20240.0,32453.0,154.0,125.0,117.0
1742672294.9743845,0.55,0.47,0.03,-3229.0,-20429.0,25133.0,-0.01,-0.0,-0.0,-3197.0,-20390.0,16941.0,0.0,11.0,31.0
1742672294.9828708,0.55,0.46,0.03,-6839.0,-20575.0,9605.0,-0.01,-0.0,-0.0,-6807.0,-20535.0,1413.0,64.0,22.0,0.0
1742672294.9948711,0.54,0.46,0.02,-10418.0,-20717.0,-5938.0,-0.01,-0.0,-0.0,-10385.0,-20676.0,-14129.0,136.0,161.0,143.0
1742672295.007371,0.54,0.45,0.02,-13931.0,-20852.0,-21510.0,-0.01,-0.0,-0.0,-13898.0,-20811.0,-29701.0,55.0,0.0,0.0
1742672295.0198703,0.54,0.44,0.02,-17412.0,-20985.0,28438.0,-0.01,-0.0,-0.01,-17379.0,-20943.0,20246.0,98.0,59.0,62.0
1742672295.0318737,0.54,0.44,0.02,-20861.0,-21114.0,12832.0,-0.01,-0.0,-0.01,-20828.0,-21072.0,4640.0,114.0,44.0,40.0
1742672295.0398736,0.54,0.43,0.02,-24278.0,-21241.0,-2787.0,-0.01,-0.0,-0.01,-24244.0,-21199.0,-10978.0,0.0,47.0,115.0
1742672295.0523794,0.54,0.43,0.02,-27664.0,-21365.0,-18419.0,-0.01,-0.0,-0.0,-27630.0,-21324.0,-26610.0,106.0,51.0,57.0
1742672295.0644007,0.54,0.43,0.02,-31022.0,-21486.0,31471.0,-0.01,-0.0,-0.0,-30987.0,-21445.0,23279.0,161.0,104.0,83.0
1742672295.07288,0.54,0.42,0.02,31186.0,-21603.0,15811.0,-0.01,-0.0,-0.0,31220.0,-21562.0,7619.0,0.0,4.0,24.0
1742672295.0853791,0.54,0.42,0.02,27914.0,-21713.0,125.0,-0.01,-0.0,-0.0,27949.0,-21672.0,-8066.0,67.0,58.0,32.0
1742672295.1013784,0.54,0.41,0.02,24671.0,-21819.0,-15572.0,-0.01,-0.0,-0.0,24707.0,-21778.0,-23763.0,29.0,12.0,17.0
1742672295.1098795,0.54,0.41,0.02,21458.0,-21922.0,-31282.0,-0.01,-0.0,-0.0,21494.0,-21881.0,26063.0,246.0,152.0,159.0
1742672295.1219895,0.53,0.4,0.02,18275.0,-22019.0,18531.0,-0.01,-0.0,-0.01,18311.0,-21977.0,10339.0,0.0,57.0,77.0
1742672295.1308827,0.53,0.4,0.02,15121.0,-22111.0,2794.0,-0.01,-0.0,-0.01,15158.0,-22069.0,-5397.0,0.0,0.0,0.0
1742672295.1427546,0.53,0.4,0.02,11998.0,-22196.0,-12954.0,-0.01,-0.0,-0.01,12035.0,-22154.0,-21145.0,173.0,163.0,171.0
1742672295.154948,0.53,0.39,0.02,8907.0,-22271.0,-28715.0,-0.01,-0.0,-0.01,8944.0,-22228.0,28630.0,0.0,27.0,96.0
1742672295.1632624,0.53,0.39,0.01,5845.0,-22336.0,21048.0,-0.01,-0.0,-0.01,5882.0,-22293.0,12856.0,16.0,23.0,49.0
1742672295.1792789,0.53,0.38,0.01,2839.0,-22393.0,5250.0,-0.01,-0.0,-0.01,2877.0,-22351.0,-2941.0,94.0,147.0,144.0
1742672295.1917627,0.53,0.38,0.01,-134.0,-22441.0,-10558.0,-0.01,-0.0,-0.01,-94.0,-22399.0,-18749.0,0.0,0.0,11.0
1742672295.1997788,0.53,0.37,0.01,-3076.0,-22476.0,-26378.0,-0.01,-0.0,-0.01,-3036.0,-22434.0,30967.0,0.0,0.0,15.0
1742672295.2120013,0.53,0.37,0.01,-5992.0,-22506.0,23327.0,-0.01,-0.0,-0.01,-5951.0,-22464.0,15135.0,183.0,161.0,139.0
1742672295.2204754,0.53,0.37,0.01,-8881.0,-22535.0,7485.0,-0.01,-0.0,-0.0,-8840.0,-22494.0,-706.0,44.0,16.0,50.0
1742672295.2324774,0.53,0.36,0.01,-11742.0,-22561.0,-8365.0,-0.01,-0.0,-0.01,-11701.0,-22519.0,-16556.0,0.0,0.0,14.0
1742672295.2446237,0.53,0.36,0.01,-14576.0,-22577.0,-24226.0,-0.01,-0.0,-0.01,-14535.0,-22534.0,-32417.0,162.0,144.0,179.0
1742672295.2536087,0.53,0.36,0.01,-17383.0,-22588.0,25440.0,-0.01,-0.01,-0.01,-17341.0,-22545.0,17248.0,29.0,50.0,99.0
1742672295.2696068,0.53,0.35,0.01,-20136.0,-22605.0,9548.0,-0.01,-0.01,-0.01,-20094.0,-22562.0,1356.0,81.0,39.0,87.0
1742672295.281609,0.53,0.34,0.01,-22859.0,-22618.0,-6354.0,-0.01,-0.01,-0.01,-22817.0,-22574.0,-14545.0,109.0,78.0,66.0
1742672295.2901082,0.53,0.34,0.01,-25554.0,-22623.0,-22265.0,-0.01,-0.01,-0.01,-25511.0,-22579.0,-30456.0,0.0,29.0,70.0
1742672295.3021073,0.52,0.34,0.01,-28222.0,-22624.0,27350.0,-0.01,-0.01,-0.01,-28179.0,-22580.0,19158.0,133.0,56.0,74.0
1742672295.3146076,0.52,0.33,0.01,-30864.0,-22624.0,11419.0,-0.01,-0.01,-0.01,-30821.0,-22581.0,3227.0,179.0,119.0,131.0
1742672295.322623,0.52,0.33,0.01,32056.0,-22623.0,-4521.0,-0.01,-0.01,-0.01,32098.0,-22580.0,-12712.0,35.0,4.0,8.0
1742672295.33511,0.52,0.32,0.0,29490.0,-22611.0,-20477.0,-0.01,-0.01,-0.01,29533.0,-22568.0,-28668.0,135.0,66.0,82.0
1742672295.351155,0.52,0.32,0.0,26948.0,-22597.0,29095.0,-0.01,-0.01,-0.01,26991.0,-22554.0,20903.0,0.0,0.0,25.0
1742672295.359656,0.52,0.32,0.0,24430.0,-22584.0,13122.0,-0.01,-0.01,-0.01,24474.0,-22541.0,4930.0,218.0,193.0,180.0
1742672295.3716567,0.52,0.31,0.0,21937.0,-22570.0,-2858.0,-0.01,-0.01,-0.01,21981.0,-22527.0,-11049.0,152.0,17.0,71.0
1742672295.3841558,0.52,0.31,0.0,19469.0,-22552.0,-18845.0,-0.01,-0.01,-0.01,19514.0,-22509.0,-27036.0,73.0,30.0,0.0
1742672295.3926556,0.52,0.31,0.0,17025.0,-22532.0,30696.0,-0.01,-0.01,-0.01,17070.0,-22488.0,22504.0,160.0,142.0,140.0
1742672295.4046564,0.52,0.31,0.0,14604.0,-22509.0,14691.0,-0.01,-0.01,-0.01,14650.0,-22465.0,6499.0,13.0,60.0,56.0
1742672295.416658,0.52,0.3,0.0,12233.0,-22481.0,-1328.0,-0.01,-0.01,-0.01,12279.0,-22437.0,-9519.0,0.0,16.0,27.0
1742672295.429164,0.52,0.3,0.0,9886.0,-22449.0,-17353.0,-0.01,-0.01,-0.01,9933.0,-22405.0,-25544.0,52.0,130.0,127.0
1742672295.4414077,0.52,0.29,0.0,7564.0,-22413.0,32151.0,-0.01,-0.01,-0.01,7611.0,-22369.0,23959.0,79.0,14.0,0.0
1742672295.449911,0.52,0.29,0.0,5265.0,-22375.0,16109.0,-0.01,-0.01,-0.01,5312.0,-22330.0,7917.0,78.0,7.0,2.0
1742672295.4620936,0.52,0.29,0.0,2989.0,-22332.0,61.0,-0.01,-0.01,-0.01,3037.0,-22287.0,-8130.0,106.0,151.0,144.0
1742672295.4705932,0.52,0.28,-0.0,737.0,-22286.0,-15992.0,-0.01,-0.01,-0.01,785.0,-22241.0,-24183.0,52.0,42.0,70.0
1742672295.4825935,0.52,0.28,-0.0,-1491.0,-22240.0,-32051.0,-0.01,-0.01,-0.01,-1442.0,-22196.0,25294.0,43.0,17.0,0.0
1742672295.4945924,0.52,0.28,-0.0,-3697.0,-22194.0,17418.0,-0.01,-0.01,-0.01,-3648.0,-22150.0,9226.0,105.0,171.0,110.0
1742672295.5070927,0.52,0.27,-0.0,-5859.0,-22143.0,1338.0,-0.01,-0.01,-0.01,-5809.0,-22098.0,-6853.0,53.0,4.0,0.0
1742672295.5191076,0.52,0.27,-0.0,-7999.0,-22089.0,-14746.0,-0.01,-0.01,-0.01,-7949.0,-22045.0,-22937.0,38.0,26.0,55.0
1742672295.531622,0.52,0.27,-0.0,-10117.0,-22035.0,-30836.0,-0.01,-0.01,-0.01,-10067.0,-21990.0,26509.0,60.0,73.0,83.0
1742672295.5399265,0.52,0.27,-0.0,-12214.0,-21977.0,18603.0,-0.01,-0.01,-0.01,-12163.0,-21932.0,10411.0,67.0,39.0,68.0
1742672295.5519679,0.51,0.26,-0.0,-14288.0,-21917.0,2499.0,-0.01,-0.01,-0.01,-14237.0,-21872.0,-5692.0,15.0,55.0,36.0
1742672295.5644658,0.51,0.26,-0.0,-16341.0,-21854.0,-13609.0,-0.01,-0.01,-0.01,-16290.0,-21809.0,-21800.0,66.0,128.0,118.0
1742672295.572481,0.51,0.26,-0.0,-18373.0,-21790.0,-29721.0,-0.01,-0.01,-0.01,-18322.0,-21745.0,27624.0,0.0,33.0,3.0
1742672295.5849655,0.51,0.25,-0.0,-20363.0,-21723.0,19690.0,-0.01,-0.01,-0.01,-20311.0,-21677.0,11498.0,0.0,42.0,44.0
1742672295.6009812,0.51,0.25,-0.0,-22330.0,-21652.0,3558.0,-0.01,-0.01,-0.01,-22278.0,-21606.0,-4633.0,0.0,2.0,0.0
1742672295.6094656,0.51,0.25,-0.0,-24277.0,-21580.0,-12576.0,-0.01,-0.01,-0.01,-24225.0,-21534.0,-20767.0,179.0,153.0,188.0
1742672295.6219647,0.51,0.24,-0.0,-26204.0,-21507.0,-28716.0,-0.01,-0.01,-0.01,-26152.0,-21461.0,28629.0,21.0,62.0,72.0
1742672295.6304686,0.51,0.24,-0.0,-28111.0,-21432.0,20675.0,-0.01,-0.01,-0.01,-28058.0,-21386.0,12483.0,0.0,1.0,0.0
1742672295.6425252,0.51,0.24,-0.0,-29998.0,-21355.0,4524.0,-0.01,-0.01,-0.01,-29945.0,-21309.0,-3667.0,38.0,94.0,165.0
1742672295.6545253,0.51,0.24,-0.0,-31865.0,-21276.0,-11630.0,-0.01,-0.01,-0.01,-31812.0,-21230.0,-19821.0,0.0,38.0,42.0
1742672295.6670258,0.51,0.23,-0.0,31842.0,-21193.0,-27793.0,-0.01,-0.01,-0.01,31895.0,-21147.0,29552.0,0.0,0.0,25.0
1742672295.6790254,0.51,0.23,-0.0,30031.0,-21108.0,21575.0,-0.01,-0.01,-0.01,30084.0,-21062.0,13383.0,146.0,154.0,85.0
1742672295.691521,0.51,0.23,-0.01,28240.0,-21021.0,5401.0,-0.01,-0.01,-0.01,28293.0,-20975.0,-2790.0,0.0,0.0,0.0
1742672295.7000196,0.51,0.22,-0.01,26468.0,-20934.0,-10776.0,-0.01,-0.01,-0.01,26522.0,-20887.0,-18967.0,74.0,39.0,0.0
1742672295.7120197,0.51,0.22,-0.01,24716.0,-20844.0,-26957.0,-0.01,-0.01,-0.01,24770.0,-20797.0,30388.0,112.0,150.0,117.0
1742672295.7240205,0.51,0.22,-0.01,22984.0,-20753.0,22393.0,-0.01,-0.01,-0.01,23038.0,-20706.0,14201.0,78.0,52.0,8.0
1742672295.732543,0.51,0.22,-0.01,21270.0,-20660.0,6202.0,-0.01,-0.01,-0.01,21324.0,-20613.0,-1989.0,0.0,0.0,1.0
1742672295.7445893,0.51,0.22,-0.01,19574.0,-20565.0,-9991.0,-0.01,-0.01,-0.01,19628.0,-20518.0,-18182.0,253.0,163.0,165.0
1742672295.757088,0.51,0.21,-0.01,17914.0,-20467.0,-26192.0,-0.01,-0.01,-0.01,17969.0,-20420.0,31153.0,0.0,0.0,45.0
1742672295.7692838,0.51,0.21,-0.01,16274.0,-20367.0,23138.0,-0.01,-0.01,-0.01,16329.0,-20320.0,14946.0,33.0,39.0,31.0
1742672295.7813294,0.51,0.21,-0.01,14651.0,-20265.0,6928.0,-0.01,-0.01,-0.01,14706.0,-20219.0,-1263.0,176.0,77.0,54.0
1742672295.7897844,0.51,0.2,-0.01,13045.0,-20163.0,-9284.0,-0.01,-0.01,-0.01,13101.0,-20116.0,-17475.0,0.0,47.0,60.0
1742672295.8017838,0.51,0.2,-0.01,11458.0,-20058.0,-25500.0,-0.01,-0.01,-0.01,11514.0,-20011.0,31845.0,0.0,38.0,50.0
1742672295.8142843,0.51,0.2,-0.01,9890.0,-19951.0,23816.0,-0.01,-0.01,-0.01,9946.0,-19904.0,15624.0,210.0,130.0,78.0
1742672295.8227866,0.51,0.2,-0.01,8340.0,-19844.0,7591.0,-0.01,-0.01,-0.01,8396.0,-19797.0,-600.0,0.0,0.0,19.0
1742672295.8347886,0.51,0.19,-0.01,6827.0,-19734.0,-8640.0,-0.01,-0.01,-0.01,6884.0,-19686.0,-16831.0,116.0,66.0,71.0
1742672295.8508155,0.51,0.19,-0.01,5334.0,-19621.0,-24874.0,-0.01,-0.01,-0.01,5391.0,-19573.0,32471.0,101.0,9.0,0.0
1742672295.8594334,0.51,0.19,-0.01,3859.0,-19507.0,24424.0,-0.01,-0.01,-0.01,3916.0,-19459.0,16232.0,144.0,153.0,207.0
1742672295.8714461,0.51,0.19,-0.01,2402.0,-19391.0,8181.0,-0.01,-0.01,-0.01,2459.0,-19343.0,-10.0,2.0,77.0,63.0
1742672295.8799336,0.51,0.18,-0.01,962.0,-19274.0,-8063.0,-0.01,-0.01,-0.01,1019.0,-19226.0,-16254.0,30.0,31.0,69.0
1742672295.8920546,0.51,0.18,-0.01,-461.0,-19156.0,-24310.0,-0.01,-0.01,-0.01,-402.0,-19108.0,-32501.0,12.0,75.0,85.0
1742672295.904054,0.51,0.18,-0.01,-1864.0,-19036.0,24975.0,-0.01,-0.01,-0.01,-1805.0,-18988.0,16783.0,33.0,17.0,5.0
1742672295.9125535,0.51,0.18,-0.01,-3251.0,-18914.0,8720.0,-0.01,-0.01,-0.01,-3192.0,-18866.0,528.0,126.0,140.0,110.0
1742672295.925055,0.51,0.17,-0.01,-4607.0,-18789.0,-7540.0,-0.01,-0.01,-0.01,-4548.0,-18741.0,-15731.0,166.0,99.0,158.0
1742672295.9410703,0.51,0.17,-0.01,-5948.0,-18664.0,-23801.0,-0.01,-0.01,-0.01,-5889.0,-18616.0,-31992.0,31.0,15.0,24.0
1742672295.9497333,0.51,0.17,-0.01,-7273.0,-18537.0,25471.0,-0.01,-0.01,-0.01,-7213.0,-18489.0,17279.0,74.0,0.0,0.0
1742672295.9617338,0.51,0.17,-0.01,-8582.0,-18409.0,9202.0,-0.01,-0.01,-0.01,-8522.0,-18361.0,1010.0,164.0,153.0,153.0
1742672295.9702342,0.51,0.17,-0.01,-9876.0,-18280.0,-7068.0,-0.01,-0.01,-0.01,-9816.0,-18232.0,-15259.0,73.0,28.0,20.0
1742672295.9822352,0.51,0.16,-0.01,-11155.0,-18149.0,-23339.0,-0.01,-0.01,-0.01,-11095.0,-18100.0,-31530.0,52.0,8.0,3.0
1742672295.9942348,0.51,0.16,-0.01,-12419.0,-18016.0,25923.0,-0.01,-0.01,-0.01,-12358.0,-17968.0,17731.0,170.0,118.0,169.0
1742672296.0067337,0.5,0.16,-0.01,-13652.0,-17881.0,9642.0,-0.01,-0.01,-0.01,-13591.0,-17833.0,1450.0,0.0,36.0,40.0
1742672296.019235,0.5,0.16,-0.01,-14871.0,-17744.0,-6640.0,-0.01,-0.01,-0.01,-14810.0,-17696.0,-14831.0,1.0,49.0,96.0
1742672296.031259,0.5,0.16,-0.01,-16076.0,-17607.0,-22923.0,-0.01,-0.01,-0.01,-16015.0,-17559.0,-31114.0,51.0,112.0,107.0
1742672296.039434,0.5,0.15,-0.01,-17267.0,-17468.0,26328.0,-0.01,-0.01,-0.01,-17205.0,-17419.0,18136.0,95.0,8.0,0.0
1742672296.0520742,0.5,0.15,-0.01,-18443.0,-17327.0,10039.0,-0.01,-0.01,-0.01,-18381.0,-17278.0,1847.0,68.0,53.0,33.0
1742672296.064119,0.5,0.15,-0.01,-19605.0,-17184.0,-6251.0,-0.01,-0.01,-0.01,-19543.0,-17135.0,-14442.0,117.0,149.0,130.0
1742672296.0726178,0.5,0.15,-0.01,-20753.0,-17039.0,-22542.0,-0.01,-0.01,-0.01,-20691.0,-16990.0,-30733.0,0.0,0.0,28.0
1742672296.084618,0.5,0.14,-0.01,-21873.0,-16887.0,26699.0,-0.01,-0.01,-0.01,-21811.0,-16838.0,18507.0,82.0,55.0,28.0
1742672296.1011188,0.5,0.14,-0.01,-22979.0,-16731.0,10400.0,-0.01,-0.01,-0.01,-22916.0,-16682.0,2208.0,0.0,0.0,0.0
1742672296.1091185,0.5,0.14,-0.01,-24071.0,-16574.0,-5900.0,-0.01,-0.01,-0.01,-24008.0,-16525.0,-14091.0,80.0,160.0,178.0
1742672296.1212685,0.5,0.14,-0.01,-25150.0,-16416.0,-22201.0,-0.01,-0.01,-0.01,-25087.0,-16367.0,-30392.0,0.0,16.0,120.0
1742672296.1302836,0.5,0.14,-0.01,-26215.0,-16256.0,27032.0,-0.01,-0.01,-0.01,-26152.0,-16207.0,18840.0,29.0,3.0,26.0
1742672296.1422734,0.5,0.14,-0.01,-27267.0,-16091.0,10725.0,-0.01,-0.01,-0.01,-27204.0,-16042.0,2533.0,147.0,103.0,153.0
1742672296.1542735,0.5,0.13,-0.01,-28294.0,-15925.0,-5585.0,-0.01,-0.01,-0.01,-28231.0,-15876.0,-13776.0,103.0,25.0,80.0
1742672296.166774,0.5,0.13,-0.01,-29307.0,-15759.0,-21896.0,-0.01,-0.01,-0.01,-29243.0,-15710.0,-30087.0,0.0,0.0,28.0
1742672296.1790798,0.5,0.13,-0.01,-30307.0,-15592.0,27328.0,-0.01,-0.01,-0.01,-30243.0,-15543.0,19136.0,185.0,139.0,125.0
1742672296.1910837,0.5,0.13,-0.01,-31295.0,-15424.0,11013.0,-0.01,-0.01,-0.01,-31231.0,-15375.0,2821.0,45.0,28.0,0.0
1742672296.2030993,0.5,0.13,-0.01,-32272.0,-15257.0,-5303.0,-0.01,-0.01,-0.01,-32208.0,-15208.0,-13494.0,141.0,55.0,11.0
1742672296.2115843,0.5,0.13,-0.01,32300.0,-15090.0,-21620.0,-0.01,-0.01,-0.01,32364.0,-15040.0,-29811.0,196.0,168.0,160.0
1742672296.2235897,0.5,0.12,-0.01,31348.0,-14920.0,27598.0,-0.01,-0.01,-0.01,31412.0,-14870.0,19406.0,0.0,7.0,25.0
1742672296.2361178,0.5,0.12,-0.02,30420.0,-14746.0,11275.0,-0.01,-0.01,-0.01,30484.0,-14696.0,3083.0,0.0,48.0,74.0
1742672296.248256,0.5,0.12,-0.02,29504.0,-14571.0,-5049.0,-0.01,-0.01,-0.01,29568.0,-14521.0,-13240.0,48.0,32.0,0.0
1742672296.260756,0.5,0.12,-0.02,28600.0,-14394.0,-21372.0,-0.01,-0.01,-0.01,28664.0,-14344.0,-29563.0,157.0,172.0,140.0
1742672296.2684386,0.5,0.12,-0.02,27708.0,-14216.0,27839.0,-0.01,-0.01,-0.01,27773.0,-14166.0,19647.0,0.0,48.0,69.0
1742672296.281426,0.5,0.12,-0.02,26829.0,-14036.0,11510.0,-0.01,-0.01,-0.01,26894.0,-13986.0,3318.0,113.0,35.0,41.0
1742672296.2932434,0.5,0.11,-0.02,25961.0,-13856.0,-4818.0,-0.01,-0.01,-0.01,26026.0,-13806.0,-13009.0,115.0,93.0,128.0
1742672296.3057628,0.5,0.11,-0.02,25115.0,-13676.0,-21149.0,-0.01,-0.01,-0.01,25180.0,-13626.0,-29340.0,110.0,43.0,24.0
1742672296.3176656,0.5,0.11,-0.02,24280.0,-13495.0,28056.0,-0.01,-0.01,-0.01,24345.0,-13445.0,19864.0,0.0,0.0,16.0
1742672296.3301995,0.5,0.11,-0.02,23455.0,-13314.0,11721.0,-0.01,-0.01,-0.01,23520.0,-13264.0,3529.0,247.0,149.0,155.0
1742672296.3387961,0.5,0.11,-0.02,22641.0,-13133.0,-4614.0,-0.01,-0.01,-0.01,22707.0,-13083.0,-12805.0,0.0,2.0,11.0
1742672296.3507707,0.5,0.11,-0.02,21839.0,-12950.0,-20949.0,-0.01,-0.01,-0.01,21905.0,-12900.0,-29140.0,62.0,19.0,0.0
1742672296.362871,0.5,0.1,-0.02,21048.0,-12765.0,28251.0,-0.01,-0.01,-0.01,21114.0,-12715.0,20059.0,76.0,192.0,158.0
1742672296.3713691,0.5,0.1,-0.02,20269.0,-12578.0,11912.0,-0.01,-0.01,-0.01,20335.0,-12528.0,3720.0,97.0,63.0,0.0
1742672296.3838704,0.5,0.1,-0.02,19511.0,-12389.0,-4428.0,-0.01,-0.01,-0.01,19577.0,-12339.0,-12619.0,90.0,60.0,24.0
1742672296.3961651,0.5,0.1,-0.02,18763.0,-12199.0,-20769.0,-0.01,-0.01,-0.01,18830.0,-12149.0,-28960.0,205.0,132.0,143.0
1742672296.4086642,0.5,0.1,-0.02,18027.0,-12009.0,28426.0,-0.01,-0.01,-0.01,18094.0,-11959.0,20234.0,114.0,124.0,142.0
1742672296.4206638,0.5,0.1,-0.02,17301.0,-11818.0,12081.0,-0.01,-0.01,-0.01,17368.0,-11768.0,3889.0,158.0,108.0,75.0
1742672296.432693,0.5,0.1,-0.02,16586.0,-11627.0,-4263.0,-0.01,-0.01,-0.01,16653.0,-11577.0,-12454.0,0.0,10.0,39.0
1742672296.441211,0.5,0.09,-0.02,15881.0,-11436.0,-20608.0,-0.01,-0.01,-0.01,15949.0,-11386.0,-28799.0,6.0,83.0,103.0
1742672296.4572492,0.5,0.09,-0.02,15198.0,-11244.0,28581.0,-0.01,-0.01,-0.01,15266.0,-11194.0,20389.0,104.0,73.0,63.0
1742672296.4652724,0.5,0.09,-0.02,14525.0,-11051.0,12232.0,-0.01,-0.01,-0.01,14593.0,-11001.0,4040.0,0.0,0.0,0.0
1742672296.4782555,0.5,0.09,-0.02,13862.0,-10857.0,-4118.0,-0.01,-0.01,-0.01,13930.0,-10806.0,-12309.0,223.0,151.0,121.0
1742672296.490256,0.5,0.09,-0.02,13209.0,-10659.0,-20467.0,-0.01,-0.01,-0.01,13277.0,-10608.0,-28658.0,69.0,10.0,0.0
1742672296.5023768,0.5,0.09,-0.02,12565.0,-10460.0,28720.0,-0.01,-0.01,-0.01,12633.0,-10409.0,20528.0,0.0,0.0,29.0
1742672296.5108755,0.5,0.09,-0.02,11931.0,-10258.0,12367.0,-0.01,-0.01,-0.01,11999.0,-10207.0,4175.0,251.0,168.0,171.0
1742672296.5228765,0.5,0.08,-0.02,11308.0,-10047.0,-3985.0,-0.01,-0.01,-0.01,11376.0,-9995.0,-12176.0,0.0,30.0,59.0
1742672296.5350175,0.5,0.08,-0.02,10703.0,-9831.0,-20338.0,-0.01,-0.01,-0.01,10771.0,-9780.0,-28529.0,115.0,54.0,36.0
1742672296.5476522,0.5,0.08,-0.02,10106.0,-9611.0,28844.0,-0.01,-0.01,-0.01,10175.0,-9561.0,20652.0,235.0,122.0,117.0
1742672296.5601647,0.5,0.08,-0.02,9509.0,-9382.0,12489.0,-0.01,-0.01,-0.01,9578.0,-9333.0,4297.0,79.0,85.0,90.0
1742672296.5686533,0.5,0.08,-0.02,8889.0,-9139.0,-3863.0,-0.01,-0.01,-0.01,8959.0,-9092.0,-12054.0,95.0,34.0,49.0
1742672296.5802982,0.5,0.09,-0.03,8240.0,-8884.0,-20211.0,-0.01,-0.01,-0.01,8312.0,-8841.0,-28402.0,160.0,171.0,140.0
1742672296.5922992,0.5,0.09,-0.03,7570.0,-8616.0,28979.0,-0.01,-0.01,-0.01,7643.0,-8574.0,20787.0,95.0,80.0,44.0
1742672296.6007977,0.5,0.09,-0.03,6890.0,-8336.0,12633.0,-0.01,-0.01,-0.01,6962.0,-8293.0,4441.0,13.0,0.0,3.0
1742672296.612799,0.5,0.09,-0.03,6201.0,-8048.0,-3711.0,-0.01,-0.01,-0.01,6272.0,-8005.0,-11902.0,146.0,103.0,153.0
1742672296.6253002,0.5,0.09,-0.03,5505.0,-7759.0,-20054.0,-0.01,-0.01,-0.01,5576.0,-7717.0,-28245.0,0.0,24.0,50.0
1742672296.6339188,0.5,0.09,-0.03,4821.0,-7498.0,29137.0,-0.01,-0.01,-0.01,4893.0,-7455.0,20945.0,49.0,72.0,43.0
1742672296.6459227,0.5,0.09,-0.02,4151.0,-7275.0,12788.0,-0.01,-0.01,-0.01,4223.0,-7232.0,4596.0,143.0,175.0,135.0
1742672296.6579232,0.5,0.09,-0.02,3495.0,-7104.0,-3562.0,-0.01,-0.01,-0.01,3567.0,-7057.0,-11753.0,173.0,138.0,106.0
1742672296.6704226,0.5,0.09,-0.01,2858.0,-6995.0,-19914.0,-0.01,-0.01,-0.01,2930.0,-6944.0,-28105.0,33.0,60.0,47.0
1742672296.678924,0.5,0.08,0.0,2237.0,-6966.0,29269.0,-0.01,-0.01,-0.01,2308.0,-6909.0,21078.0,147.0,129.0,104.0
1742672296.6909225,0.5,0.08,0.02,1622.0,-7037.0,12915.0,-0.01,-0.01,-0.01,1690.0,-6975.0,4724.0,26.0,0.0,18.0
1742672296.7029226,0.49,0.08,0.03,1005.0,-7217.0,-3435.0,-0.01,-0.01,-0.01,1070.0,-7155.0,-11626.0,0.0,39.0,11.0
1742672296.7114232,0.49,0.08,0.04,393.0,-7508.0,-19782.0,-0.01,-0.01,-0.01,458.0,-7448.0,-27973.0,141.0,182.0,120.0
1742672296.723423,0.49,0.08,0.07,-208.0,-7999.0,29418.0,-0.01,-0.01,-0.01,-141.0,-7939.0,21226.0,70.0,0.0,40.0
1742672296.7359278,0.49,0.08,0.08,-812.0,-8581.0,13087.0,-0.01,-0.01,-0.01,-744.0,-8521.0,4895.0,0.0,18.0,41.0
1742672296.7444873,0.49,0.08,0.09,-1428.0,-9239.0,-3236.0,-0.01,-0.01,-0.01,-1359.0,-9180.0,-11427.0,140.0,174.0,91.0
1742672296.760648,0.5,0.08,0.09,-2047.0,-9953.0,-19553.0,-0.01,-0.01,-0.01,-1976.0,-9902.0,-27744.0,72.0,40.0,99.0
1742672296.7686477,0.5,0.08,0.1,-2664.0,-10712.0,29670.0,-0.01,-0.01,-0.01,-2590.0,-10665.0,21478.0,0.0,48.0,29.0
1742672296.7811487,0.5,0.08,0.1,-3275.0,-11501.0,13358.0,-0.01,-0.01,-0.01,-3200.0,-11453.0,5166.0,152.0,102.0,80.0
1742672296.7890768,0.51,0.08,0.11,-3888.0,-12315.0,-2951.0,-0.01,-0.01,-0.01,-3813.0,-12264.0,-11142.0,62.0,30.0,0.0
1742672296.8010767,0.51,0.08,0.11,-4508.0,-13156.0,-19255.0,-0.01,-0.01,-0.01,-4436.0,-13103.0,-27446.0,94.0,45.0,0.0
1742672296.8135777,0.51,0.09,0.11,-5133.0,-14032.0,29982.0,-0.01,-0.01,-0.01,-5060.0,-13980.0,21790.0,166.0,228.0,170.0
1742672296.8260782,0.5,0.08,0.12,-5726.0,-14967.0,13685.0,-0.01,-0.01,-0.01,-5654.0,-14910.0,5493.0,0.0,27.0,48.0
1742672296.8340824,0.5,0.08,0.12,-6305.0,-15880.0,-2614.0,-0.01,-0.01,-0.01,-6229.0,-15832.0,-10805.0,0.0,0.0,0.0
1742672296.846745,0.5,0.08,0.12,-6881.0,-16793.0,-18914.0,-0.01,-0.01,-0.01,-6801.0,-16743.0,-27105.0,0.0,0.0,0.0
1742672296.8585653,0.51,0.08,0.11,-7453.0,-17667.0,30318.0,-0.01,-0.01,-0.01,-7375.0,-17615.0,22126.0,27.0,68.0,52.0
1742672296.8705788,0.51,0.08,0.11,-8027.0,-18511.0,14009.0,-0.01,-0.01,-0.01,-7951.0,-18458.0,5817.0,0.0,22.0,1.0
1742672296.8790655,0.51,0.08,0.11,-8601.0,-19339.0,-2300.0,-0.01,-0.01,-0.01,-8526.0,-19285.0,-10491.0,60.0,50.0,38.0
1742672296.8910651,0.51,0.08,0.11,-9164.0,-20157.0,-18610.0,-0.01,-0.01,-0.01,-9090.0,-20102.0,-26801.0,0.0,0.0,0.0
1742672296.8995683,0.51,0.08,0.11,-9716.0,-20980.0,30615.0,-0.01,-0.01,-0.01,-9643.0,-20926.0,22423.0,0.0,0.0,0.0
1742672296.9118905,0.5,0.08,0.11,-10262.0,-21813.0,14303.0,-0.01,-0.01,-0.01,-10188.0,-21759.0,6111.0,97.0,95.0,61.0
1742672296.9244971,0.5,0.08,0.11,-10802.0,-22673.0,-2006.0,-0.01,-0.01,-0.01,-10727.0,-22619.0,-10197.0,0.0,7.0,33.0
1742672296.9364986,0.5,0.07,0.11,-11332.0,-23536.0,-18314.0,-0.01,-0.01,-0.01,-11257.0,-23482.0,-26505.0,0.0,11.0,0.0
1742672296.9490025,0.5,0.07,0.11,-11858.0,-24389.0,30912.0,-0.01,-0.01,-0.01,-11781.0,-24339.0,22720.0,0.0,0.0,0.0
1742672296.9610176,0.5,0.07,0.11,-12377.0,-25229.0,14599.0,-0.01,-0.01,-0.01,-12300.0,-25179.0,6407.0,47.0,59.0,103.0
1742672296.9697492,0.51,0.07,0.11,-12888.0,-26045.0,-1717.0,-0.01,-0.01,-0.01,-12811.0,-25996.0,-9908.0,0.0,0.0,2.0
1742672296.9817502,0.51,0.07,0.1,-13387.0,-26837.0,-18035.0,-0.01,-0.01,-0.01,-13310.0,-26788.0,-26226.0,42.0,45.0,15.0
1742672296.990249,0.51,0.07,0.1,-13876.0,-27612.0,31180.0,-0.01,-0.01,-0.01,-13799.0,-27562.0,22988.0,0.0,0.0,0.0
1742672297.005953,0.51,0.07,0.1,-14349.0,-28372.0,14854.0,-0.01,-0.01,-0.01,-14273.0,-28321.0,6662.0,4.0,18.0,0.0
1742672297.0144386,0.51,0.07,0.1,-14815.0,-29132.0,-1470.0,-0.01,-0.01,-0.01,-14739.0,-29080.0,-9661.0,4.0,0.0,0.0
1742672297.0269432,0.51,0.07,0.1,-15272.0,-29897.0,-17794.0,-0.01,-0.01,-0.01,-15197.0,-29844.0,-25985.0,21.0,27.0,42.0
1742672297.0388632,0.51,0.06,0.1,-15720.0,-30669.0,31419.0,-0.01,-0.01,-0.01,-15644.0,-30615.0,23227.0,4.0,0.0,5.0
1742672297.047385,0.51,0.06,0.1,-16160.0,-31449.0,15094.0,-0.01,-0.01,-0.01,-16084.0,-31394.0,6902.0,0.0,0.0,0.0
1742672297.0593953,0.51,0.06,0.1,-16592.0,-32229.0,-1230.0,-0.01,-0.01,-0.01,-16516.0,-32175.0,-9421.0,76.0,65.0,133.0
1742672297.0718887,0.51,0.06,0.1,-17018.0,32533.0,-17555.0,-0.01,-0.01,-0.01,-16942.0,32585.0,-25746.0,11.0,7.0,7.0
1742672297.0798864,0.51,0.06,0.1,-17436.0,31768.0,31655.0,-0.01,-0.01,-0.01,-17359.0,31818.0,23463.0,18.0,0.0,0.0
1742672297.0959017,0.51,0.06,0.1,-17836.0,31032.0,15323.0,-0.01,-0.01,-0.01,-17759.0,31081.0,7131.0,103.0,123.0,124.0
1742672297.103902,0.51,0.06,0.09,-18229.0,30313.0,-1011.0,-0.01,-0.01,-0.01,-18151.0,30362.0,-9202.0,0.0,3.0,14.0
1742672297.1168413,0.51,0.06,0.09,-18615.0,29607.0,-17345.0,-0.01,-0.01,-0.01,-18537.0,29656.0,-25536.0,0.0,0.0,0.0
1742672297.1288612,0.51,0.06,0.09,-18996.0,28910.0,31855.0,-0.01,-0.01,-0.01,-18918.0,28959.0,23663.0,95.0,102.0,104.0
1742672297.1413486,0.51,0.06,0.09,-19371.0,28214.0,15518.0,-0.01,-0.01,-0.01,-19293.0,28264.0,7326.0,0.0,0.0,0.0
1742672297.1494057,0.51,0.05,0.09,-19739.0,27517.0,-818.0,-0.01,-0.01,-0.01,-19661.0,27568.0,-9009.0,0.0,0.0,0.0
1742672297.161391,0.51,0.05,0.09,-20101.0,26817.0,-17154.0,-0.01,-0.01,-0.01,-20023.0,26869.0,-25345.0,104.0,125.0,127.0
1742672297.1738806,0.51,0.05,0.09,-20449.0,26110.0,32046.0,-0.01,-0.01,-0.01,-20371.0,26163.0,23854.0,0.0,0.0,0.0
1742672297.1823812,0.51,0.05,0.09,-20789.0,25405.0,15707.0,-0.01,-0.01,-0.01,-20711.0,25458.0,7515.0,0.0,0.0,0.0
1742672297.1943812,0.51,0.05,0.09,-21121.0,24707.0,-631.0,-0.01,-0.01,-0.01,-21043.0,24759.0,-8822.0,100.0,117.0,137.0
1742672297.206881,0.51,0.05,0.09,-21443.0,24018.0,-16970.0,-0.01,-0.01,-0.01,-21365.0,24069.0,-25161.0,13.0,12.0,31.0
1742672297.2192779,0.51,0.05,0.09,-21757.0,23342.0,32225.0,-0.01,-0.01,-0.01,-21679.0,23393.0,24033.0,0.0,0.0,0.0
1742672297.231392,0.51,0.05,0.09,-22063.0,22681.0,15881.0,-0.01,-0.01,-0.01,-21985.0,22731.0,7689.0,82.0,70.0,50.0
1742672297.2394762,0.51,0.05,0.09,-22362.0,22032.0,-464.0,-0.01,-0.01,-0.01,-22284.0,22082.0,-8655.0,0.0,0.0,0.0
1742672297.2516131,0.51,0.05,0.08,-22655.0,21392.0,-16809.0,-0.01,-0.01,-0.01,-22576.0,21442.0,-25000.0,0.0,0.0,0.0
1742672297.2641037,0.51,0.04,0.08,-22939.0,20758.0,32382.0,-0.01,-0.01,-0.01,-22860.0,20808.0,24190.0,68.0,42.0,35.0
1742672297.2726007,0.51,0.04,0.08,-23219.0,20122.0,16034.0,-0.01,-0.01,-0.01,-23140.0,20173.0,7842.0,0.0,0.0,18.0
1742672297.2846014,0.51,0.04,0.08,-23494.0,19483.0,-313.0,-0.01,-0.01,-0.01,-23415.0,19534.0,-8504.0,21.0,1.0,3.0
1742672297.2973719,0.51,0.04,0.08,-23764.0,18842.0,-16659.0,-0.01,-0.01,-0.01,-23685.0,18894.0,-24850.0,0.0,9.0,0.0
1742672297.3093734,0.51,0.04,0.08,-24028.0,18203.0,32531.0,-0.01,-0.01,-0.01,-23949.0,18255.0,24339.0,24.0,60.0,79.0
1742672297.3178704,0.51,0.04,0.08,-24284.0,17568.0,16183.0,-0.01,-0.01,-0.01,-24205.0,17620.0,7991.0,0.0,0.0,18.0
1742672297.3298762,0.51,0.04,0.08,-24530.0,16939.0,-165.0,-0.01,-0.01,-0.01,-24451.0,16990.0,-8356.0,92.0,49.0,80.0
1742672297.3418772,0.51,0.04,0.08,-24768.0,16319.0,-16514.0,-0.01,-0.01,-0.01,-24689.0,16370.0,-24705.0,0.0,0.0,0.0
1742672297.3543847,0.51,0.04,0.08,-24991.0,15721.0,32671.0,-0.01,-0.01,-0.01,-24912.0,15772.0,24479.0,9.0,47.0,40.0
1742672297.3628855,0.51,0.04,0.08,-25207.0,15133.0,16317.0,-0.01,-0.01,-0.01,-25128.0,15183.0,8125.0,47.0,2.0,51.0
1742672297.374568,0.51,0.04,0.08,-25418.0,14549.0,-37.0,-0.01,-0.01,-0.01,-25339.0,14599.0,-8228.0,0.0,8.0,12.0
1742672297.387015,0.51,0.03,0.08,-25624.0,13967.0,-16390.0,-0.01,-0.01,-0.01,-25545.0,14017.0,-24581.0,18.0,0.0,37.0
1742672297.3990154,0.51,0.03,0.08,-25827.0,13386.0,-32743.0,-0.01,-0.01,-0.01,-25747.0,13436.0,24602.0,0.0,0.0,0.0
1742672297.4075153,0.51,0.03,0.08,-26025.0,12804.0,16439.0,-0.01,-0.01,-0.01,-25945.0,12855.0,8247.0,62.0,77.0,75.0
1742672297.4195294,0.51,0.03,0.08,-26220.0,12222.0,84.0,-0.01,-0.01,-0.01,-26140.0,12273.0,-8107.0,0.0,32.0,5.0
1742672297.432038,0.51,0.03,0.08,-26410.0,11640.0,-16270.0,-0.01,-0.01,-0.01,-26330.0,11691.0,-24461.0,91.0,50.0,61.0
1742672297.440054,0.51,0.03,0.08,-26594.0,11060.0,-32624.0,-0.01,-0.01,-0.01,-26514.0,11111.0,24721.0,0.0,0.0,0.0
1742672297.4527338,0.51,0.03,0.08,-26763.0,10495.0,16556.0,-0.01,-0.01,-0.01,-26683.0,10547.0,8364.0,0.0,9.0,6.0
1742672297.4647365,0.51,0.03,0.07,-26925.0,9940.0,198.0,-0.01,-0.01,-0.01,-26845.0,9992.0,-7993.0,39.0,0.0,17.0
1742672297.4732318,0.51,0.03,0.07,-27079.0,9393.0,-16159.0,-0.01,-0.01,-0.01,-26999.0,9444.0,-24350.0,0.0,36.0,6.0
1742672297.4892318,0.51,0.03,0.07,-27227.0,8853.0,-32516.0,-0.01,-0.01,-0.01,-27147.0,8904.0,24829.0,0.0,0.0,0.0
1742672297.4977329,0.51,0.03,0.07,-27368.0,8320.0,16660.0,-0.01,-0.01,-0.01,-27288.0,8371.0,8468.0,31.0,0.0,0.0
1742672297.5101557,0.51,0.03,0.07,-27505.0,7790.0,299.0,-0.01,-0.01,-0.01,-27425.0,7841.0,-7892.0,30.0,63.0,77.0
1742672297.5184762,0.51,0.03,0.07,-27638.0,7261.0,-16060.0,-0.01,-0.01,-0.01,-27558.0,7312.0,-24251.0,41.0,38.0,17.0
1742672297.5304801,0.51,0.03,0.07,-27768.0,6732.0,-32419.0,-0.01,-0.01,-0.01,-27688.0,6784.0,24926.0,71.0,78.0,48.0
1742672297.5389814,0.51,0.03,0.07,-27895.0,6202.0,16757.0,-0.01,-0.01,-0.01,-27815.0,6254.0,8565.0,0.0,0.0,0.0
1742672297.5550547,0.51,0.02,0.07,-28013.0,5676.0,395.0,-0.01,-0.01,-0.01,-27933.0,5728.0,-7796.0,0.0,18.0,17.0
1742672297.5635538,0.51,0.02,0.07,-28125.0,5154.0,-15965.0,-0.01,-0.01,-0.01,-28045.0,5206.0,-24156.0,38.0,51.0,22.0
1742672297.5750542,0.51,0.02,0.07,-28231.0,4638.0,-32325.0,-0.01,-0.01,-0.01,-28151.0,4690.0,25020.0,0.0,0.0,0.0
1742672297.5842595,0.51,0.02,0.07,-28331.0,4130.0,16849.0,-0.01,-0.01,-0.01,-28251.0,4182.0,8657.0,12.0,28.0,16.0
1742672297.5962577,0.51,0.02,0.07,-28424.0,3630.0,485.0,-0.01,-0.01,-0.01,-28344.0,3682.0,-7706.0,22.0,34.0,0.0
1742672297.6082578,0.51,0.02,0.07,-28511.0,3137.0,-15878.0,-0.01,-0.01,-0.01,-28431.0,3189.0,-24069.0,0.0,25.0,34.0
1742672297.6204128,0.51,0.02,0.07,-28592.0,2649.0,-32241.0,-0.01,-0.01,-0.01,-28512.0,2701.0,25104.0,0.0,30.0,12.0
1742672297.628936,0.51,0.02,0.07,-28668.0,2164.0,16931.0,-0.01,-0.01,-0.01,-28588.0,2216.0,8739.0,109.0,95.0,101.0
1742672297.6409366,0.51,0.02,0.07,-28740.0,1681.0,566.0,-0.01,-0.01,-0.01,-28660.0,1733.0,-7625.0,64.0,0.0,0.0
1742672297.6534064,0.51,0.02,0.07,-28806.0,1198.0,-15797.0,-0.01,-0.01,-0.01,-28726.0,1250.0,-23988.0,0.0,25.0,15.0
1742672297.6653476,0.51,0.02,0.07,-28868.0,716.0,-32160.0,-0.01,-0.01,-0.01,-28788.0,768.0,25185.0,102.0,59.0,72.0
1742672297.6737812,0.51,0.02,0.06,-28926.0,236.0,17012.0,-0.01,-0.01,-0.01,-28846.0,288.0,8820.0,0.0,0.0,14.0
1742672297.685792,0.51,0.02,0.06,-28979.0,-238.0,646.0,-0.01,-0.01,-0.01,-28899.0,-185.0,-7545.0,0.0,12.0,0.0
1742672297.698405,0.51,0.02,0.06,-29027.0,-707.0,-15718.0,-0.01,-0.01,-0.01,-28947.0,-654.0,-23909.0,20.0,51.0,0.0
1742672297.706905,0.51,0.02,0.06,-29069.0,-1169.0,-32083.0,-0.01,-0.01,-0.01,-28989.0,-1116.0,25262.0,0.0,46.0,38.0
1742672297.7189038,0.51,0.01,0.06,-29106.0,-1625.0,17086.0,-0.01,-0.01,-0.01,-29026.0,-1572.0,8894.0,79.0,11.0,33.0
1742672297.7309074,0.51,0.01,0.06,-29137.0,-2075.0,718.0,-0.01,-0.01,-0.01,-29057.0,-2022.0,-7473.0,194.0,104.0,81.0
1742672297.739407,0.51,0.01,0.06,-29162.0,-2519.0,-15648.0,-0.01,-0.01,-0.01,-29082.0,-2466.0,-23839.0,0.0,4.0,0.0
1742672297.7519147,0.51,0.01,0.06,-29179.0,-2959.0,-32015.0,-0.01,-0.01,-0.01,-29099.0,-2906.0,25330.0,101.0,60.0,42.0
1742672297.7639124,0.51,0.01,0.06,-29193.0,-3397.0,17153.0,-0.01,-0.01,-0.01,-29113.0,-3344.0,8961.0,72.0,86.0,100.0
1742672297.775913,0.51,0.01,0.06,-29203.0,-3835.0,784.0,-0.01,-0.01,-0.01,-29123.0,-3782.0,-7407.0,0.0,0.0,0.0
1742672297.7844117,0.51,0.01,0.06,-29211.0,-4273.0,-15583.0,-0.01,-0.01,-0.01,-29131.0,-4220.0,-23774.0,0.0,23.0,0.0
1742672297.7969117,0.51,0.01,0.06,-29215.0,-4709.0,-31950.0,-0.01,-0.01,-0.01,-29135.0,-4656.0,25395.0,91.0,39.0,18.0
1742672297.8089106,0.51,0.01,0.06,-29215.0,-5141.0,17218.0,-0.01,-0.01,-0.01,-29135.0,-5088.0,9026.0,34.0,18.0,77.0
1742672297.8173027,0.51,0.01,0.06,-29210.0,-5568.0,849.0,-0.01,-0.01,-0.01,-29130.0,-5515.0,-7342.0,0.0,8.0,48.0
1742672297.8292243,0.51,0.01,0.06,-29200.0,-5990.0,-15519.0,-0.01,-0.01,-0.01,-29120.0,-5937.0,-23710.0,61.0,127.0,100.0
1742672297.841208,0.51,0.01,0.06,-29185.0,-6406.0,-31888.0,-0.01,-0.01,-0.01,-29105.0,-6353.0,25457.0,0.0,0.0,0.0
1742672297.8542175,0.51,0.01,0.06,-29159.0,-6812.0,17278.0,-0.01,-0.01,-0.01,-29080.0,-6759.0,9086.0,73.0,24.0,39.0
1742672297.8622026,0.51,0.01,0.06,-29130.0,-7215.0,907.0,-0.01,-0.01,-0.01,-29051.0,-7162.0,-7284.0,186.0,90.0,102.0
1742672297.8747017,0.51,0.01,0.06,-29097.0,-7616.0,-15463.0,-0.01,-0.01,-0.01,-29018.0,-7563.0,-23654.0,0.0,0.0,0.0
1742672297.8867013,0.51,0.01,0.06,-29062.0,-8016.0,-31833.0,-0.01,-0.01,-0.01,-28983.0,-7962.0,25512.0,63.0,14.0,9.0
1742672297.89877,0.51,0.0,0.06,-29023.0,-8414.0,17332.0,-0.01,-0.01,-0.01,-28943.0,-8361.0,9140.0,81.0,22.0,12.0
1742672297.9072707,0.51,0.0,0.06,-28980.0,-8812.0,960.0,-0.01,-0.01,-0.01,-28900.0,-8759.0,-7231.0,0.0,0.0,51.0
1742672297.9193463,0.51,0.0,0.06,-28934.0,-9209.0,-15410.0,-0.01,-0.01,-0.01,-28854.0,-9155.0,-23601.0,57.0,13.0,28.0
1742672297.927847,0.51,0.0,0.05,-28884.0,-9601.0,-31780.0,-0.01,-0.01,-0.01,-28804.0,-9547.0,25565.0,102.0,152.0,120.0
1742672297.9403508,0.51,0.0,0.05,-28831.0,-9989.0,17385.0,-0.01,-0.01,-0.01,-28751.0,-9935.0,9193.0,0.0,0.0,16.0
1742672297.9524896,0.51,0.0,0.05,-28769.0,-10367.0,1012.0,-0.01,-0.01,-0.01,-28689.0,-10314.0,-7179.0,79.0,0.0,45.0
1742672297.9644902,0.51,0.0,0.05,-28702.0,-10742.0,-15359.0,-0.01,-0.01,-0.01,-28622.0,-10688.0,-23550.0,74.0,85.0,40.0
1742672297.9729898,0.51,0.0,0.05,-28631.0,-11113.0,-31730.0,-0.01,-0.01,-0.01,-28551.0,-11059.0,25615.0,19.0,0.0,13.0
1742672297.9889908,0.51,0.0,0.05,-28555.0,-11480.0,17434.0,-0.01,-0.01,-0.01,-28475.0,-11426.0,9242.0,8.0,31.0,0.0
1742672297.9974895,0.51,0.0,0.05,-28476.0,-11845.0,1061.0,-0.01,-0.01,-0.01,-28397.0,-11791.0,-7130.0,0.0,0.0,12.0
1742672298.00949,0.51,-0.0,0.05,-28395.0,-12209.0,-15310.0,-0.01,-0.01,-0.01,-28315.0,-12155.0,-23501.0,0.0,67.0,109.0
1742672298.0179899,0.51,-0.0,0.05,-28310.0,-12572.0,-31681.0,-0.01,-0.01,-0.01,-28230.0,-12518.0,25664.0,11.0,45.0,50.0
1742672298.0341182,0.51,-0.0,0.05,-28219.0,-12931.0,17483.0,-0.01,-0.01,-0.01,-28139.0,-12877.0,9291.0,31.0,0.0,0.0
1742672298.0426183,0.51,-0.0,0.05,-28126.0,-13288.0,1109.0,-0.01,-0.01,-0.01,-28046.0,-13234.0,-7082.0,69.0,123.0,153.0
1742672298.0548136,0.51,-0.0,0.05,-28028.0,-13640.0,-15263.0,-0.01,-0.01,-0.01,-27948.0,-13586.0,-23454.0,0.0,50.0,54.0
1742672298.0668015,0.51,-0.0,0.05,-27927.0,-13988.0,-31635.0,-0.01,-0.01,-0.01,-27846.0,-13934.0,25710.0,49.0,0.0,20.0
1742672298.078884,0.51,-0.0,0.05,-27821.0,-14333.0,17528.0,-0.01,-0.01,-0.01,-27741.0,-14279.0,9336.0,84.0,166.0,112.0
1742672298.0876434,0.51,-0.0,0.05,-27712.0,-14674.0,1154.0,-0.01,-0.01,-0.01,-27632.0,-14620.0,-7037.0,0.0,8.0,16.0
1742672298.0996435,0.51,-0.0,0.05,-27599.0,-15012.0,-15218.0,-0.01,-0.01,-0.01,-27519.0,-14958.0,-23409.0,0.0,0.0,0.0
1742672298.1116593,0.51,-0.0,0.05,-27482.0,-15348.0,-31590.0,-0.01,-0.01,-0.01,-27402.0,-15294.0,25755.0,124.0,115.0,150.0
1742672298.1241426,0.51,-0.01,0.05,-27359.0,-15680.0,17572.0,-0.01,-0.01,-0.01,-27279.0,-15626.0,9380.0,46.0,0.0,16.0
1742672298.1325576,0.51,-0.01,0.05,-27233.0,-16011.0,1197.0,-0.01,-0.01,-0.01,-27153.0,-15957.0,-6994.0,0.0,1.0,0.0
1742672298.1447155,0.51,-0.01,0.05,-27103.0,-16340.0,-15176.0,-0.01,-0.01,-0.01,-27023.0,-16286.0,-23367.0,162.0,113.0,118.0
1742672298.1567175,0.51,-0.01,0.05,-26971.0,-16667.0,-31549.0,-0.01,-0.01,-0.01,-26890.0,-16613.0,25796.0,0.0,0.0,21.0
1742672298.1693487,0.51,-0.01,0.05,-26835.0,-16991.0,17613.0,-0.01,-0.01,-0.01,-26754.0,-16937.0,9421.0,0.0,11.0,0.0
1742672298.177848,0.51,-0.01,0.05,-26696.0,-17312.0,1238.0,-0.01,-0.01,-0.01,-26615.0,-17258.0,-6953.0,78.0,135.0,102.0
1742672298.1898477,0.51,-0.01,0.05,-26554.0,-17629.0,-15135.0,-0.01,-0.01,-0.01,-26474.0,-17575.0,-23326.0,0.0,0.0,0.0
1742672298.202348,0.51,-0.01,0.04,-26405.0,-17940.0,-31508.0,-0.01,-0.01,-0.01,-26325.0,-17886.0,25837.0,33.0,11.0,31.0
1742672298.2143486,0.51,-0.01,0.04,-26253.0,-18248.0,17653.0,-0.01,-0.01,-0.01,-26173.0,-18194.0,9461.0,87.0,56.0,91.0
1742672298.222971,0.51,-0.01,0.04,-26097.0,-18554.0,1277.0,-0.01,-0.01,-0.01,-26017.0,-18500.0,-6914.0,0.0,0.0,6.0
1742672298.2389972,0.51,-0.01,0.04,-25939.0,-18858.0,-15097.0,-0.01,-0.01,-0.01,-25859.0,-18804.0,-23288.0,36.0,58.0,77.0
1742672298.2475102,0.51,-0.01,0.04,-25778.0,-19162.0,-31471.0,-0.01,-0.01,-0.01,-25698.0,-19108.0,25874.0,26.0,3.0,0.0
1742672298.2592437,0.51,-0.01,0.04,-25614.0,-19465.0,17690.0,-0.01,-0.01,-0.01,-25534.0,-19411.0,9498.0,13.0,76.0,88.0
1742672298.2714043,0.51,-0.01,0.04,-25447.0,-19766.0,1314.0,-0.01,-0.01,-0.01,-25366.0,-19712.0,-6877.0,74.0,31.0,54.0
1742672298.2839036,0.51,-0.01,0.04,-25274.0,-20062.0,-15060.0,-0.01,-0.01,-0.01,-25193.0,-20008.0,-23251.0,32.0,0.0,0.0
1742672298.2924035,0.51,-0.01,0.04,-25098.0,-20355.0,-31434.0,-0.01,-0.01,-0.01,-25017.0,-20301.0,25911.0,114.0,123.0,127.0
1742672298.304525,0.51,-0.01,0.04,-24919.0,-20645.0,17727.0,-0.01,-0.01,-0.01,-24838.0,-20591.0,9535.0,99.0,38.0,54.0
1742672298.317025,0.51,-0.01,0.04,-24738.0,-20931.0,1351.0,-0.01,-0.01,-0.01,-24658.0,-20877.0,-6840.0,0.0,0.0,0.0
1742672298.32904,0.51,-0.01,0.04,-24554.0,-21215.0,-15023.0,-0.01,-0.01,-0.01,-24474.0,-21161.0,-23214.0,170.0,137.0,122.0
1742672298.3375397,0.51,-0.01,0.04,-24366.0,-21497.0,-31397.0,-0.01,-0.01,-0.01,-24286.0,-21443.0,25948.0,66.0,16.0,24.0
1742672298.349444,0.51,-0.01,0.04,-24176.0,-21777.0,17764.0,-0.01,-0.01,-0.01,-24096.0,-21723.0,9572.0,0.0,0.0,0.0
1742672298.3624446,0.51,-0.01,0.04,-23979.0,-22055.0,1388.0,-0.01,-0.01,-0.01,-23899.0,-22001.0,-6803.0,211.0,119.0,92.0
1742672298.374444,0.51,-0.01,0.04,-23780.0,-22331.0,-14986.0,-0.01,-0.01,-0.01,-23699.0,-22277.0,-23177.0,0.0,0.0,0.0
1742672298.3829446,0.51,-0.01,0.04,-23578.0,-22606.0,-31360.0,-0.01,-0.01,-0.01,-23497.0,-22552.0,25985.0,0.0,22.0,0.0
1742672298.3944454,0.51,-0.02,0.04,-23373.0,-22879.0,17801.0,-0.01,-0.01,-0.01,-23292.0,-22825.0,9609.0,53.0,123.0,143.0
1742672298.4070015,0.51,-0.02,0.04,-23166.0,-23149.0,1425.0,-0.01,-0.01,-0.01,-23085.0,-23095.0,-6766.0,37.0,0.0,0.0
1742672298.4189994,0.51,-0.02,0.04,-22956.0,-23416.0,-14950.0,-0.01,-0.01,-0.01,-22875.0,-23362.0,-23141.0,53.0,30.0,0.0
1742672298.4314995,0.51,-0.02,0.04,-22744.0,-23681.0,-31325.0,-0.01,-0.01,-0.01,-22663.0,-23627.0,26020.0,163.0,166.0,90.0
1742672298.4440012,0.51,-0.02,0.04,-22526.0,-23941.0,17835.0,-0.01,-0.01,-0.01,-22445.0,-23887.0,9643.0,80.0,82.0,74.0
1742672298.4520051,0.51,-0.02,0.04,-22305.0,-24199.0,1458.0,-0.01,-0.01,-0.01,-22224.0,-24145.0,-6733.0,53.0,61.0,65.0
1742672298.4644642,0.52,-0.02,0.04,-22082.0,-24456.0,-14917.0,-0.01,-0.01,-0.01,-22001.0,-24402.0,-23108.0,47.0,87.0,33.0
1742672298.4769642,0.52,-0.02,0.04,-21856.0,-24712.0,-31292.0,-0.01,-0.01,-0.01,-21775.0,-24658.0,26053.0,144.0,139.0,143.0
1742672298.4884815,0.52,-0.02,0.04,-21627.0,-24966.0,17868.0,-0.01,-0.01,-0.01,-21546.0,-24912.0,9676.0,28.0,26.0,36.0
1742672298.4969652,0.52,-0.02,0.04,-21396.0,-25219.0,1491.0,-0.01,-0.01,-0.01,-21315.0,-25165.0,-6700.0,0.0,0.0,0.0
1742672298.5089636,0.52,-0.02,0.04,-21163.0,-25470.0,-14884.0,-0.01,-0.01,-0.01,-21082.0,-25416.0,-23075.0,38.0,101.0,99.0
1742672298.5219636,0.52,-0.02,0.04,-20926.0,-25717.0,-31259.0,-0.01,-0.01,-0.01,-20845.0,-25663.0,26086.0,53.0,19.0,16.0
1742672298.5338783,0.52,-0.02,0.04,-20686.0,-25961.0,17901.0,-0.01,-0.01,-0.01,-20605.0,-25908.0,9709.0,12.0,0.0,0.0
1742672298.5458863,0.52,-0.02,0.04,-20444.0,-26203.0,1524.0,-0.01,-0.01,-0.01,-20363.0,-26149.0,-6667.0,135.0,134.0,167.0
1742672298.5584192,0.52,-0.02,0.04,-20199.0,-26443.0,-14851.0,-0.01,-0.01,-0.01,-20118.0,-26389.0,-23042.0,0.0,0.0,0.0
1742672298.5669188,0.52,-0.02,0.04,-19952.0,-26681.0,-31227.0,-0.01,-0.01,-0.01,-19871.0,-26627.0,26118.0,0.0,0.0,17.0
1742672298.5789187,0.52,-0.02,0.04,-19702.0,-26917.0,17932.0,-0.01,-0.01,-0.01,-19621.0,-26863.0,9740.0,98.0,161.0,138.0
1742672298.590919,0.52,-0.02,0.04,-19449.0,-27151.0,1554.0,-0.01,-0.01,-0.01,-19368.0,-27097.0,-6637.0,0.0,0.0,6.0
1742672298.603418,0.52,-0.02,0.04,-19192.0,-27383.0,-14822.0,-0.01,-0.01,-0.01,-19111.0,-27329.0,-23013.0,63.0,22.0,0.0
1742672298.6119192,0.52,-0.02,0.03,-18933.0,-27614.0,-31198.0,-0.01,-0.01,-0.01,-18852.0,-27560.0,26147.0,180.0,105.0,74.0
1742672298.6239188,0.52,-0.02,0.03,-18671.0,-27843.0,17961.0,-0.01,-0.01,-0.01,-18590.0,-27789.0,9769.0,0.0,0.0,0.0
1742672298.636421,0.52,-0.02,0.03,-18407.0,-28069.0,1583.0,-0.01,-0.01,-0.01,-18325.0,-28015.0,-6608.0,0.0,0.0,7.0
1742672298.648429,0.52,-0.02,0.03,-18140.0,-28294.0,-14793.0,-0.01,-0.01,-0.01,-18058.0,-28240.0,-22984.0,117.0,65.0,62.0
1742672298.65693,0.52,-0.02,0.03,-17871.0,-28516.0,-31169.0,-0.01,-0.01,-0.01,-17789.0,-28462.0,26176.0,0.0,0.0,13.0
1742672298.6690388,0.52,-0.02,0.03,-17599.0,-28736.0,17990.0,-0.01,-0.01,-0.01,-17517.0,-28682.0,9798.0,12.0,26.0,3.0
1742672298.6815383,0.52,-0.02,0.03,-17323.0,-28953.0,1613.0,-0.01,-0.01,-0.01,-17241.0,-28899.0,-6578.0,27.0,0.0,0.0
1742672298.6935394,0.52,-0.02,0.03,-17045.0,-29169.0,-14762.0,-0.01,-0.01,-0.01,-16963.0,-29115.0,-22953.0,101.0,76.0,84.0
1742672298.7020388,0.52,-0.02,0.03,-16764.0,-29384.0,-31137.0,-0.01,-0.01,-0.01,-16682.0,-29330.0,26208.0,98.0,13.0,75.0
1742672298.7140386,0.52,-0.02,0.03,-16482.0,-29597.0,18023.0,-0.01,-0.01,-0.01,-16400.0,-29542.0,9831.0,65.0,47.0,55.0
1742672298.726539,0.52,-0.02,0.03,-16198.0,-29809.0,1646.0,-0.01,-0.01,-0.01,-16116.0,-29755.0,-6545.0,64.0,149.0,166.0
1742672298.7387352,0.52,-0.02,0.03,-15911.0,-30019.0,-14729.0,-0.01,-0.01,-0.01,-15829.0,-29965.0,-22920.0,83.0,34.0,79.0
1742672298.7472806,0.52,-0.03,0.03,-15623.0,-30228.0,-31104.0,-0.01,-0.01,-0.01,-15541.0,-30174.0,26241.0,7.0,0.0,0.0
1742672298.7632887,0.52,-0.03,0.03,-15331.0,-30432.0,18056.0,-0.01,-0.01,-0.01,-15249.0,-30378.0,9864.0,189.0,119.0,154.0
1742672298.7717795,0.52,-0.03,0.03,-15037.0,-30635.0,1679.0,-0.01,-0.01,-0.01,-14955.0,-30581.0,-6512.0,24.0,24.0,22.0
1742672298.783711,0.52,-0.03,0.03,-14741.0,-30837.0,-14696.0,-0.01,-0.01,-0.01,-14659.0,-30783.0,-22887.0,0.0,0.0,0.0
1742672298.7957125,0.52,-0.03,0.03,-14443.0,-31037.0,-31071.0,-0.01,-0.01,-0.01,-14361.0,-30983.0,26274.0,102.0,185.0,119.0
1742672298.8082135,0.52,-0.03,0.03,-14143.0,-31235.0,18089.0,-0.01,-0.01,-0.01,-14061.0,-31181.0,9897.0,0.0,0.0,0.0
1742672298.8167124,0.52,-0.03,0.03,-13841.0,-31433.0,1712.0,-0.01,-0.01,-0.01,-13759.0,-31379.0,-6479.0,19.0,4.0,0.0
1742672298.8288236,0.52,-0.03,0.03,-13537.0,-31629.0,-14663.0,-0.01,-0.01,-0.01,-13455.0,-31574.0,-22854.0,114.0,145.0,100.0
1742672298.8408265,0.52,-0.03,0.03,-13229.0,-31821.0,-31038.0,-0.01,-0.01,-0.01,-13147.0,-31766.0,26307.0,0.0,25.0,48.0
1742672298.853337,0.52,-0.03,0.03,-12918.0,-32012.0,18121.0,-0.01,-0.01,-0.01,-12836.0,-31957.0,9929.0,0.0,26.0,0.0
1742672298.8655481,0.52,-0.03,0.03,-12606.0,-32201.0,1743.0,-0.01,-0.01,-0.01,-12524.0,-32147.0,-6448.0,100.0,117.0,133.0
1742672298.8735485,0.52,-0.03,0.03,-12292.0,-32389.0,-14633.0,-0.01,-0.01,-0.01,-12209.0,-32335.0,-22824.0,0.0,0.0,0.0
1742672298.8865483,0.52,-0.03,0.03,-11975.0,-32576.0,-31009.0,-0.01,-0.01,-0.01,-11892.0,-32521.0,26336.0,38.0,52.0,33.0
1742672298.8985484,0.52,-0.03,0.03,-11657.0,-32760.0,18150.0,-0.01,-0.01,-0.01,-11574.0,-32705.0,9958.0,101.0,24.0,0.0
1742672298.9105473,0.52,-0.03,0.03,-11337.0,32593.0,1772.0,-0.01,-0.01,-0.01,-11254.0,32646.0,-6419.0,0.0,32.0,50.0
1742672298.9230487,0.52,-0.03,0.03,-11014.0,32410.0,-14604.0,-0.01,-0.01,-0.01,-10931.0,32463.0,-22795.0,16.0,46.0,16.0
1742672298.93105,0.52,-0.03,0.03,-10689.0,32227.0,-30980.0,-0.01,-0.01,-0.01,-10606.0,32281.0,26365.0,0.0,0.0,8.0
1742672298.9430823,0.52,-0.03,0.03,-10362.0,32047.0,18180.0,-0.01,-0.01,-0.01,-10279.0,32101.0,9988.0,114.0,115.0,113.0
1742672298.9555752,0.52,-0.03,0.03,-10033.0,31868.0,1803.0,-0.01,-0.01,-0.01,-9950.0,31921.0,-6388.0,0.0,37.0,0.0
1742672298.9675753,0.52,-0.03,0.03,-9703.0,31690.0,-14572.0,-0.01,-0.01,-0.01,-9620.0,31744.0,-22763.0,0.0,0.0,0.0
1742672298.9765751,0.52,-0.03,0.03,-9371.0,31513.0,-30947.0,-0.01,-0.01,-0.01,-9288.0,31567.0,26398.0,105.0,133.0,97.0
1742672298.9885747,0.52,-0.03,0.03,-9037.0,31339.0,18213.0,-0.01,-0.01,-0.01,-8954.0,31393.0,10021.0,84.0,26.0,63.0
1742672299.000574,0.52,-0.03,0.03,-8700.0,31168.0,1836.0,-0.01,-0.01,-0.01,-8617.0,31221.0,-6355.0,0.0,0.0,0.0
1742672299.0130749,0.52,-0.03,0.03,-8361.0,30997.0,-14539.0,-0.01,-0.01,-0.01,-8278.0,31050.0,-22730.0,126.0,143.0,173.0
1742672299.0215738,0.52,-0.03,0.03,-8020.0,30827.0,-30914.0,-0.01,-0.01,-0.01,-7937.0,30881.0,26431.0,78.0,0.0,21.0
1742672299.0335739,0.52,-0.03,0.03,-7679.0,30659.0,18246.0,-0.01,-0.01,-0.01,-7596.0,30713.0,10054.0,0.0,0.0,0.0
1742672299.0456276,0.52,-0.03,0.03,-7336.0,30493.0,1869.0,-0.01,-0.01,-0.01,-7253.0,30547.0,-6322.0,71.0,110.0,129.0
1742672299.0581868,0.52,-0.03,0.03,-6991.0,30327.0,-14506.0,-0.01,-0.01,-0.01,-6908.0,30381.0,-22697.0,0.0,0.0,19.0
1742672299.0661833,0.52,-0.03,0.03,-6644.0,30163.0,-30881.0,-0.01,-0.01,-0.01,-6561.0,30217.0,26464.0,0.0,0.0,0.0
1742672299.0781996,0.52,-0.03,0.03,-6295.0,29999.0,18279.0,-0.01,-0.01,-0.01,-6212.0,30053.0,10087.0,89.0,132.0,128.0
1742672299.0907822,0.52,-0.03,0.03,-5943.0,29838.0,1902.0,-0.01,-0.01,-0.01,-5860.0,29892.0,-6289.0,32.0,0.0,0.0
1742672299.1032827,0.52,-0.03,0.03,-5589.0,29678.0,-14473.0,-0.01,-0.01,-0.01,-5506.0,29732.0,-22664.0,65.0,0.0,0.0
1742672299.1112835,0.52,-0.03,0.03,-5234.0,29520.0,-30848.0,-0.01,-0.01,-0.01,-5151.0,29574.0,26497.0,131.0,137.0,109.0
1742672299.1237798,0.52,-0.03,0.03,-4877.0,29362.0,18312.0,-0.01,-0.01,-0.01,-4794.0,29416.0,10120.0,71.0,0.0,23.0
1742672299.1317818,0.52,-0.03,0.03,-4519.0,29206.0,1935.0,-0.01,-0.01,-0.01,-4436.0,29260.0,-6256.0,0.0,0.0,0.0
1742672299.1437972,0.52,-0.03,0.03,-4159.0,29050.0,-14440.0,-0.01,-0.01,-0.01,-4076.0,29104.0,-22631.0,141.0,140.0,123.0
1742672299.1564536,0.52,-0.03,0.03,-3798.0,28895.0,-30815.0,-0.01,-0.01,-0.01,-3715.0,28949.0,26530.0,0.0,11.0,0.0
1742672299.1688561,0.52,-0.03,0.03,-3436.0,28742.0,18345.0,-0.01,-0.01,-0.01,-3353.0,28797.0,10153.0,0.0,0.0,0.0
1742672299.176856,0.52,-0.03,0.03,-3073.0,28590.0,1968.0,-0.01,-0.01,-0.01,-2990.0,28645.0,-6223.0,84.0,158.0,140.0
1742672299.1928606,0.52,-0.03,0.02,-2706.0,28440.0,-14406.0,-0.01,-0.01,-0.01,-2623.0,28495.0,-22597.0,0.0,14.0,15.0
1742672299.201345,0.52,-0.03,0.02,-2337.0,28292.0,-30780.0,-0.01,-0.01,-0.01,-2254.0,28346.0,26565.0,21.0,7.0,0.0
1742672299.2138453,0.52,-0.04,0.02,-1967.0,28144.0,18381.0,-0.01,-0.01,-0.01,-1884.0,28198.0,10189.0,100.0,152.0,130.0
1742672299.222344,0.52,-0.04,0.02,-1596.0,27997.0,2005.0,-0.01,-0.01,-0.01,-1513.0,28051.0,-6186.0,11.0,7.0,0.0
1742672299.2343464,0.52,-0.04,0.02,-1223.0,27851.0,-14369.0,-0.01,-0.01,-0.01,-1140.0,27905.0,-22560.0,28.0,0.0,6.0
1742672299.2465205,0.52,-0.04,0.02,-848.0,27706.0,-30743.0,-0.01,-0.01,-0.01,-765.0,27760.0,26602.0,53.0,115.0,23.0
1742672299.258651,0.52,-0.04,0.02,-473.0,27563.0,18418.0,-0.01,-0.01,-0.01,-389.0,27617.0,10226.0,14.0,0.0,0.0
1742672299.2671525,0.52,-0.04,0.02,-96.0,27420.0,2041.0,-0.01,-0.01,-0.01,-12.0,27474.0,-6150.0,27.0,0.0,31.0
1742672299.2796516,0.52,-0.04,0.02,283.0,27279.0,-14334.0,-0.01,-0.01,-0.01,366.0,27333.0,-22525.0,8.0,87.0,55.0
1742672299.2916367,0.52,-0.04,0.02,663.0,27139.0,-30709.0,-0.01,-0.01,-0.01,746.0,27193.0,26636.0,0.0,0.0,24.0
1742672299.3001359,0.52,-0.04,0.02,1044.0,26999.0,18451.0,-0.01,-0.01,-0.01,1127.0,27053.0,10259.0,0.0,0.0,0.0
1742672299.3121362,0.52,-0.04,0.02,1426.0,26861.0,2075.0,-0.01,-0.01,-0.01,1509.0,26916.0,-6116.0,204.0,116.0,140.0
1742672299.324135,0.52,-0.04,0.02,1809.0,26725.0,-14299.0,-0.01,-0.01,-0.01,1892.0,26780.0,-22490.0,0.0,22.0,0.0
1742672299.332639,0.52,-0.04,0.02,2194.0,26590.0,-30673.0,-0.01,-0.01,-0.01,2277.0,26645.0,26672.0,0.0,0.0,0.0
1742672299.3451416,0.52,-0.04,0.02,2581.0,26456.0,18487.0,-0.01,-0.01,-0.01,2664.0,26511.0,10295.0,109.0,127.0,121.0
1742672299.3570719,0.52,-0.04,0.02,2968.0,26323.0,2110.0,-0.01,-0.01,-0.01,3051.0,26378.0,-6081.0,6.0,0.0,0.0
1742672299.3690882,0.52,-0.04,0.02,3356.0,26190.0,-14265.0,-0.01,-0.01,-0.01,3439.0,26245.0,-22456.0,0.0,0.0,16.0
1742672299.3814373,0.52,-0.04,0.02,3746.0,26059.0,-30640.0,-0.01,-0.01,-0.01,3829.0,26114.0,26705.0,19.0,74.0,54.0
1742672299.389909,0.52,-0.04,0.02,4138.0,25929.0,18520.0,-0.01,-0.01,-0.01,4221.0,25984.0,10328.0,38.0,0.0,0.0
1742672299.401925,0.52,-0.04,0.02,4531.0,25800.0,2143.0,-0.01,-0.01,-0.01,4614.0,25855.0,-6048.0,0.0,6.0,35.0
1742672299.4144104,0.52,-0.04,0.02,4924.0,25672.0,-14231.0,-0.01,-0.01,-0.01,5007.0,25727.0,-22422.0,127.0,154.0,133.0
1742672299.422425,0.52,-0.04,0.02,5319.0,25544.0,-30605.0,-0.01,-0.01,-0.01,5402.0,25599.0,26740.0,0.0,0.0,0.0
1742672299.4349139,0.52,-0.04,0.02,5715.0,25418.0,18556.0,-0.01,-0.01,-0.01,5798.0,25473.0,10364.0,0.0,0.0,0.0
1742672299.4472885,0.52,-0.04,0.02,6113.0,25293.0,2180.0,-0.01,-0.01,-0.01,6196.0,25348.0,-6011.0,97.0,116.0,85.0
1742672299.4557893,0.52,-0.04,0.02,6513.0,25169.0,-14194.0,-0.01,-0.01,-0.01,6596.0,25224.0,-22385.0,39.0,0.0,25.0
1742672299.4677887,0.52,-0.04,0.02,6913.0,25046.0,-30568.0,-0.01,-0.01,-0.01,6996.0,25101.0,26777.0,0.0,8.0,0.0
1742672299.479788,0.52,-0.04,0.02,7316.0,24925.0,18593.0,-0.01,-0.01,-0.01,7399.0,24980.0,10401.0,13.0,68.0,47.0
1742672299.492288,0.52,-0.04,0.02,7720.0,24804.0,2217.0,-0.01,-0.01,-0.01,7803.0,24859.0,-5974.0,0.0,0.0,17.0
1742672299.5007877,0.52,-0.04,0.02,8125.0,24684.0,-14157.0,-0.01,-0.01,-0.01,8208.0,24739.0,-22348.0,0.0,20.0,0.0
1742672299.512788,0.52,-0.04,0.02,8531.0,24564.0,-30531.0,-0.01,-0.01,-0.01,8614.0,24619.0,26814.0,188.0,174.0,130.0
1742672299.5212882,0.52,-0.04,0.02,8938.0,24446.0,18630.0,-0.01,-0.01,-0.01,9021.0,24501.0,10438.0,0.0,17.0,0.0
1742672299.53329,0.52,-0.04,0.02,9346.0,24328.0,2254.0,-0.01,-0.01,-0.01,9429.0,24383.0,-5937.0,0.0,0.0,0.0
1742672299.545799,0.52,-0.04,0.02,9756.0,24212.0,-14120.0,-0.01,-0.01,-0.01,9839.0,24267.0,-22311.0,126.0,102.0,84.0
1742672299.557311,0.52,-0.04,0.02,10167.0,24097.0,-30494.0,-0.01,-0.01,-0.01,10250.0,24152.0,26851.0,0.0,0.0,0.0
1742672299.569798,0.52,-0.04,0.02,10580.0,23984.0,18667.0,-0.01,-0.01,-0.01,10663.0,24039.0,10475.0,0.0,0.0,0.0
1742672299.5822976,0.52,-0.04,0.02,10994.0,23871.0,2291.0,-0.01,-0.01,-0.01,11077.0,23926.0,-5900.0,47.0,21.0,11.0
1742672299.5907965,0.52,-0.04,0.02,11410.0,23759.0,-14082.0,-0.01,-0.01,-0.01,11493.0,23814.0,-22273.0,0.0,0.0,0.0
1742672299.6027958,0.52,-0.04,0.02,11827.0,23649.0,-30455.0,-0.01,-0.01,-0.01,11910.0,23705.0,26890.0,0.0,0.0,6.0
1742672299.6113756,0.52,-0.04,0.02,12245.0,23540.0,18707.0,-0.01,-0.01,-0.01,12328.0,23595.0,10515.0,122.0,98.0,73.0
1742672299.623377,0.52,-0.04,0.02,12664.0,23430.0,2332.0,-0.01,-0.01,-0.01,12747.0,23486.0,-5859.0,0.0,0.0,0.0
1742672299.6355124,0.52,-0.04,0.02,13084.0,23323.0,-14041.0,-0.01,-0.01,-0.01,13167.0,23379.0,-22232.0,0.0,12.0,0.0
1742672299.6478243,0.52,-0.04,0.02,13505.0,23217.0,-30414.0,-0.01,-0.01,-0.01,13588.0,23272.0,26931.0,38.0,73.0,62.0
1742672299.6603243,0.52,-0.04,0.02,13929.0,23111.0,18748.0,-0.01,-0.01,-0.01,14012.0,23166.0,10556.0,101.0,102.0,113.0
1742672299.6728272,0.52,-0.04,0.02,14354.0,23006.0,2373.0,-0.01,-0.01,-0.01,14437.0,23061.0,-5818.0,24.0,16.0,21.0
1742672299.6808243,0.52,-0.04,0.02,14780.0,22902.0,-14001.0,-0.01,-0.01,-0.01,14863.0,22957.0,-22192.0,18.0,0.0,0.0
1742672299.6928241,0.52,-0.04,0.02,15208.0,22799.0,-30375.0,-0.01,-0.01,-0.01,15291.0,22854.0,26970.0,35.0,57.0,49.0
1742672299.7013242,0.52,-0.04,0.02,15636.0,22697.0,18786.0,-0.01,-0.01,-0.01,15719.0,22753.0,10594.0,0.0,0.0,0.0
1742672299.7173612,0.52,-0.04,0.02,16064.0,22596.0,2410.0,-0.01,-0.01,-0.01,16147.0,22651.0,-5781.0,0.0,0.0,0.0
1742672299.7263236,0.52,-0.04,0.02,16494.0,22495.0,-13964.0,-0.01,-0.01,-0.01,16577.0,22551.0,-22155.0,102.0,123.0,119.0
1742672299.7377512,0.52,-0.04,0.02,16925.0,22393.0,-30337.0,-0.01,-0.01,-0.01,17008.0,22449.0,27008.0,45.0,0.0,20.0
1742672299.7502031,0.52,-0.04,0.02,17357.0,22295.0,18825.0,-0.01,-0.01,-0.01,17440.0,22350.0,10633.0,0.0,0.0,0.0
1742672299.7622032,0.52,-0.04,0.02,17790.0,22197.0,2450.0,-0.01,-0.01,-0.01,17873.0,22253.0,-5741.0,98.0,138.0,109.0
1742672299.771517,0.52,-0.04,0.02,18225.0,22101.0,-13924.0,-0.01,-0.01,-0.01,18308.0,22157.0,-22115.0,0.0,31.0,0.0
1742672299.782904,0.52,-0.04,0.02,18661.0,22005.0,-30297.0,-0.01,-0.01,-0.01,18744.0,22060.0,27048.0,0.0,0.0,0.0
1742672299.7954009,0.52,-0.04,0.02,19098.0,21909.0,18865.0,-0.01,-0.01,-0.01,19181.0,21964.0,10673.0,64.0,114.0,119.0
1742672299.807402,0.52,-0.04,0.02,19535.0,21814.0,2490.0,-0.01,-0.01,-0.01,19618.0,21870.0,-5701.0,0.0,0.0,0.0
1742672299.815901,0.52,-0.04,0.02,19973.0,21721.0,-13883.0,-0.01,-0.01,-0.01,20056.0,21777.0,-22074.0,0.0,0.0,0.0
1742672299.8283923,0.52,-0.04,0.02,20412.0,21628.0,-30256.0,-0.01,-0.01,-0.01,20495.0,21683.0,27089.0,86.0,85.0,74.0
1742672299.8406606,0.52,-0.04,0.02,20852.0,21534.0,18906.0,-0.01,-0.01,-0.01,20935.0,21589.0,10714.0,0.0,0.0,0.0
1742672299.852666,0.52,-0.04,0.02,21293.0,21441.0,2531.0,-0.01,-0.01,-0.01,21376.0,21496.0,-5660.0,0.0,0.0,0.0
1742672299.8621666,0.52,-0.04,0.02,21735.0,21350.0,-13842.0,-0.01,-0.01,-0.01,21818.0,21405.0,-22033.0,113.0,117.0,144.0
1742672299.8731697,0.52,-0.04,0.02,22176.0,21260.0,-30215.0,-0.01,-0.01,-0.01,22259.0,21315.0,27130.0,10.0,41.0,0.0
1742672299.8816671,0.52,-0.04,0.02,22619.0,21170.0,18947.0,-0.01,-0.01,-0.01,22702.0,21225.0,10755.0,0.0,0.0,0.0
1742672299.8976924,0.52,-0.04,0.02,23063.0,21080.0,2572.0,-0.01,-0.01,-0.01,23146.0,21135.0,-5619.0,129.0,75.0,78.0
1742672299.9061668,0.52,-0.04,0.02,23508.0,20992.0,-13801.0,-0.01,-0.01,-0.01,23591.0,21047.0,-21992.0,8.0,0.0,0.0
1742672299.918666,0.52,-0.04,0.02,23955.0,20905.0,-30174.0,-0.01,-0.01,-0.01,24038.0,20961.0,27171.0,0.0,0.0,29.0
1742672299.9306388,0.52,-0.04,0.02,24402.0,20819.0,18988.0,-0.01,-0.01,-0.01,24485.0,20874.0,10796.0,70.0,36.0,52.0
1742672299.9426525,0.52,-0.04,0.02,24851.0,20733.0,2613.0,-0.01,-0.01,-0.01,24934.0,20788.0,-5578.0,42.0,0.0,32.0
1742672299.9511924,0.52,-0.04,0.02,25301.0,20647.0,-13760.0,-0.01,-0.01,-0.01,25384.0,20702.0,-21951.0,0.0,0.0,48.0
1742672299.9631922,0.52,-0.04,0.02,25751.0,20562.0,-30133.0,-0.01,-0.01,-0.01,25834.0,20617.0,27212.0,158.0,109.0,108.0
1742672299.9756918,0.52,-0.04,0.02,26201.0,20478.0,19029.0,-0.01,-0.01,-0.01,26284.0,20533.0,10837.0,75.0,93.0,101.0
1742672299.987692,0.52,-0.05,0.02,26652.0,20393.0,2654.0,-0.01,-0.01,-0.01,26735.0,20448.0,-5537.0,96.0,43.0,52.0
1742672300.0000796,0.52,-0.05,0.02,27105.0,20311.0,-13719.0,-0.01,-0.01,-0.01,27188.0,20366.0,-21910.0,21.0,0.0,0.0
1742672300.0120778,0.52,-0.05,0.02,27559.0,20229.0,-30092.0,-0.01,-0.01,-0.01,27642.0,20284.0,27253.0,224.0,150.0,100.0
1742672300.021078,0.52,-0.05,0.02,28014.0,20147.0,19071.0,-0.01,-0.01,-0.01,28097.0,20202.0,10879.0,0.0,41.0,14.0
1742672300.0325446,0.52,-0.05,0.02,28469.0,20067.0,2697.0,-0.01,-0.01,-0.01,28552.0,20122.0,-5494.0,4.0,0.0,0.0
1742672300.0415463,0.52,-0.05,0.02,28924.0,19987.0,-13675.0,-0.01,-0.01,-0.01,29007.0,20042.0,-21866.0,112.0,98.0,121.0
1742672300.057549,0.52,-0.05,0.02,29381.0,19907.0,-30047.0,-0.01,-0.01,-0.01,29464.0,19962.0,27298.0,42.0,9.0,0.0
1742672300.0660498,0.52,-0.05,0.02,29838.0,19827.0,19116.0,-0.01,-0.01,-0.01,29921.0,19882.0,10924.0,0.0,0.0,0.0
1742672300.0785494,0.52,-0.05,0.02,30297.0,19749.0,2742.0,-0.01,-0.01,-0.01,30380.0,19804.0,-5449.0,173.0,115.0,94.0
1742672300.0905497,0.52,-0.05,0.02,30756.0,19671.0,-13630.0,-0.01,-0.01,-0.01,30839.0,19726.0,-21821.0,1.0,0.0,0.0
1742672300.1025484,0.52,-0.05,0.02,31216.0,19594.0,-30002.0,-0.01,-0.01,-0.01,31299.0,19649.0,27343.0,1.0,0.0,0.0
1742672300.1110487,0.52,-0.05,0.02,31677.0,19517.0,19161.0,-0.01,-0.01,-0.01,31760.0,19572.0,10969.0,216.0,162.0,135.0
1742672300.123052,0.52,-0.05,0.02,32138.0,19441.0,2787.0,-0.01,-0.01,-0.01,32221.0,19496.0,-5404.0,127.0,47.0,6.0
1742672300.1350503,0.52,-0.05,0.02,32600.0,19366.0,-13585.0,-0.01,-0.01,-0.01,32683.0,19421.0,-21776.0,23.0,38.0,54.0
1742672300.1475544,0.52,-0.05,0.02,-32473.0,19293.0,-29957.0,-0.01,-0.01,-0.01,-32389.0,19348.0,27388.0,76.0,143.0,97.0
1742672300.1600554,0.52,-0.05,0.02,-32007.0,19219.0,19206.0,-0.01,-0.01,-0.01,-31923.0,19274.0,11014.0,36.0,85.0,87.0
1742672300.1720777,0.52,-0.05,0.02,-31540.0,19145.0,2832.0,-0.01,-0.01,-0.01,-31455.0,19200.0,-5359.0,7.0,15.0,29.0
1742672300.1805549,0.52,-0.05,0.02,-31072.0,19072.0,-13540.0,-0.01,-0.01,-0.01,-30988.0,19127.0,-21731.0,29.0,65.0,38.0
1742672300.1925566,0.52,-0.05,0.02,-30604.0,18999.0,-29912.0,-0.01,-0.01,-0.01,-30520.0,19054.0,27433.0,0.0,39.0,11.0
1742672300.2012284,0.52,-0.05,0.02,-30136.0,18928.0,19251.0,-0.01,-0.01,-0.01,-30052.0,18983.0,11059.0,33.0,10.0,33.0
1742672300.2172275,0.52,-0.05,0.02,-29668.0,18858.0,2877.0,-0.01,-0.01,-0.01,-29583.0,18913.0,-5314.0,38.0,0.0,0.0
1742672300.2257285,0.52,-0.05,0.02,-29198.0,18788.0,-13495.0,-0.01,-0.01,-0.01,-29114.0,18843.0,-21686.0,93.0,117.0,96.0
1742672300.2382338,0.52,-0.05,0.02,-28727.0,18719.0,-29868.0,-0.01,-0.01,-0.01,-28643.0,18774.0,27477.0,0.0,4.0,13.0
1742672300.2497382,0.52,-0.05,0.02,-28256.0,18650.0,19294.0,-0.01,-0.01,-0.01,-28172.0,18705.0,11102.0,0.0,0.0,0.0
1742672300.262031,0.52,-0.05,0.01,-27784.0,18583.0,2919.0,-0.01,-0.01,-0.01,-27700.0,18639.0,-5272.0,108.0,131.0,104.0
1742672300.27055,0.52,-0.05,0.01,-27312.0,18517.0,-13453.0,-0.01,-0.01,-0.01,-27228.0,18573.0,-21644.0,7.0,7.0,3.0
1742672300.2825294,0.52,-0.05,0.01,-26840.0,18451.0,-29826.0,-0.01,-0.01,-0.01,-26756.0,18507.0,27519.0,0.0,0.0,0.0
1742672300.2910316,0.52,-0.05,0.01,-26367.0,18385.0,19337.0,-0.01,-0.01,-0.01,-26283.0,18441.0,11145.0,34.0,76.0,55.0
1742672300.3070302,0.52,-0.05,0.01,-25894.0,18319.0,2963.0,-0.01,-0.01,-0.01,-25810.0,18375.0,-5228.0,1.0,29.0,0.0
1742672300.3155296,0.52,-0.05,0.01,-25420.0,18254.0,-13409.0,-0.01,-0.01,-0.01,-25336.0,18310.0,-21600.0,0.0,0.0,0.0
1742672300.331557,0.52,-0.05,0.01,-24945.0,18190.0,-29780.0,-0.01,-0.01,-0.01,-24861.0,18245.0,27565.0,118.0,103.0,109.0
1742672300.3400557,0.52,-0.05,0.01,-24469.0,18126.0,19384.0,-0.01,-0.01,-0.01,-24385.0,18181.0,11192.0,0.0,0.0,0.0
1742672300.3525622,0.52,-0.05,0.01,-23992.0,18062.0,3011.0,-0.01,-0.01,-0.01,-23908.0,18118.0,-5180.0,0.0,0.0,0.0
1742672300.3610618,0.52,-0.05,0.01,-23515.0,18000.0,-13360.0,-0.01,-0.01,-0.01,-23431.0,18055.0,-21551.0,127.0,106.0,143.0
1742672300.3725615,0.52,-0.05,0.01,-23037.0,17936.0,-29731.0,-0.01,-0.01,-0.01,-22953.0,17991.0,27614.0,36.0,19.0,4.0
1742672300.3851995,0.52,-0.05,0.01,-22560.0,17873.0,19433.0,-0.01,-0.01,-0.01,-22476.0,17928.0,11241.0,14.0,0.0,0.0
1742672300.3973088,0.52,-0.05,0.01,-22081.0,17811.0,3060.0,-0.01,-0.01,-0.01,-21997.0,17866.0,-5131.0,78.0,143.0,88.0
1742672300.4096987,0.52,-0.05,0.01,-21602.0,17749.0,-13312.0,-0.01,-0.01,-0.01,-21518.0,17804.0,-21503.0,92.0,55.0,73.0
1742672300.4221394,0.52,-0.05,0.01,-21122.0,17688.0,-29683.0,-0.01,-0.01,-0.01,-21038.0,17743.0,27662.0,14.0,17.0,49.0
1742672300.4301417,0.52,-0.05,0.01,-20641.0,17627.0,19480.0,-0.01,-0.01,-0.01,-20557.0,17682.0,11288.0,90.0,13.0,23.0
1742672300.442743,0.52,-0.05,0.01,-20160.0,17567.0,3106.0,-0.01,-0.01,-0.01,-20076.0,17622.0,-5085.0,0.0,0.0,0.0
1742672300.450766,0.52,-0.05,0.01,-19677.0,17508.0,-13266.0,-0.01,-0.01,-0.01,-19593.0,17563.0,-21457.0,0.0,8.0,0.0
1742672300.4627666,0.52,-0.05,0.01,-19195.0,17449.0,-29638.0,-0.01,-0.01,-0.01,-19110.0,17504.0,27707.0,119.0,123.0,79.0
1742672300.4752662,0.52,-0.05,0.01,-18711.0,17391.0,19525.0,-0.01,-0.01,-0.01,-18627.0,17446.0,11333.0,37.0,96.0,89.0
1742672300.487766,0.52,-0.05,0.01,-18228.0,17334.0,3151.0,-0.01,-0.01,-0.01,-18143.0,17389.0,-5040.0,0.0,0.0,26.0
1742672300.4997666,0.52,-0.05,0.01,-17743.0,17276.0,-13221.0,-0.01,-0.01,-0.01,-17658.0,17331.0,-21412.0,0.0,0.0,0.0
1742672300.5117815,0.52,-0.05,0.01,-17257.0,17219.0,-29593.0,-0.01,-0.01,-0.01,-17172.0,17274.0,27752.0,88.0,106.0,98.0
1742672300.5202658,0.52,-0.05,0.01,-16771.0,17163.0,19570.0,-0.01,-0.01,-0.01,-16686.0,17218.0,11378.0,12.0,13.0,27.0
1742672300.5322938,0.52,-0.05,0.01,-16284.0,17107.0,3196.0,-0.01,-0.01,-0.01,-16199.0,17162.0,-4995.0,0.0,0.0,0.0
1742672300.5410757,0.52,-0.05,0.01,-15797.0,17051.0,-13176.0,-0.01,-0.01,-0.01,-15712.0,17106.0,-21367.0,63.0,41.0,38.0
1742672300.5570836,0.52,-0.05,0.01,-15309.0,16994.0,-29548.0,-0.01,-0.01,-0.01,-15224.0,17049.0,27797.0,0.0,0.0,6.0
1742672300.5655847,0.52,-0.05,0.01,-14821.0,16938.0,19615.0,-0.01,-0.01,-0.01,-14736.0,16993.0,11423.0,0.0,0.0,0.0
1742672300.5775871,0.52,-0.05,0.01,-14332.0,16883.0,3241.0,-0.01,-0.01,-0.01,-14247.0,16938.0,-4950.0,114.0,95.0,126.0
1742672300.5897875,0.52,-0.05,0.01,-13842.0,16829.0,-13131.0,-0.01,-0.01,-0.01,-13757.0,16884.0,-21322.0,0.0,0.0,0.0
1742672300.6024075,0.52,-0.05,0.01,-13351.0,16776.0,-29503.0,-0.01,-0.01,-0.01,-13266.0,16831.0,27842.0,0.0,0.0,0.0
1742672300.61055,0.52,-0.05,0.01,-12860.0,16723.0,19660.0,-0.01,-0.01,-0.01,-12775.0,16778.0,11468.0,121.0,100.0,119.0
1742672300.6226332,0.52,-0.05,0.01,-12369.0,16670.0,3286.0,-0.01,-0.01,-0.01,-12284.0,16725.0,-4905.0,0.0,13.0,10.0
1742672300.6311326,0.52,-0.05,0.01,-11878.0,16617.0,-13085.0,-0.01,-0.01,-0.01,-11793.0,16672.0,-21276.0,0.0,0.0,0.0
1742672300.6471598,0.52,-0.05,0.01,-11387.0,16564.0,-29457.0,-0.01,-0.01,-0.01,-11302.0,16619.0,27888.0,97.0,99.0,125.0
1742672300.6593213,0.52,-0.05,0.01,-10895.0,16511.0,19707.0,-0.01,-0.01,-0.01,-10810.0,16566.0,11515.0,8.0,37.0,17.0
1742672300.6679373,0.52,-0.05,0.01,-10402.0,16459.0,3334.0,-0.01,-0.01,-0.01,-10317.0,16514.0,-4857.0,0.0,21.0,0.0
1742672300.679938,0.52,-0.05,0.01,-9908.0,16407.0,-13037.0,-0.01,-0.01,-0.01,-9823.0,16461.0,-21228.0,96.0,88.0,53.0
1742672300.6919372,0.52,-0.05,0.01,-9414.0,16355.0,-29408.0,-0.01,-0.01,-0.01,-9329.0,16409.0,27937.0,0.0,0.0,0.0
1742672300.7005281,0.52,-0.05,0.01,-8919.0,16303.0,19756.0,-0.01,-0.01,-0.01,-8834.0,16357.0,11564.0,0.0,0.0,0.0
1742672300.712556,0.52,-0.05,0.01,-8424.0,16251.0,3383.0,-0.01,-0.01,-0.01,-8339.0,16305.0,-4808.0,107.0,131.0,129.0
1742672300.7210274,0.52,-0.05,0.01,-7928.0,16200.0,-12988.0,-0.01,-0.01,-0.01,-7843.0,16254.0,-21179.0,0.0,0.0,0.0
1742672300.7370532,0.52,-0.05,0.01,-7432.0,16149.0,-29359.0,-0.01,-0.01,-0.01,-7347.0,16203.0,27986.0,0.0,13.0,0.0
1742672300.7495606,0.52,-0.05,0.01,-6935.0,16099.0,19805.0,-0.01,-0.01,-0.01,-6850.0,16153.0,11613.0,0.0,0.0,0.0
1742672300.7580614,0.52,-0.05,0.01,-6437.0,16049.0,3432.0,-0.01,-0.01,-0.01,-6351.0,16103.0,-4759.0,0.0,26.0,18.0
1742672300.7700613,0.52,-0.05,0.01,-5938.0,15999.0,-12939.0,-0.01,-0.01,-0.01,-5852.0,16053.0,-21130.0,0.0,14.0,21.0
1742672300.77856,0.52,-0.05,0.01,-5439.0,15950.0,-29310.0,-0.01,-0.01,-0.01,-5353.0,16004.0,28035.0,79.0,78.0,66.0
1742672300.7905715,0.52,-0.05,0.01,-4940.0,15901.0,19854.0,-0.01,-0.01,-0.01,-4854.0,15955.0,11662.0,0.0,0.0,0.0
1742672300.8028715,0.52,-0.05,0.01,-4440.0,15852.0,3481.0,-0.01,-0.01,-0.01,-4354.0,15906.0,-4710.0,0.0,0.0,0.0
1742672300.8113713,0.52,-0.05,0.01,-3940.0,15803.0,-12890.0,-0.01,-0.01,-0.01,-3854.0,15857.0,-21081.0,108.0,113.0,152.0
1742672300.8233705,0.52,-0.05,0.01,-3439.0,15755.0,-29261.0,-0.01,-0.01,-0.01,-3353.0,15809.0,28084.0,0.0,10.0,46.0
1742672300.8356516,0.52,-0.05,0.01,-2938.0,15707.0,19903.0,-0.01,-0.01,-0.01,-2852.0,15761.0,11711.0,0.0,0.0,0.0
1742672300.8482049,0.52,-0.05,0.01,-2436.0,15660.0,3530.0,-0.01,-0.01,-0.01,-2350.0,15714.0,-4661.0,0.0,0.0,0.0
1742672300.860224,0.52,-0.05,0.01,-1933.0,15613.0,-12841.0,-0.01,-0.01,-0.01,-1847.0,15667.0,-21032.0,10.0,12.0,47.0
1742672300.8682241,0.52,-0.05,0.01,-1430.0,15566.0,-29212.0,-0.01,-0.01,-0.01,-1344.0,15620.0,28133.0,0.0,1.0,0.0
1742672300.880519,0.52,-0.05,0.01,-927.0,15519.0,19952.0,-0.01,-0.01,-0.01,-841.0,15573.0,11760.0,79.0,63.0,80.0
1742672300.8890193,0.52,-0.05,0.01,-423.0,15472.0,3580.0,-0.01,-0.01,-0.01,-337.0,15526.0,-4611.0,0.0,0.0,0.0
1742672300.9010196,0.52,-0.05,0.01,80.0,15425.0,-12790.0,-0.01,-0.01,-0.01,165.0,15479.0,-20981.0,0.0,0.0,0.0
1742672300.9135191,0.52,-0.05,0.01,583.0,15379.0,-29160.0,-0.01,-0.01,-0.01,668.0,15433.0,28185.0,123.0,119.0,115.0
1742672300.9220192,0.52,-0.05,0.01,1086.0,15333.0,20005.0,-0.01,-0.01,-0.01,1171.0,15387.0,11813.0,6.0,0.0,8.0
1742672300.933661,0.52,-0.05,0.01,1590.0,15288.0,3633.0,-0.01,-0.01,-0.01,1676.0,15342.0,-4558.0,0.0,0.0,0.0
1742672300.9456193,0.52,-0.05,0.01,2095.0,15243.0,-12738.0,-0.01,-0.01,-0.01,2181.0,15297.0,-20929.0,145.0,135.0,112.0
1742672300.9586282,0.52,-0.05,0.01,2600.0,15199.0,-29109.0,-0.01,-0.01,-0.01,2686.0,15253.0,28236.0,12.0,0.0,0.0
1742672300.9706428,0.52,-0.05,0.01,3105.0,15155.0,20055.0,-0.01,-0.01,-0.01,3191.0,15209.0,11863.0,0.0,0.0,0.0
1742672300.9791262,0.52,-0.05,0.01,3610.0,15111.0,3682.0,-0.01,-0.01,-0.01,3696.0,15165.0,-4509.0,98.0,87.0,113.0
1742672300.991147,0.52,-0.05,0.01,4116.0,15067.0,-12688.0,-0.01,-0.01,-0.01,4202.0,15121.0,-20879.0,0.0,0.0,0.0
1742672301.000127,0.52,-0.05,0.01,4622.0,15023.0,-29058.0,-0.01,-0.01,-0.01,4708.0,15077.0,28287.0,0.0,0.0,0.0
1742672301.011765,0.52,-0.05,0.01,5129.0,14980.0,20107.0,-0.01,-0.01,-0.01,5214.0,15034.0,11915.0,95.0,114.0,120.0
1742672301.020266,0.52,-0.05,0.01,5635.0,14937.0,3735.0,-0.01,-0.01,-0.01,5720.0,14991.0,-4456.0,3.0,20.0,0.0
1742672301.032147,0.52,-0.05,0.01,6142.0,14895.0,-12636.0,-0.01,-0.01,-0.01,6227.0,14949.0,-20827.0,0.0,0.0,0.0
1742672301.0446472,0.52,-0.05,0.01,6649.0,14853.0,-29007.0,-0.01,-0.01,-0.01,6734.0,14907.0,28338.0,125.0,131.0,104.0
1742672301.057185,0.52,-0.05,0.01,7157.0,14812.0,20157.0,-0.01,-0.01,-0.01,7242.0,14866.0,11965.0,0.0,7.0,34.0
1742672301.069181,0.52,-0.05,0.01,7665.0,14771.0,3784.0,-0.01,-0.01,-0.01,7750.0,14825.0,-4407.0,1.0,0.0,0.0
1742672301.0813222,0.52,-0.05,0.01,8173.0,14730.0,-12587.0,-0.01,-0.01,-0.01,8258.0,14784.0,-20778.0,82.0,102.0,100.0
1742672301.08934,0.52,-0.05,0.01,8682.0,14689.0,-28958.0,-0.01,-0.01,-0.01,8767.0,14743.0,28387.0,0.0,0.0,0.0
1742672301.1018221,0.52,-0.05,0.01,9191.0,14648.0,20206.0,-0.01,-0.01,-0.01,9276.0,14702.0,12014.0,0.0,0.0,0.0
1742672301.1103227,0.52,-0.05,0.01,9700.0,14607.0,3833.0,-0.01,-0.01,-0.01,9785.0,14661.0,-4358.0,156.0,127.0,112.0
1742672301.1223083,0.52,-0.05,0.01,10209.0,14567.0,-12538.0,-0.01,-0.01,-0.01,10294.0,14621.0,-20729.0,34.0,9.0,0.0
1742672301.1348183,0.52,-0.05,0.01,10718.0,14527.0,-28909.0,-0.01,-0.01,-0.01,10803.0,14581.0,28436.0,0.0,0.0,0.0
1742672301.1468205,0.52,-0.05,0.01,11228.0,14489.0,20255.0,-0.01,-0.01,-0.01,11313.0,14543.0,12063.0,21.0,19.0,0.0
1742672301.1593244,0.52,-0.05,0.01,11738.0,14451.0,3882.0,-0.01,-0.01,-0.01,11823.0,14505.0,-4309.0,0.0,4.0,23.0
1742672301.167825,0.52,-0.05,0.01,12248.0,14413.0,-12489.0,-0.01,-0.01,-0.01,12333.0,14467.0,-20680.0,0.0,20.0,0.0
1742672301.1798062,0.52,-0.05,0.01,12759.0,14375.0,-28860.0,-0.01,-0.01,-0.01,12844.0,14429.0,28485.0,106.0,85.0,46.0
1742672301.1918058,0.52,-0.05,0.01,13270.0,14337.0,20304.0,-0.01,-0.01,-0.01,13354.0,14391.0,12112.0,0.0,0.0,0.0
1742672301.2003067,0.52,-0.05,0.01,13780.0,14299.0,3931.0,-0.01,-0.01,-0.01,13864.0,14353.0,-4260.0,0.0,0.0,0.0
1742672301.2123067,0.52,-0.05,0.01,14291.0,14261.0,-12440.0,-0.01,-0.01,-0.01,14375.0,14315.0,-20631.0,131.0,112.0,146.0
1742672301.2248063,0.52,-0.05,0.01,14802.0,14224.0,-28810.0,-0.01,-0.01,-0.01,14887.0,14278.0,28535.0,0.0,0.0,2.0
1742672301.2373092,0.52,-0.05,0.01,15314.0,14187.0,20355.0,-0.01,-0.01,-0.01,15399.0,14241.0,12163.0,0.0,5.0,10.0
1742672301.249342,0.52,-0.05,0.01,15827.0,14150.0,3983.0,-0.01,-0.01,-0.01,15911.0,14204.0,-4208.0,0.0,0.0,0.0
1742672301.2578418,0.52,-0.05,0.01,16339.0,14113.0,-12387.0,-0.01,-0.01,-0.01,16424.0,14167.0,-20578.0,33.0,37.0,76.0
1742672301.2698467,0.52,-0.05,0.01,16853.0,14077.0,-28757.0,-0.01,-0.01,-0.01,16938.0,14131.0,28588.0,0.0,0.0,0.0
1742672301.2818453,0.52,-0.05,0.01,17367.0,14041.0,20408.0,-0.01,-0.01,-0.01,17451.0,14095.0,12216.0,74.0,47.0,40.0
1742672301.2903426,0.52,-0.05,0.01,17881.0,14005.0,4036.0,-0.01,-0.01,-0.01,17965.0,14059.0,-4155.0,0.0,0.0,0.0
1742672301.3028433,0.52,-0.05,0.01,18395.0,13969.0,-12334.0,-0.01,-0.01,-0.01,18479.0,14023.0,-20525.0,0.0,0.0,0.0
1742672301.314947,0.52,-0.05,0.01,18909.0,13933.0,-28704.0,-0.01,-0.01,-0.01,18993.0,13987.0,28641.0,8.0,0.0,0.0
1742672301.3274477,0.52,-0.05,0.01,19423.0,13898.0,20461.0,-0.01,-0.01,-0.01,19507.0,13952.0,12269.0,114.0,129.0,114.0
1742672301.3394122,0.52,-0.05,0.01,19937.0,13863.0,4089.0,-0.01,-0.01,-0.01,20022.0,13917.0,-4102.0,10.0,0.0,11.0
1742672301.3477356,0.52,-0.05,0.01,20452.0,13828.0,-12281.0,-0.01,-0.01,-0.01,20537.0,13882.0,-20472.0,0.0,0.0,0.0
1742672301.359735,0.52,-0.05,0.01,20968.0,13793.0,-28651.0,-0.01,-0.01,-0.01,21053.0,13847.0,28694.0,73.0,90.0,133.0
1742672301.3722355,0.52,-0.05,0.01,21484.0,13758.0,20514.0,-0.01,-0.01,-0.01,21569.0,13812.0,12322.0,13.0,16.0,18.0
1742672301.3802357,0.52,-0.05,0.01,22000.0,13724.0,4142.0,-0.01,-0.01,-0.01,22085.0,13778.0,-4049.0,29.0,0.0,18.0
1742672301.392977,0.52,-0.05,0.01,22517.0,13691.0,-12228.0,-0.01,-0.01,-0.01,22602.0,13745.0,-20419.0,0.0,1.0,49.0
1742672301.4049513,0.52,-0.05,0.01,23034.0,13658.0,-28598.0,-0.01,-0.01,-0.01,23118.0,13712.0,28747.0,10.0,19.0,12.0
1742672301.4174523,0.52,-0.05,0.01,23551.0,13625.0,20567.0,-0.01,-0.01,-0.01,23635.0,13679.0,12375.0,0.0,0.0,0.0
1742672301.429451,0.52,-0.05,0.01,24068.0,13592.0,4195.0,-0.01,-0.01,-0.01,24152.0,13646.0,-3996.0,113.0,107.0,131.0
1742672301.4379537,0.52,-0.05,0.01,24585.0,13560.0,-12175.0,-0.01,-0.01,-0.01,24669.0,13614.0,-20366.0,0.0,0.0,0.0
1742672301.4499667,0.52,-0.05,0.01,25103.0,13528.0,-28545.0,-0.01,-0.01,-0.01,25187.0,13582.0,28800.0,0.0,0.0,0.0
1742672301.461959,0.52,-0.05,0.01,25621.0,13496.0,20620.0,-0.01,-0.01,-0.01,25705.0,13550.0,12428.0,122.0,117.0,122.0
1742672301.4704592,0.52,-0.05,0.01,26139.0,13464.0,4247.0,-0.01,-0.01,-0.01,26223.0,13518.0,-3944.0,0.0,5.0,0.0
1742672301.4829614,0.52,-0.05,0.01,26657.0,13432.0,-12124.0,-0.01,-0.01,-0.01,26741.0,13486.0,-20315.0,0.0,0.0,22.0
1742672301.4989595,0.52,-0.05,0.01,27176.0,13400.0,-28495.0,-0.01,-0.01,-0.01,27260.0,13454.0,28850.0,48.0,51.0,24.0
1742672301.5074584,0.52,-0.05,0.01,27695.0,13368.0,20669.0,-0.01,-0.01,-0.01,27779.0,13422.0,12477.0,0.0,0.0,0.0
1742672301.5194755,0.52,-0.05,0.01,28214.0,13336.0,4296.0,-0.01,-0.01,-0.01,28298.0,13390.0,-3895.0,0.0,0.0,0.0
1742672301.5318007,0.52,-0.05,0.01,28734.0,13305.0,-12074.0,-0.01,-0.01,-0.01,28818.0,13359.0,-20265.0,115.0,100.0,102.0
1742672301.5403018,0.52,-0.05,0.01,29254.0,13274.0,-28444.0,-0.01,-0.01,-0.01,29338.0,13328.0,28901.0,0.0,0.0,0.0
1742672301.5523095,0.52,-0.05,0.01,29774.0,13243.0,20721.0,-0.01,-0.01,-0.01,29858.0,13296.0,12529.0,0.0,0.0,0.0
1742672301.5608091,0.52,-0.05,0.01,30294.0,13211.0,4349.0,-0.01,-0.01,-0.01,30378.0,13264.0,-3842.0,98.0,123.0,158.0
1742672301.5733082,0.52,-0.05,0.01,30814.0,13179.0,-12021.0,-0.01,-0.01,-0.01,30899.0,13232.0,-20212.0,0.0,0.0,0.0
1742672301.5893083,0.52,-0.05,0.01,31335.0,13148.0,-28391.0,-0.01,-0.01,-0.01,31419.0,13201.0,28954.0,0.0,6.0,0.0
1742672301.5974302,0.52,-0.05,0.01,31855.0,13117.0,20774.0,-0.01,-0.01,-0.01,31939.0,13170.0,12582.0,0.0,0.0,0.0
1742672301.6099298,0.52,-0.05,0.01,32376.0,13086.0,4403.0,-0.01,-0.01,-0.01,32460.0,13139.0,-3788.0,0.0,28.0,45.0
1742672301.6184363,0.52,-0.05,0.01,-32639.0,13055.0,-11966.0,-0.01,-0.01,-0.01,-32554.0,13108.0,-20157.0,0.0,45.0,0.0
1742672301.6304421,0.52,-0.05,0.01,-32116.0,13024.0,-28335.0,-0.01,-0.01,-0.01,-32031.0,13077.0,29010.0,70.0,70.0,64.0
1742672301.6425908,0.52,-0.05,0.01,-31593.0,12994.0,20830.0,-0.01,-0.01,-0.01,-31508.0,13048.0,12638.0,0.0,0.0,0.0
1742672301.6506412,0.52,-0.05,0.01,-31070.0,12965.0,4458.0,-0.01,-0.01,-0.01,-30985.0,13019.0,-3733.0,0.0,0.0,0.0
1742672301.6631882,0.52,-0.05,0.01,-30547.0,12936.0,-11912.0,-0.01,-0.01,-0.01,-30462.0,12990.0,-20103.0,0.0,0.0,0.0
1742672301.6794622,0.52,-0.05,0.01,-30023.0,12907.0,-28282.0,-0.01,-0.01,-0.01,-29938.0,12961.0,29063.0,124.0,108.0,94.0
1742672301.6879623,0.52,-0.05,0.01,-29499.0,12878.0,20883.0,-0.01,-0.01,-0.01,-29414.0,12932.0,12691.0,15.0,5.0,0.0
1742672301.6996596,0.52,-0.05,0.01,-28975.0,12850.0,4511.0,-0.01,-0.01,-0.01,-28890.0,12904.0,-3680.0,0.0,0.0,0.0
1742672301.7081583,0.52,-0.05,0.01,-28450.0,12823.0,-11859.0,-0.01,-0.01,-0.01,-28365.0,12877.0,-20050.0,48.0,53.0,121.0
1742672301.7204823,0.52,-0.05,0.01,-27925.0,12796.0,-28229.0,-0.01,-0.01,-0.01,-27840.0,12850.0,29116.0,0.0,0.0,7.0
1742672301.7324843,0.52,-0.05,0.01,-27400.0,12769.0,20936.0,-0.01,-0.01,-0.01,-27315.0,12823.0,12744.0,24.0,0.0,9.0
1742672301.7409847,0.52,-0.05,0.01,-26875.0,12742.0,4564.0,-0.01,-0.01,-0.01,-26790.0,12796.0,-3627.0,0.0,0.0,0.0
1742672301.7534964,0.52,-0.05,0.01,-26349.0,12715.0,-11806.0,-0.01,-0.01,-0.01,-26263.0,12769.0,-19997.0,1.0,16.0,19.0
1742672301.769495,0.52,-0.05,0.01,-25821.0,12688.0,-28176.0,-0.01,-0.01,-0.01,-25736.0,12742.0,29169.0,0.0,0.0,0.0
1742672301.7779953,0.52,-0.05,0.01,-25294.0,12661.0,20989.0,-0.01,-0.01,-0.01,-25209.0,12715.0,12797.0,132.0,153.0,87.0
1742672301.7899954,0.52,-0.05,0.01,-24767.0,12635.0,4617.0,-0.01,-0.01,-0.01,-24682.0,12689.0,-3574.0,11.0,13.0,0.0
1742672301.798495,0.52,-0.05,0.01,-24240.0,12609.0,-11753.0,-0.01,-0.01,-0.01,-24155.0,12663.0,-19944.0,0.0,0.0,0.0
1742672301.8104951,0.52,-0.05,0.01,-23713.0,12583.0,-28123.0,-0.01,-0.01,-0.01,-23627.0,12637.0,29222.0,94.0,95.0,118.0
1742672301.8227844,0.52,-0.05,0.01,-23185.0,12557.0,21042.0,-0.01,-0.01,-0.01,-23099.0,12611.0,12850.0,23.0,11.0,34.0
1742672301.8352914,0.52,-0.05,0.01,-22657.0,12531.0,4670.0,-0.01,-0.01,-0.01,-22571.0,12586.0,-3521.0,0.0,0.0,0.0
1742672301.8472939,0.52,-0.05,0.01,-22129.0,12506.0,-11700.0,-0.01,-0.01,-0.01,-22043.0,12561.0,-19891.0,55.0,61.0,57.0
1742672301.8597848,0.52,-0.05,0.01,-21601.0,12481.0,-28070.0,-0.01,-0.01,-0.01,-21515.0,12536.0,29275.0,0.0,0.0,0.0
1742672301.8677845,0.52,-0.05,0.01,-21073.0,12456.0,21095.0,-0.01,-0.01,-0.01,-20987.0,12510.0,12903.0,0.0,0.0,5.0
1742672301.879784,0.52,-0.05,0.01,-20544.0,12431.0,4723.0,-0.01,-0.01,-0.01,-20458.0,12485.0,-3468.0,131.0,127.0,127.0
1742672301.8882844,0.52,-0.05,0.01,-20015.0,12406.0,-11647.0,-0.01,-0.01,-0.01,-19929.0,12461.0,-19838.0,0.0,0.0,0.0
1742672301.9007847,0.52,-0.05,0.01,-19486.0,12382.0,-28017.0,-0.01,-0.01,-0.01,-19400.0,12437.0,29328.0,0.0,0.0,0.0
1742672301.9127862,0.52,-0.05,0.01,-18957.0,12358.0,21148.0,-0.01,-0.01,-0.01,-18872.0,12413.0,12956.0,130.0,99.0,138.0
1742672301.924841,0.52,-0.05,0.01,-18429.0,12334.0,4776.0,-0.01,-0.01,-0.01,-18344.0,12389.0,-3415.0,0.0,0.0,0.0
1742672301.9373646,0.52,-0.05,0.01,-17901.0,12310.0,-11593.0,-0.01,-0.01,-0.01,-17816.0,12365.0,-19784.0,25.0,0.0,16.0
1742672301.9496315,0.52,-0.05,0.01,-17372.0,12286.0,-27962.0,-0.01,-0.01,-0.01,-17287.0,12341.0,29383.0,0.0,0.0,0.0
1742672301.9581325,0.52,-0.05,0.01,-16843.0,12262.0,21204.0,-0.01,-0.01,-0.01,-16758.0,12317.0,13012.0,8.0,38.0,24.0
1742672301.9701328,0.52,-0.05,0.01,-16314.0,12238.0,4833.0,-0.01,-0.01,-0.01,-16229.0,12293.0,-3358.0,21.0,0.0,28.0
1742672301.9821343,0.52,-0.05,0.01,-15785.0,12215.0,-11536.0,-0.01,-0.01,-0.01,-15700.0,12270.0,-19727.0,46.0,70.0,62.0
1742672301.9906306,0.52,-0.05,0.01,-15256.0,12192.0,-27905.0,-0.01,-0.01,-0.01,-15171.0,12246.0,29440.0,0.0,0.0,0.0
1742672302.0031314,0.52,-0.05,0.01,-14727.0,12168.0,21261.0,-0.01,-0.01,-0.01,-14642.0,12222.0,13069.0,0.0,2.0,8.0
1742672302.0156484,0.52,-0.05,0.01,-14197.0,12144.0,4890.0,-0.01,-0.01,-0.01,-14113.0,12198.0,-3301.0,0.0,0.0,0.0
1742672302.0276315,0.52,-0.05,0.01,-13668.0,12120.0,-11479.0,-0.01,-0.01,-0.01,-13584.0,12174.0,-19670.0,123.0,128.0,111.0
1742672302.0391724,0.52,-0.05,0.01,-13139.0,12096.0,-27848.0,-0.01,-0.01,-0.01,-13054.0,12150.0,29497.0,7.0,7.0,18.0
1742672302.0475943,0.52,-0.05,0.01,-12609.0,12072.0,21318.0,-0.01,-0.01,-0.01,-12525.0,12126.0,13126.0,0.0,0.0,0.0
1742672302.0601192,0.52,-0.05,0.01,-12080.0,12048.0,4947.0,-0.01,-0.01,-0.01,-11996.0,12102.0,-3244.0,63.0,80.0,83.0
1742672302.0726047,0.52,-0.05,0.01,-11550.0,12025.0,-11423.0,-0.01,-0.01,-0.01,-11465.0,12079.0,-19614.0,2.0,17.0,0.0
1742672302.0806227,0.52,-0.05,0.01,-11019.0,12002.0,-27793.0,-0.01,-0.01,-0.01,-10934.0,12056.0,29552.0,51.0,12.0,0.0
1742672302.0936983,0.52,-0.05,0.01,-10488.0,11979.0,21372.0,-0.01,-0.01,-0.01,-10403.0,12033.0,13180.0,130.0,94.0,111.0
1742672302.1058128,0.52,-0.05,0.01,-9957.0,11956.0,5000.0,-0.01,-0.01,-0.01,-9872.0,12010.0,-3191.0,0.0,0.0,0.0
1742672302.1179733,0.52,-0.05,0.01,-9425.0,11933.0,-11370.0,-0.01,-0.01,-0.01,-9341.0,11987.0,-19561.0,0.0,0.0,0.0
1742672302.1299741,0.52,-0.05,0.01,-8894.0,11910.0,-27740.0,-0.01,-0.01,-0.01,-8810.0,11964.0,29605.0,124.0,110.0,102.0
1742672302.138263,0.52,-0.05,0.01,-8363.0,11888.0,21425.0,-0.01,-0.01,-0.01,-8279.0,11942.0,13233.0,5.0,0.0,0.0
1742672302.1502087,0.52,-0.05,0.01,-7832.0,11866.0,5053.0,-0.01,-0.01,-0.01,-7748.0,11920.0,-3138.0,0.0,0.0,0.0
1742672302.1591938,0.52,-0.05,0.01,-7301.0,11844.0,-11317.0,-0.01,-0.01,-0.01,-7217.0,11898.0,-19508.0,85.0,94.0,122.0
1742672302.1706936,0.52,-0.05,0.01,-6769.0,11822.0,-27687.0,-0.01,-0.01,-0.01,-6685.0,11876.0,29658.0,30.0,26.0,33.0
1742672302.1831932,0.52,-0.05,0.01,-6237.0,11800.0,21478.0,-0.01,-0.01,-0.01,-6153.0,11854.0,13286.0,0.0,0.0,0.0
1742672302.1956952,0.52,-0.05,0.01,-5705.0,11778.0,5106.0,-0.01,-0.01,-0.01,-5621.0,11832.0,-3085.0,92.0,70.0,33.0
1742672302.207694,0.52,-0.05,0.01,-5173.0,11756.0,-11264.0,-0.01,-0.01,-0.01,-5089.0,11810.0,-19455.0,0.0,0.0,0.0
1742672302.2161932,0.52,-0.05,0.01,-4641.0,11734.0,-27634.0,-0.01,-0.01,-0.01,-4557.0,11788.0,29711.0,0.0,0.0,12.0
1742672302.2281134,0.52,-0.05,0.01,-4109.0,11712.0,21531.0,-0.01,-0.01,-0.01,-4025.0,11766.0,13339.0,101.0,127.0,143.0
1742672302.2406204,0.52,-0.05,0.01,-3576.0,11690.0,5159.0,-0.01,-0.01,-0.01,-3492.0,11743.0,-3032.0,6.0,0.0,0.0
1742672302.2486212,0.52,-0.05,0.01,-3043.0,11667.0,-11211.0,-0.01,-0.01,-0.01,-2959.0,11720.0,-19402.0,0.0,0.0,0.0
1742672302.261094,0.52,-0.05,0.01,-2510.0,11644.0,-27581.0,-0.01,-0.01,-0.01,-2426.0,11697.0,29764.0,97.0,118.0,98.0
1742672302.269595,0.52,-0.05,0.01,-1977.0,11621.0,21584.0,-0.01,-0.01,-0.01,-1893.0,11675.0,13392.0,27.0,14.0,1.0
1742672302.2850943,0.52,-0.05,0.01,-1444.0,11599.0,5212.0,-0.01,-0.01,-0.01,-1360.0,11653.0,-2979.0,0.0,0.0,0.0
1742672302.2975955,0.52,-0.05,0.01,-911.0,11577.0,-11158.0,-0.01,-0.01,-0.01,-827.0,11631.0,-19349.0,95.0,85.0,73.0
1742672302.3063369,0.52,-0.05,0.01,-378.0,11555.0,-27528.0,-0.01,-0.01,-0.01,-294.0,11609.0,29817.0,0.0,0.0,0.0
1742672302.3183248,0.52,-0.05,0.01,155.0,11534.0,21637.0,-0.01,-0.01,-0.01,237.0,11588.0,13445.0,0.0,0.0,0.0
1742672302.3268247,0.52,-0.05,0.01,686.0,11513.0,5265.0,-0.01,-0.01,-0.01,768.0,11567.0,-2926.0,117.0,102.0,117.0
1742672302.3388507,0.52,-0.05,0.01,1217.0,11492.0,-11105.0,-0.01,-0.01,-0.01,1299.0,11546.0,-19296.0,0.0,10.0,4.0
1742672302.3509202,0.52,-0.05,0.01,1747.0,11472.0,-27475.0,-0.01,-0.01,-0.01,1829.0,11526.0,29870.0,0.0,0.0,0.0
1742672302.3594046,0.52,-0.05,0.01,2277.0,11452.0,21690.0,-0.01,-0.01,-0.01,2359.0,11506.0,13498.0,115.0,97.0,111.0
1742672302.3714058,0.52,-0.05,0.01,2807.0,11432.0,5318.0,-0.01,-0.01,-0.01,2889.0,11486.0,-2873.0,10.0,15.0,17.0
1742672302.3799038,0.52,-0.05,0.01,3339.0,11411.0,-11052.0,-0.01,-0.01,-0.01,3421.0,11465.0,-19243.0,34.0,32.0,4.0
1742672302.395905,0.52,-0.05,0.01,3870.0,11391.0,-27422.0,-0.01,-0.01,-0.01,3952.0,11445.0,29923.0,133.0,99.0,139.0
1742672302.40842,0.52,-0.05,0.01,4401.0,11371.0,21743.0,-0.01,-0.01,-0.01,4483.0,11425.0,13551.0,0.0,0.0,0.0
1742672302.4168565,0.52,-0.05,0.01,4931.0,11351.0,5371.0,-0.01,-0.01,-0.01,5013.0,11405.0,-2820.0,0.0,6.0,0.0
1742672302.4288566,0.52,-0.05,0.01,5461.0,11331.0,-10999.0,-0.01,-0.01,-0.01,5543.0,11385.0,-19190.0,103.0,70.0,135.0
1742672302.4373598,0.52,-0.05,0.01,5991.0,11311.0,-27368.0,-0.01,-0.01,-0.01,6073.0,11365.0,29977.0,0.0,11.0,20.0
1742672302.4493842,0.52,-0.05,0.01,6522.0,11291.0,21798.0,-0.01,-0.01,-0.01,6604.0,11345.0,13606.0,0.0,0.0,0.0
1742672302.4613853,0.52,-0.05,0.01,7053.0,11271.0,5427.0,-0.01,-0.01,-0.01,7135.0,11325.0,-2764.0,59.0,97.0,111.0
1742672302.4698863,0.52,-0.05,0.01,7584.0,11251.0,-10942.0,-0.01,-0.01,-0.01,7666.0,11305.0,-19133.0,4.0,0.0,64.0
1742672302.482883,0.52,-0.05,0.01,8115.0,11231.0,-27311.0,-0.01,-0.01,-0.01,8197.0,11285.0,30034.0,0.0,0.0,0.0
1742672302.498383,0.52,-0.06,0.01,8647.0,11211.0,21855.0,-0.01,-0.01,-0.01,8729.0,11265.0,13663.0,63.0,74.0,87.0
1742672302.5068831,0.52,-0.05,0.01,9178.0,11191.0,5484.0,-0.01,-0.01,-0.01,9260.0,11245.0,-2707.0,0.0,0.0,0.0
1742672302.518905,0.52,-0.06,0.01,9710.0,11171.0,-10885.0,-0.01,-0.01,-0.01,9793.0,11225.0,-19076.0,0.0,0.0,0.0
1742672302.5273838,0.52,-0.06,0.01,10243.0,11151.0,-27254.0,-0.01,-0.01,-0.01,10326.0,11205.0,30091.0,120.0,91.0,113.0
1742672302.5393872,0.52,-0.06,0.01,10776.0,11131.0,21912.0,-0.01,-0.01,-0.01,10859.0,11185.0,13720.0,22.0,11.0,0.0
1742672302.5478876,0.52,-0.06,0.01,11309.0,11111.0,5541.0,-0.01,-0.01,-0.01,11392.0,11165.0,-2650.0,0.0,0.0,0.0
1742672302.5599,0.52,-0.06,0.01,11843.0,11091.0,-10828.0,-0.01,-0.01,-0.01,11926.0,11145.0,-19019.0,100.0,122.0,127.0
1742672302.5723932,0.52,-0.06,0.01,12377.0,11071.0,-27197.0,-0.01,-0.01,-0.01,12460.0,11125.0,30148.0,0.0,0.0,0.0
1742672302.584893,0.52,-0.06,0.01,12911.0,11052.0,21969.0,-0.01,-0.01,-0.01,12994.0,11106.0,13777.0,0.0,27.0,7.0
1742672302.596893,0.52,-0.06,0.01,13445.0,11033.0,5598.0,-0.01,-0.01,-0.01,13528.0,11087.0,-2593.0,72.0,78.0,46.0
1742672302.6090665,0.52,-0.06,0.01,13979.0,11014.0,-10771.0,-0.01,-0.01,-0.01,14062.0,11068.0,-18962.0,0.0,0.0,0.0
1742672302.6175416,0.52,-0.06,0.01,14513.0,10995.0,-27140.0,-0.01,-0.01,-0.01,14596.0,11049.0,30205.0,8.0,0.0,26.0
1742672302.6295652,0.52,-0.06,0.01,15047.0,10976.0,22026.0,-0.01,-0.01,-0.01,15130.0,11030.0,13834.0,92.0,104.0,118.0
1742672302.642043,0.52,-0.06,0.01,15581.0,10957.0,5655.0,-0.01,-0.01,-0.01,15664.0,11011.0,-2536.0,0.0,0.0,0.0
1742672302.6500776,0.52,-0.06,0.01,16115.0,10938.0,-10714.0,-0.01,-0.01,-0.01,16199.0,10992.0,-18905.0,0.0,0.0,0.0
1742672302.6625655,0.52,-0.06,0.01,16650.0,10919.0,-27083.0,-0.01,-0.01,-0.01,16734.0,10973.0,30262.0,90.0,64.0,49.0
1742672302.6787007,0.52,-0.06,0.01,17185.0,10900.0,22083.0,-0.01,-0.01,-0.01,17269.0,10954.0,13891.0,109.0,74.0,100.0
1742672302.687202,0.52,-0.06,0.01,17721.0,10882.0,5712.0,-0.01,-0.01,-0.01,17805.0,10936.0,-2479.0,36.0,0.0,23.0
1742672302.6992013,0.52,-0.06,0.01,18257.0,10864.0,-10657.0,-0.01,-0.01,-0.01,18341.0,10918.0,-18848.0,5.0,0.0,0.0
1742672302.7077003,0.52,-0.06,0.01,18793.0,10846.0,-27026.0,-0.01,-0.01,-0.01,18877.0,10900.0,30319.0,0.0,14.0,39.0
1742672302.7197008,0.52,-0.06,0.01,19329.0,10828.0,22139.0,-0.01,-0.01,-0.01,19413.0,10882.0,13947.0,0.0,11.0,0.0
1742672302.7317002,0.52,-0.06,0.01,19865.0,10810.0,5767.0,-0.01,-0.01,-0.01,19949.0,10864.0,-2424.0,113.0,69.0,63.0
1742672302.7402048,0.52,-0.06,0.01,20401.0,10792.0,-10603.0,-0.01,-0.01,-0.01,20485.0,10846.0,-18794.0,0.0,0.0,0.0
1742672302.753119,0.52,-0.06,0.01,20938.0,10774.0,-26972.0,-0.01,-0.01,-0.01,21022.0,10828.0,30373.0,27.0,0.0,15.0
1742672302.7686188,0.52,-0.06,0.01,21475.0,10756.0,22194.0,-0.01,-0.01,-0.01,21559.0,10810.0,14002.0,0.0,0.0,0.0
1742672302.777119,0.52,-0.06,0.01,22012.0,10738.0,5823.0,-0.01,-0.01,-0.01,22096.0,10792.0,-2368.0,98.0,111.0,111.0
1742672302.789513,0.52,-0.06,0.01,22549.0,10720.0,-10546.0,-0.01,-0.01,-0.01,22633.0,10774.0,-18737.0,0.0,0.0,0.0
1742672302.7980146,0.52,-0.06,0.01,23086.0,10702.0,-26915.0,-0.01,-0.01,-0.01,23170.0,10756.0,30430.0,0.0,0.0,0.0
1742672302.8100142,0.52,-0.06,0.01,23623.0,10684.0,22251.0,-0.01,-0.01,-0.01,23707.0,10738.0,14059.0,41.0,76.0,84.0
1742672302.8220277,0.52,-0.06,0.01,24161.0,10666.0,5880.0,-0.01,-0.01,-0.01,24244.0,10720.0,-2311.0,3.0,5.0,10.0
1742672302.830514,0.52,-0.06,0.01,24698.0,10648.0,-10490.0,-0.01,-0.01,-0.01,24782.0,10702.0,-18681.0,66.0,1.0,39.0
1742672302.8430157,0.52,-0.06,0.01,25236.0,10630.0,-26860.0,-0.01,-0.01,-0.01,25320.0,10684.0,30485.0,120.0,144.0,113.0
1742672302.8590214,0.52,-0.06,0.01,25774.0,10612.0,22305.0,-0.01,-0.01,-0.01,25858.0,10666.0,14113.0,0.0,0.0,0.0
1742672302.8675227,0.52,-0.06,0.01,26312.0,10594.0,5934.0,-0.01,-0.01,-0.01,26396.0,10648.0,-2257.0,0.0,0.0,0.0
1742672302.879523,0.52,-0.06,0.01,26850.0,10576.0,-10435.0,-0.01,-0.01,-0.01,26934.0,10630.0,-18626.0,112.0,83.0,119.0
1742672302.8880215,0.52,-0.06,0.01,27388.0,10558.0,-26804.0,-0.01,-0.01,-0.01,27472.0,10612.0,30541.0,0.0,0.0,6.0
1742672302.900068,0.52,-0.06,0.01,27926.0,10541.0,22362.0,-0.01,-0.01,-0.01,28010.0,10595.0,14170.0,0.0,0.0,0.0
1742672302.9120376,0.52,-0.06,0.01,28464.0,10524.0,5991.0,-0.01,-0.01,-0.01,28548.0,10578.0,-2200.0,69.0,112.0,118.0
1742672302.9245217,0.52,-0.06,0.01,29002.0,10507.0,-10378.0,-0.01,-0.01,-0.01,29086.0,10561.0,-18569.0,0.0,0.0,0.0
1742672302.9368403,0.52,-0.06,0.01,29540.0,10490.0,-26747.0,-0.01,-0.01,-0.01,29624.0,10544.0,30598.0,2.0,2.0,14.0
1742672302.9483397,0.52,-0.06,0.01,30079.0,10473.0,22419.0,-0.01,-0.01,-0.01,30163.0,10527.0,14227.0,81.0,68.0,66.0
1742672302.9573445,0.52,-0.06,0.01,30618.0,10456.0,6048.0,-0.01,-0.01,-0.01,30702.0,10510.0,-2143.0,0.0,0.0,0.0
1742672302.969846,0.52,-0.06,0.01,31157.0,10439.0,-10321.0,-0.01,-0.01,-0.01,31241.0,10493.0,-18512.0,0.0,0.0,0.0
1742672302.9778438,0.52,-0.06,0.01,31696.0,10422.0,-26690.0,-0.01,-0.01,-0.01,31780.0,10476.0,30655.0,97.0,134.0,100.0
1742672302.9898453,0.52,-0.06,0.01,32235.0,10405.0,22476.0,-0.01,-0.01,-0.01,32319.0,10459.0,14284.0,0.0,0.0,0.0
1742672303.0023444,0.52,-0.06,0.01,-32762.0,10388.0,6105.0,-0.01,-0.01,-0.01,-32677.0,10442.0,-2086.0,0.0,0.0,0.0
1742672303.0148456,0.52,-0.06,0.01,-32221.0,10371.0,-10264.0,-0.01,-0.01,-0.01,-32136.0,10425.0,-18455.0,90.0,60.0,51.0
1742672303.0268621,0.52,-0.06,0.01,-31680.0,10354.0,-26633.0,-0.01,-0.01,-0.01,-31595.0,10408.0,30712.0,72.0,81.0,57.0
1742672303.0393455,0.52,-0.06,0.01,-31138.0,10338.0,22533.0,-0.01,-0.01,-0.01,-31053.0,10392.0,14341.0,0.0,17.0,28.0
1742672303.0473456,0.52,-0.06,0.01,-30596.0,10322.0,6162.0,-0.01,-0.01,-0.01,-30511.0,10376.0,-2029.0,19.0,16.0,0.0
1742672303.0598497,0.52,-0.06,0.01,-30054.0,10306.0,-10207.0,-0.01,-0.01,-0.01,-29969.0,10360.0,-18398.0,20.0,73.0,55.0
1742672303.0683513,0.52,-0.06,0.01,-29512.0,10290.0,-26576.0,-0.01,-0.01,-0.01,-29427.0,10344.0,30769.0,0.0,0.0,0.0
1742672303.0803497,0.52,-0.06,0.01,-28970.0,10274.0,22590.0,-0.01,-0.01,-0.01,-28885.0,10328.0,14398.0,70.0,71.0,62.0
1742672303.09285,0.52,-0.06,0.01,-28428.0,10258.0,6219.0,-0.01,-0.01,-0.01,-28343.0,10312.0,-1972.0,91.0,55.0,114.0
1742672303.1048493,0.52,-0.06,0.01,-27886.0,10242.0,-10150.0,-0.01,-0.01,-0.01,-27801.0,10296.0,-18341.0,0.0,0.0,3.0
1742672303.1173534,0.52,-0.06,0.01,-27345.0,10227.0,-26519.0,-0.01,-0.01,-0.01,-27260.0,10281.0,30826.0,0.0,0.0,0.0
1742672303.12935,0.52,-0.06,0.01,-26804.0,10212.0,22647.0,-0.01,-0.01,-0.01,-26719.0,10266.0,14455.0,115.0,136.0,121.0
1742672303.137852,0.52,-0.06,0.01,-26263.0,10197.0,6276.0,-0.01,-0.01,-0.01,-26178.0,10251.0,-1915.0,9.0,6.0,0.0
1742672303.149856,0.52,-0.06,0.01,-25722.0,10182.0,-10093.0,-0.01,-0.01,-0.01,-25637.0,10236.0,-18284.0,0.0,0.0,0.0
1742672303.1618562,0.52,-0.06,0.01,-25181.0,10167.0,-26462.0,-0.01,-0.01,-0.01,-25096.0,10221.0,30883.0,61.0,102.0,110.0
1742672303.174229,0.52,-0.06,0.01,-24640.0,10152.0,22704.0,-0.01,-0.01,-0.01,-24555.0,10206.0,14512.0,0.0,10.0,0.0
1742672303.1867287,0.52,-0.06,0.01,-24098.0,10137.0,6333.0,-0.01,-0.01,-0.01,-24013.0,10192.0,-1858.0,12.0,4.0,0.0
1742672303.1987448,0.52,-0.06,0.01,-23556.0,10123.0,-10036.0,-0.01,-0.01,-0.01,-23471.0,10177.0,-18227.0,84.0,81.0,70.0
1742672303.2072294,0.52,-0.06,0.01,-23014.0,10108.0,-26405.0,-0.01,-0.01,-0.01,-22929.0,10162.0,30940.0,0.0,0.0,0.0
1742672303.2192285,0.52,-0.06,0.01,-22472.0,10093.0,22761.0,-0.01,-0.01,-0.01,-22387.0,10147.0,14569.0,0.0,0.0,0.0
1742672303.2277308,0.52,-0.06,0.01,-21930.0,10078.0,6390.0,-0.01,-0.01,-0.01,-21845.0,10133.0,-1801.0,153.0,122.0,85.0
1742672303.2397487,0.52,-0.06,0.01,-21388.0,10064.0,-9979.0,-0.01,-0.01,-0.01,-21303.0,10119.0,-18170.0,0.0,0.0,12.0
1742672303.2483032,0.52,-0.06,0.01,-20846.0,10050.0,-26348.0,-0.01,-0.01,-0.01,-20761.0,10105.0,30997.0,0.0,0.0,0.0
1742672303.2643082,0.52,-0.06,0.01,-20304.0,10036.0,22818.0,-0.01,-0.01,-0.01,-20219.0,10090.0,14626.0,91.0,77.0,78.0
1742672303.2768083,0.52,-0.06,0.01,-19762.0,10021.0,6447.0,-0.01,-0.01,-0.01,-19677.0,10076.0,-1744.0,95.0,68.0,50.0
1742672303.2888076,0.52,-0.06,0.01,-19220.0,10007.0,-9922.0,-0.01,-0.01,-0.01,-19135.0,10062.0,-18113.0,16.0,44.0,0.0
1742672303.2973087,0.52,-0.06,0.01,-18678.0,9993.0,-26291.0,-0.01,-0.01,-0.01,-18593.0,10048.0,31054.0,45.0,39.0,2.0
1742672303.3093085,0.52,-0.06,0.01,-18136.0,9979.0,22875.0,-0.01,-0.01,-0.01,-18051.0,10034.0,14683.0,0.0,0.0,3.0
1742672303.3178082,0.52,-0.06,0.01,-17594.0,9965.0,6504.0,-0.01,-0.01,-0.01,-17509.0,10020.0,-1687.0,3.0,0.0,0.0
1742672303.3298235,0.52,-0.06,0.01,-17052.0,9952.0,-9865.0,-0.01,-0.01,-0.01,-16967.0,10007.0,-18056.0,111.0,106.0,106.0
1742672303.338313,0.52,-0.06,0.01,-16510.0,9938.0,-26234.0,-0.01,-0.01,-0.01,-16425.0,9993.0,31111.0,0.0,0.0,0.0
1742672303.3543503,0.52,-0.06,0.01,-15968.0,9924.0,22932.0,-0.01,-0.01,-0.01,-15883.0,9979.0,14740.0,37.0,23.0,12.0
1742672303.366727,0.52,-0.06,0.01,-15425.0,9911.0,6561.0,-0.01,-0.01,-0.01,-15340.0,9966.0,-1630.0,0.0,0.0,0.0
1742672303.375203,0.52,-0.06,0.01,-14882.0,9898.0,-9808.0,-0.01,-0.01,-0.01,-14797.0,9952.0,-17999.0,43.0,82.0,69.0
1742672303.387202,0.52,-0.06,0.01,-14339.0,9884.0,-26177.0,-0.01,-0.01,-0.01,-14254.0,9939.0,31168.0,13.0,27.0,8.0
1742672303.399702,0.52,-0.06,0.01,-13797.0,9871.0,22989.0,-0.01,-0.01,-0.01,-13712.0,9926.0,14797.0,30.0,17.0,0.0
1742672303.4077044,0.52,-0.06,0.01,-13254.0,9858.0,6618.0,-0.01,-0.01,-0.01,-13169.0,9913.0,-1573.0,7.0,0.0,0.0
1742672303.420202,0.52,-0.06,0.01,-12711.0,9845.0,-9751.0,-0.01,-0.01,-0.01,-12626.0,9900.0,-17942.0,0.0,0.0,0.0
1742672303.4287035,0.52,-0.06,0.01,-12168.0,9832.0,-26120.0,-0.01,-0.01,-0.01,-12083.0,9887.0,31225.0,130.0,107.0,103.0
1742672303.440229,0.52,-0.06,0.01,-11625.0,9819.0,23046.0,-0.01,-0.01,-0.01,-11540.0,9874.0,14854.0,0.0,0.0,0.0
1742672303.4527383,0.52,-0.06,0.01,-11082.0,9806.0,6675.0,-0.01,-0.01,-0.01,-10997.0,9861.0,-1516.0,0.0,30.0,0.0
1742672303.4652488,0.52,-0.06,0.01,-10539.0,9793.0,-9694.0,-0.01,-0.01,-0.01,-10454.0,9848.0,-17885.0,0.0,0.0,0.0
1742672303.477257,0.52,-0.06,0.01,-9996.0,9780.0,-26063.0,-0.01,-0.01,-0.01,-9911.0,9835.0,31282.0,45.0,96.0,75.0
1742672303.485738,0.52,-0.06,0.01,-9453.0,9768.0,23103.0,-0.01,-0.01,-0.01,-9368.0,9823.0,14911.0,34.0,24.0,0.0
1742672303.4978678,0.52,-0.06,0.01,-8910.0,9756.0,6732.0,-0.01,-0.01,-0.01,-8825.0,9811.0,-1459.0,54.0,61.0,49.0
1742672303.5063672,0.52,-0.06,0.01,-8367.0,9744.0,-9637.0,-0.01,-0.01,-0.01,-8282.0,9799.0,-17828.0,0.0,0.0,0.0
1742672303.5183902,0.52,-0.06,0.01,-7824.0,9732.0,-26006.0,-0.01,-0.01,-0.01,-7739.0,9787.0,31339.0,0.0,0.0,0.0
1742672303.530299,0.52,-0.06,0.01,-7281.0,9720.0,23160.0,-0.01,-0.01,-0.01,-7197.0,9774.0,14968.0,88.0,120.0,129.0
1742672303.5387852,0.52,-0.06,0.01,-6739.0,9707.0,6789.0,-0.01,-0.01,-0.01,-6655.0,9761.0,-1402.0,31.0,0.0,0.0
1742672303.5512931,0.52,-0.06,0.01,-6197.0,9694.0,-9580.0,-0.01,-0.01,-0.01,-6113.0,9748.0,-17771.0,0.0,0.0,0.0
1742672303.5597937,0.52,-0.06,0.01,-5654.0,9681.0,-25949.0,-0.01,-0.01,-0.01,-5570.0,9735.0,31396.0,57.0,108.0,99.0
1742672303.571793,0.52,-0.06,0.01,-5111.0,9668.0,23217.0,-0.01,-0.01,-0.01,-5027.0,9722.0,15025.0,0.0,0.0,0.0
1742672303.5842931,0.52,-0.06,0.01,-4568.0,9655.0,6846.0,-0.01,-0.01,-0.01,-4484.0,9709.0,-1345.0,0.0,1.0,0.0
1742672303.5962992,0.52,-0.06,0.01,-4025.0,9642.0,-9523.0,-0.01,-0.01,-0.01,-3941.0,9696.0,-17714.0,118.0,117.0,79.0
1742672303.6086357,0.52,-0.06,0.01,-3482.0,9629.0,-25892.0,-0.01,-0.01,-0.01,-3398.0,9683.0,31453.0,0.0,0.0,0.0
1742672303.6166353,0.52,-0.06,0.01,-2939.0,9616.0,23274.0,-0.01,-0.01,-0.01,-2855.0,9670.0,15082.0,0.0,0.0,0.0
1742672303.6291351,0.52,-0.06,0.01,-2396.0,9603.0,6903.0,-0.01,-0.01,-0.01,-2312.0,9657.0,-1288.0,118.0,136.0,115.0
1742672303.6377563,0.52,-0.06,0.01,-1853.0,9590.0,-9466.0,-0.01,-0.01,-0.01,-1769.0,9644.0,-17657.0,25.0,9.0,0.0
1742672303.649258,0.52,-0.06,0.01,-1310.0,9577.0,-25835.0,-0.01,-0.01,-0.01,-1226.0,9631.0,31510.0,0.0,0.0,0.0
1742672303.657761,0.52,-0.06,0.01,-767.0,9564.0,23331.0,-0.01,-0.01,-0.01,-683.0,9618.0,15139.0,8.0,43.0,85.0
1742672303.6697607,0.52,-0.06,0.01,-223.0,9552.0,6960.0,-0.01,-0.01,-0.01,-139.0,9606.0,-1231.0,0.0,12.0,26.0
1742672303.678261,0.52,-0.06,0.01,320.0,9540.0,-9409.0,-0.01,-0.01,-0.01,403.0,9594.0,-17600.0,97.0,69.0,73.0
1742672303.694588,0.52,-0.06,0.01,862.0,9528.0,-25778.0,-0.01,-0.01,-0.01,945.0,9582.0,31567.0,65.0,74.0,57.0
1742672303.7065828,0.52,-0.06,0.01,1404.0,9516.0,23388.0,-0.01,-0.01,-0.01,1487.0,9570.0,15196.0,0.0,19.0,9.0
1742672303.7150822,0.52,-0.06,0.01,1946.0,9504.0,7017.0,-0.01,-0.01,-0.01,2029.0,9558.0,-1174.0,0.0,0.0,0.0
1742672303.7275825,0.52,-0.06,0.01,2488.0,9492.0,-9352.0,-0.01,-0.01,-0.01,2571.0,9546.0,-17543.0,87.0,48.0,86.0
1742672303.7360854,0.52,-0.06,0.01,3030.0,9480.0,-25721.0,-0.01,-0.01,-0.01,3113.0,9534.0,31624.0,9.0,21.0,11.0
1742672303.7475843,0.52,-0.06,0.01,3572.0,9468.0,23445.0,-0.01,-0.01,-0.01,3655.0,9522.0,15253.0,31.0,20.0,8.0
1742672303.7560887,0.52,-0.06,0.01,4114.0,9456.0,7074.0,-0.01,-0.01,-0.01,4197.0,9511.0,-1117.0,0.0,0.0,0.0
1742672303.7680907,0.52,-0.06,0.01,4656.0,9445.0,-9295.0,-0.01,-0.01,-0.01,4739.0,9499.0,-17486.0,0.0,9.0,0.0
1742672303.780591,0.52,-0.06,0.01,5198.0,9434.0,-25664.0,-0.01,-0.01,-0.01,5281.0,9488.0,31681.0,119.0,104.0,103.0
1742672303.7890892,0.52,-0.06,0.01,5740.0,9423.0,23502.0,-0.01,-0.01,-0.01,5823.0,9477.0,15310.0,9.0,0.0,0.0
1742672303.8010898,0.52,-0.06,0.01,6282.0,9412.0,7131.0,-0.01,-0.01,-0.01,6365.0,9466.0,-1060.0,0.0,0.0,0.0
1742672303.81309,0.52,-0.06,0.01,6824.0,9401.0,-9238.0,-0.01,-0.01,-0.01,6907.0,9455.0,-17429.0,98.0,136.0,133.0
1742672303.8255901,0.52,-0.06,0.01,7366.0,9390.0,-25607.0,-0.01,-0.01,-0.01,7449.0,9444.0,31738.0,25.0,42.0,56.0
1742672303.8375945,0.52,-0.06,0.01,7908.0,9379.0,23559.0,-0.01,-0.01,-0.01,7990.0,9433.0,15367.0,26.0,11.0,0.0
1742672303.8460927,0.52,-0.06,0.01,8449.0,9368.0,7188.0,-0.01,-0.01,-0.01,8531.0,9422.0,-1003.0,86.0,85.0,36.0
1742672303.8580985,0.52,-0.06,0.01,8990.0,9357.0,-9181.0,-0.01,-0.01,-0.01,9072.0,9411.0,-17372.0,0.0,0.0,0.0
1742672303.8671012,0.52,-0.06,0.01,9531.0,9346.0,-25550.0,-0.01,-0.01,-0.01,9613.0,9400.0,31795.0,0.0,0.0,0.0
1742672303.8788917,0.52,-0.06,0.01,10072.0,9335.0,23616.0,-0.01,-0.01,-0.01,10155.0,9389.0,15424.0,121.0,127.0,113.0
1742672303.8873906,0.52,-0.06,0.01,10614.0,9324.0,7245.0,-0.01,-0.01,-0.01,10696.0,9378.0,-946.0,43.0,0.0,6.0
1742672303.8993902,0.52,-0.06,0.01,11155.0,9313.0,-9124.0,-0.01,-0.01,-0.01,11237.0,9367.0,-17315.0,0.0,0.0,0.0
1742672303.9114058,0.52,-0.06,0.01,11696.0,9302.0,-25493.0,-0.01,-0.01,-0.01,11778.0,9356.0,31852.0,50.0,96.0,129.0
1742672303.9238908,0.52,-0.06,0.01,12237.0,9291.0,23673.0,-0.01,-0.01,-0.01,12320.0,9345.0,15481.0,27.0,0.0,0.0
1742672303.9363937,0.52,-0.06,0.01,12779.0,9280.0,7302.0,-0.01,-0.01,-0.01,12862.0,9334.0,-889.0,8.0,4.0,6.0
1742672303.9483924,0.52,-0.06,0.01,13321.0,9269.0,-9067.0,-0.01,-0.01,-0.01,13404.0,9323.0,-17258.0,118.0,83.0,105.0
1742672303.9563963,0.52,-0.06,0.01,13863.0,9258.0,-25436.0,-0.01,-0.01,-0.01,13946.0,9312.0,31909.0,0.0,0.0,0.0
1742672303.9689133,0.52,-0.06,0.01,14405.0,9247.0,23730.0,-0.01,-0.01,-0.01,14488.0,9301.0,15538.0,0.0,0.0,0.0
1742672303.9776511,0.52,-0.06,0.01,14947.0,9236.0,7359.0,-0.01,-0.01,-0.01,15030.0,9290.0,-832.0,120.0,113.0,118.0
1742672303.9896488,0.52,-0.06,0.01,15489.0,9225.0,-9010.0,-0.01,-0.01,-0.01,15572.0,9279.0,-17201.0,0.0,0.0,32.0
1742672303.9976487,0.52,-0.06,0.01,16031.0,9214.0,-25379.0,-0.01,-0.01,-0.01,16114.0,9268.0,31966.0,0.0,0.0,0.0
1742672304.009656,0.52,-0.06,0.01,16573.0,9203.0,23787.0,-0.01,-0.01,-0.01,16656.0,9257.0,15595.0,52.0,84.0,89.0
1742672304.022152,0.52,-0.06,0.01,17116.0,9192.0,7416.0,-0.01,-0.01,-0.01,17199.0,9246.0,-775.0,27.0,14.0,0.0
1742672304.0346518,0.52,-0.06,0.01,17658.0,9182.0,-8953.0,-0.01,-0.01,-0.01,17741.0,9236.0,-17144.0,0.0,0.0,28.0
1742672304.0466514,0.52,-0.06,0.01,18200.0,9172.0,-25322.0,-0.01,-0.01,-0.01,18283.0,9226.0,32023.0,112.0,107.0,99.0
1742672304.0551593,0.52,-0.06,0.01,18742.0,9162.0,23844.0,-0.01,-0.01,-0.01,18825.0,9216.0,15652.0,0.0,0.0,0.0
1742672304.0671582,0.52,-0.06,0.01,19284.0,9152.0,7473.0,-0.01,-0.01,-0.01,19367.0,9205.0,-718.0,0.0,0.0,0.0
1742672304.0796585,0.52,-0.06,0.01,19826.0,9141.0,-8896.0,-0.01,-0.01,-0.01,19909.0,9194.0,-17087.0,97.0,70.0,102.0
1742672304.0881586,0.52,-0.06,0.01,20368.0,9130.0,-25265.0,-0.01,-0.01,-0.01,20451.0,9183.0,32080.0,23.0,0.0,7.0
1742672304.0998607,0.52,-0.06,0.01,20910.0,9119.0,23901.0,-0.01,-0.01,-0.01,20993.0,9172.0,15709.0,0.0,0.0,0.0
1742672304.1083593,0.52,-0.06,0.01,21452.0,9108.0,7530.0,-0.01,-0.01,-0.01,21535.0,9161.0,-661.0,34.0,66.0,58.0
1742672304.1208594,0.52,-0.06,0.01,21994.0,9097.0,-8839.0,-0.01,-0.01,-0.01,22077.0,9150.0,-17030.0,21.0,0.0,7.0
1742672304.1366973,0.52,-0.06,0.01,22536.0,9086.0,-25208.0,-0.01,-0.01,-0.01,22619.0,9139.0,32137.0,0.0,0.0,0.0
1742672304.145186,0.52,-0.06,0.01,23078.0,9075.0,23958.0,-0.01,-0.01,-0.01,23161.0,9128.0,15766.0,103.0,95.0,120.0
1742672304.1576896,0.52,-0.06,0.01,23620.0,9064.0,7587.0,-0.01,-0.01,-0.01,23703.0,9118.0,-604.0,0.0,0.0,0.0
1742672304.1656902,0.52,-0.06,0.01,24162.0,9054.0,-8782.0,-0.01,-0.01,-0.01,24245.0,9107.0,-16973.0,0.0,0.0,0.0
1742672304.1776268,0.52,-0.06,0.01,24704.0,9043.0,-25151.0,-0.01,-0.01,-0.01,24787.0,9097.0,32194.0,119.0,107.0,124.0
1742672304.186125,0.52,-0.06,0.01,25247.0,9033.0,24015.0,-0.01,-0.01,-0.01,25330.0,9087.0,15823.0,1.0,34.0,5.0
1742672304.1981266,0.52,-0.06,0.01,25790.0,9023.0,7644.0,-0.01,-0.01,-0.01,25873.0,9076.0,-547.0,3.0,0.0,0.0
1742672304.210626,0.52,-0.06,0.01,26333.0,9012.0,-8725.0,-0.01,-0.01,-0.01,26416.0,9065.0,-16916.0,53.0,76.0,55.0
1742672304.219126,0.52,-0.06,0.01,26876.0,9001.0,-25094.0,-0.01,-0.01,-0.01,26959.0,9054.0,32251.0,18.0,0.0,5.0
1742672304.231126,0.52,-0.06,0.01,27419.0,8990.0,24072.0,-0.01,-0.01,-0.01,27502.0,9043.0,15880.0,0.0,0.0,0.0
1742672304.247186,0.52,-0.06,0.01,27962.0,8979.0,7701.0,-0.01,-0.01,-0.01,28045.0,9032.0,-490.0,95.0,80.0,125.0
1742672304.2556605,0.52,-0.06,0.01,28505.0,8968.0,-8668.0,-0.01,-0.01,-0.01,28588.0,9021.0,-16859.0,23.0,0.0,0.0
1742672304.2676754,0.52,-0.06,0.01,29048.0,8957.0,-25037.0,-0.01,-0.01,-0.01,29131.0,9010.0,32308.0,0.0,0.0,0.0
1742672304.2762182,0.52,-0.06,0.01,29591.0,8946.0,24129.0,-0.01,-0.01,-0.01,29674.0,8999.0,15937.0,94.0,115.0,143.0
1742672304.2882338,0.52,-0.06,0.01,30134.0,8935.0,7758.0,-0.01,-0.01,-0.01,30217.0,8989.0,-433.0,19.0,10.0,30.0
1742672304.2967181,0.52,-0.06,0.01,30677.0,8925.0,-8611.0,-0.01,-0.01,-0.01,30760.0,8979.0,-16802.0,11.0,0.0,0.0
1742672304.3087373,0.52,-0.06,0.01,31220.0,8916.0,-24980.0,-0.01,-0.01,-0.01,31303.0,8970.0,32365.0,22.0,23.0,74.0
1742672304.3212187,0.52,-0.06,0.01,31763.0,8906.0,24186.0,-0.01,-0.01,-0.01,31846.0,8960.0,15994.0,0.0,7.0,0.0
1742672304.3332183,0.52,-0.06,0.01,32306.0,8896.0,7815.0,-0.01,-0.01,-0.01,32389.0,8950.0,-376.0,0.0,0.0,0.0
1742672304.345768,0.52,-0.06,0.01,-32687.0,8886.0,-8554.0,-0.01,-0.01,-0.01,-32603.0,8940.0,-16745.0,102.0,144.0,76.0
1742672304.3542817,0.52,-0.06,0.01,-32142.0,8876.0,-24923.0,-0.01,-0.01,-0.01,-32057.0,8930.0,32422.0,0.0,0.0,0.0
1742672304.3662822,0.52,-0.06,0.01,-31596.0,8866.0,24243.0,-0.01,-0.01,-0.01,-31511.0,8920.0,16051.0,0.0,0.0,0.0
1742672304.3782175,0.52,-0.06,0.01,-31050.0,8856.0,7872.0,-0.01,-0.01,-0.01,-30965.0,8910.0,-319.0,70.0,97.0,107.0
1742672304.3867025,0.52,-0.06,0.01,-30504.0,8846.0,-8497.0,-0.01,-0.01,-0.01,-30420.0,8900.0,-16688.0,26.0,0.0,21.0
1742672304.3987017,0.52,-0.06,0.01,-29959.0,8836.0,-24866.0,-0.01,-0.01,-0.01,-29875.0,8890.0,32479.0,13.0,1.0,0.0
1742672304.4072018,0.52,-0.06,0.01,-29414.0,8826.0,24300.0,-0.01,-0.01,-0.01,-29330.0,8880.0,16108.0,26.0,32.0,12.0
1742672304.419217,0.52,-0.06,0.01,-28869.0,8816.0,7929.0,-0.01,-0.01,-0.01,-28785.0,8870.0,-262.0,0.0,0.0,0.0
1742672304.4317014,0.52,-0.06,0.01,-28324.0,8806.0,-8440.0,-0.01,-0.01,-0.01,-28240.0,8860.0,-16631.0,0.0,0.0,0.0
1742672304.4442494,0.52,-0.06,0.01,-27779.0,8796.0,-24809.0,-0.01,-0.01,-0.01,-27695.0,8850.0,32536.0,117.0,110.0,129.0
1742672304.4562583,0.52,-0.06,0.01,-27234.0,8786.0,24357.0,-0.01,-0.01,-0.01,-27150.0,8840.0,16165.0,7.0,24.0,5.0
1742672304.4647567,0.52,-0.06,0.01,-26689.0,8776.0,7986.0,-0.01,-0.01,-0.01,-26605.0,8830.0,-205.0,0.0,0.0,0.0
1742672304.476758,0.52,-0.06,0.01,-26144.0,8766.0,-8383.0,-0.01,-0.01,-0.01,-26060.0,8820.0,-16574.0,62.0,100.0,92.0
1742672304.4887722,0.52,-0.06,0.01,-25599.0,8756.0,-24752.0,-0.01,-0.01,-0.01,-25515.0,8810.0,32593.0,0.0,0.0,8.0
1742672304.4972572,0.52,-0.06,0.01,-25054.0,8746.0,24414.0,-0.01,-0.01,-0.01,-24970.0,8800.0,16222.0,23.0,27.0,0.0
1742672304.5095267,0.52,-0.06,0.01,-24510.0,8736.0,8043.0,-0.01,-0.01,-0.01,-24426.0,8790.0,-148.0,0.0,0.0,0.0
1742672304.5180259,0.52,-0.06,0.01,-23966.0,8726.0,-8326.0,-0.01,-0.01,-0.01,-23882.0,8780.0,-16517.0,2.0,0.0,0.0
1742672304.530026,0.52,-0.06,0.01,-23422.0,8716.0,-24695.0,-0.01,-0.01,-0.01,-23338.0,8770.0,32650.0,126.0,106.0,70.0
1742672304.5464551,0.52,-0.06,0.01,-22878.0,8706.0,24471.0,-0.01,-0.01,-0.01,-22794.0,8760.0,16279.0,106.0,118.0,119.0
1742672304.5549858,0.52,-0.06,0.01,-22334.0,8696.0,8100.0,-0.01,-0.01,-0.01,-22249.0,8750.0,-91.0,10.0,0.0,0.0
1742672304.5669858,0.52,-0.06,0.01,-21789.0,8686.0,-8269.0,-0.01,-0.01,-0.01,-21704.0,8740.0,-16460.0,0.0,0.0,0.0
1742672304.5754864,0.52,-0.06,0.01,-21244.0,8675.0,-24638.0,-0.01,-0.01,-0.01,-21159.0,8728.0,32707.0,70.0,83.0,84.0
1742672304.5875914,0.52,-0.06,0.01,-20700.0,8661.0,24528.0,-0.01,-0.01,-0.01,-20615.0,8714.0,16336.0,0.0,12.0,0.0
1742672304.5996068,0.52,-0.06,0.01,-20157.0,8641.0,8157.0,-0.01,-0.01,-0.01,-20072.0,8694.0,-34.0,30.0,37.0,38.0
1742672304.6080909,0.52,-0.06,0.01,-19612.0,8606.0,-8212.0,-0.01,-0.01,-0.01,-19526.0,8658.0,-16403.0,49.0,136.0,129.0
1742672304.6201093,0.52,-0.06,0.01,-19056.0,8546.0,-24580.0,-0.01,-0.01,-0.01,-18970.0,8598.0,32765.0,0.0,30.0,52.0
1742672304.632277,0.52,-0.06,0.02,-18485.0,8472.0,24588.0,-0.01,-0.01,-0.01,-18402.0,8529.0,16396.0,10.0,37.0,0.0
1742672304.6448083,0.52,-0.06,0.02,-17905.0,8371.0,8221.0,-0.01,-0.01,-0.01,-17821.0,8429.0,29.0,136.0,164.0,119.0
1742672304.6568463,0.52,-0.06,0.02,-17319.0,8268.0,-8146.0,-0.01,-0.01,-0.01,-17234.0,8324.0,-16337.0,10.0,0.0,28.0
1742672304.6653464,0.52,-0.06,0.02,-16724.0,8174.0,-24511.0,-0.01,-0.01,-0.01,-16639.0,8230.0,-32702.0,0.0,0.0,0.0
1742672304.6773477,0.52,-0.06,0.01,-16119.0,8125.0,24660.0,-0.01,-0.01,-0.01,-16033.0,8182.0,16468.0,115.0,48.0,248.0
1742672304.6860392,0.51,-0.07,0.0,-15497.0,8152.0,8294.0,-0.01,-0.01,-0.01,-15411.0,8212.0,102.0,68.0,140.0,94.0
1742672304.6978664,0.51,-0.07,-0.01,-14851.0,8276.0,-8069.0,-0.01,-0.01,-0.01,-14766.0,8341.0,-16259.0,135.0,56.0,66.0
1742672304.709993,0.51,-0.07,-0.02,-14183.0,8514.0,-24428.0,-0.01,-0.01,-0.01,-14099.0,8582.0,-32618.0,17.0,35.0,64.0
1742672304.7224922,0.5,-0.07,-0.04,-13491.0,8883.0,24755.0,-0.01,-0.01,-0.01,-13408.0,8946.0,16564.0,26.0,0.0,0.0
1742672304.735001,0.5,-0.08,-0.08,-12750.0,9562.0,8421.0,-0.01,-0.01,-0.01,-12667.0,9621.0,230.0,0.0,0.0,0.0
1742672304.7470038,0.49,-0.08,-0.1,-11986.0,10412.0,-7894.0,-0.01,-0.01,-0.01,-11902.0,10468.0,-16085.0,116.0,153.0,128.0
1742672304.755537,0.48,-0.09,-0.12,-11196.0,11436.0,-24188.0,-0.01,-0.01,-0.01,-11110.0,11489.0,-32379.0,26.0,0.0,0.0
1742672304.7674465,0.48,-0.09,-0.14,-10384.0,12625.0,25077.0,-0.01,-0.01,-0.01,-10297.0,12676.0,16886.0,0.0,0.0,0.0
1742672304.7762182,0.47,-0.09,-0.16,-9553.0,13976.0,8832.0,-0.01,-0.01,-0.01,-9465.0,14025.0,641.0,188.0,175.0,180.0
1742672304.7880778,0.47,-0.09,-0.18,-8706.0,15481.0,-7384.0,-0.01,-0.01,-0.01,-8618.0,15528.0,-15575.0,19.0,38.0,23.0
1742672304.800378,0.47,-0.09,-0.2,-7843.0,17135.0,-23569.0,-0.01,-0.01,-0.01,-7754.0,17180.0,-31760.0,0.0,0.0,0.0
1742672304.8088794,0.46,-0.1,-0.22,-6961.0,18928.0,25813.0,-0.01,-0.01,-0.01,-6872.0,18970.0,17621.0,45.0,66.0,80.0
1742672304.8248787,0.45,-0.1,-0.24,-6051.0,20935.0,9711.0,-0.01,-0.01,-0.0,-5961.0,20973.0,1520.0,0.0,0.0,0.0
1742672304.833378,0.45,-0.1,-0.25,-5128.0,23022.0,-6367.0,-0.01,-0.01,-0.0,-5039.0,23061.0,-14557.0,0.0,0.0,0.0
1742672304.8454194,0.45,-0.1,-0.26,-4197.0,25180.0,-22424.0,-0.01,-0.01,-0.0,-4108.0,25219.0,-30614.0,97.0,78.0,109.0
1742672304.8576925,0.45,-0.1,-0.27,-3259.0,27392.0,27070.0,-0.01,-0.01,-0.0,-3170.0,27432.0,18879.0,0.0,0.0,0.0
1742672304.8661914,0.45,-0.1,-0.27,-2316.0,29629.0,11033.0,-0.01,-0.01,-0.0,-2227.0,29669.0,2842.0,0.0,0.0,0.0
1742672304.87819,0.45,-0.1,-0.27,-1374.0,31872.0,-5000.0,-0.01,-0.01,-0.01,-1286.0,31913.0,-13190.0,111.0,111.0,111.0
1742672304.886691,0.45,-0.1,-0.27,-438.0,-31438.0,-21039.0,-0.01,-0.01,-0.01,-351.0,-31392.0,-29229.0,9.0,0.0,3.0
1742672304.8979673,0.45,-0.1,-0.27,489.0,-29236.0,28449.0,-0.01,-0.01,-0.01,574.0,-29187.0,20257.0,0.0,0.0,0.0
1742672304.9105465,0.45,-0.1,-0.26,1401.0,-27086.0,12383.0,-0.01,-0.01,-0.01,1485.0,-27034.0,4191.0,27.0,53.0,45.0
1742672304.923547,0.45,-0.1,-0.25,2285.0,-25053.0,-3717.0,-0.01,-0.01,-0.01,2369.0,-24997.0,-11908.0,0.0,0.0,0.0
1742672304.9357383,0.45,-0.1,-0.24,3158.0,-23064.0,-19829.0,-0.01,-0.01,-0.01,3242.0,-23006.0,-28020.0,0.0,0.0,0.0
1742672304.947739,0.45,-0.1,-0.24,4022.0,-21103.0,29587.0,-0.01,-0.01,-0.01,4107.0,-21045.0,21395.0,99.0,109.0,95.0
1742672304.9557836,0.45,-0.09,-0.23,4881.0,-19160.0,13460.0,-0.01,-0.01,-0.01,4966.0,-19104.0,5269.0,0.0,0.0,0.0
1742672304.9682868,0.45,-0.09,-0.23,5737.0,-17221.0,-2666.0,-0.01,-0.01,-0.01,5823.0,-17168.0,-10856.0,0.0,0.0,0.0
1742672304.976783,0.45,-0.09,-0.23,6595.0,-15270.0,-18786.0,-0.01,-0.01,-0.01,6681.0,-15220.0,-26976.0,118.0,118.0,101.0
1742672304.988788,0.45,-0.09,-0.24,7456.0,-13299.0,30635.0,-0.01,-0.01,-0.01,7543.0,-13251.0,22444.0,0.0,0.0,0.0
1742672304.9972844,0.45,-0.09,-0.24,8319.0,-11307.0,14524.0,-0.01,-0.01,-0.01,8406.0,-11261.0,6333.0,0.0,0.0,0.0
1742672305.012783,0.45,-0.09,-0.24,9181.0,-9305.0,-1583.0,-0.01,-0.01,-0.01,9267.0,-9260.0,-9774.0,93.0,103.0,118.0
1742672305.025785,0.45,-0.09,-0.24,10030.0,-7311.0,-17693.0,-0.01,-0.01,-0.01,10116.0,-7266.0,-25884.0,0.0,0.0,0.0
1742672305.0342839,0.45,-0.09,-0.24,10869.0,-5341.0,31725.0,-0.01,-0.01,-0.01,10955.0,-5295.0,23533.0,0.0,0.0,0.0
1742672305.0462852,0.45,-0.09,-0.23,11695.0,-3405.0,15596.0,-0.01,-0.01,-0.01,11781.0,-3357.0,7404.0,108.0,99.0,94.0
1742672305.0548275,0.45,-0.09,-0.23,12506.0,-1511.0,-543.0,-0.01,-0.01,-0.01,12592.0,-1462.0,-8734.0,0.0,0.0,0.0
1742672305.0668244,0.45,-0.09,-0.22,13303.0,344.0,-16692.0,-0.01,-0.01,-0.01,13390.0,394.0,-24883.0,0.0,0.0,0.0
1742672305.0788274,0.46,-0.09,-0.22,14092.0,2168.0,32687.0,-0.01,-0.01,-0.01,14179.0,2218.0,24495.0,100.0,112.0,107.0
1742672305.0873234,0.46,-0.09,-0.22,14875.0,3970.0,16523.0,-0.01,-0.01,-0.01,14963.0,4020.0,8331.0,35.0,0.0,10.0
1742672305.0993402,0.46,-0.08,-0.21,15657.0,5759.0,356.0,-0.01,-0.01,-0.01,15745.0,5808.0,-7834.0,6.0,0.0,0.0
1742672305.10784,0.46,-0.08,-0.21,16439.0,7546.0,-15808.0,-0.01,-0.01,-0.01,16527.0,7595.0,-23998.0,17.0,28.0,45.0
1742672305.1238399,0.46,-0.09,-0.22,17229.0,9358.0,-31966.0,-0.01,-0.01,-0.01,17317.0,9405.0,25380.0,0.0,0.0,0.0
1742672305.136349,0.46,-0.09,-0.22,18023.0,11177.0,17413.0,-0.01,-0.01,-0.01,18111.0,11223.0,9222.0,0.0,0.0,0.0
1742672305.1448488,0.46,-0.09,-0.22,18819.0,12997.0,1256.0,-0.01,-0.01,-0.01,18906.0,13042.0,-6934.0,136.0,114.0,118.0
1742672305.1565516,0.46,-0.09,-0.22,19612.0,14810.0,-14901.0,-0.01,-0.01,-0.01,19699.0,14855.0,-23091.0,4.0,0.0,0.0
1742672305.1650517,0.46,-0.09,-0.22,20400.0,16610.0,-31061.0,-0.01,-0.01,-0.01,20486.0,16656.0,26284.0,0.0,0.0,0.0
1742672305.1770687,0.46,-0.08,-0.21,21179.0,18387.0,18307.0,-0.01,-0.01,-0.01,21266.0,18433.0,10115.0,108.0,112.0,114.0
1742672305.1895568,0.46,-0.08,-0.21,21948.0,20133.0,2130.0,-0.01,-0.01,-0.01,22035.0,20179.0,-6061.0,10.0,15.0,0.0
1742672305.2055683,0.46,-0.08,-0.2,22692.0,21820.0,-14059.0,-0.01,-0.01,-0.01,22780.0,21866.0,-22250.0,1.0,20.0,2.0
1742672305.2140522,0.46,-0.08,-0.2,23427.0,23488.0,-30253.0,-0.01,-0.01,-0.01,23516.0,23534.0,27092.0,26.0,16.0,24.0
1742672305.2265518,0.46,-0.08,-0.2,24156.0,25143.0,19085.0,-0.01,-0.01,-0.01,24246.0,25188.0,10893.0,0.0,25.0,52.0
1742672305.2345526,0.46,-0.08,-0.2,24882.0,26792.0,2885.0,-0.01,-0.01,-0.01,24972.0,26836.0,-5306.0,2.0,0.0,35.0
1742672305.246602,0.46,-0.08,-0.2,25607.0,28444.0,-13313.0,-0.01,-0.01,-0.01,25697.0,28488.0,-21503.0,76.0,82.0,78.0
1742672305.259091,0.46,-0.08,-0.2,26334.0,30106.0,-29508.0,-0.01,-0.01,-0.01,26424.0,30150.0,27838.0,0.0,0.0,0.0
1742672305.2670918,0.46,-0.08,-0.2,27063.0,31776.0,19834.0,-0.01,-0.01,-0.01,27153.0,31819.0,11643.0,0.0,0.0,0.0
1742672305.2792797,0.46,-0.08,-0.2,27793.0,-32088.0,3640.0,-0.01,-0.01,-0.01,27882.0,-32044.0,-4550.0,107.0,112.0,101.0
1742672305.2957792,0.46,-0.08,-0.2,28520.0,-30430.0,-12556.0,-0.01,-0.01,-0.01,28608.0,-30384.0,-20746.0,119.0,103.0,135.0
1742672305.30428,0.46,-0.08,-0.2,29241.0,-28788.0,-28756.0,-0.01,-0.01,-0.01,29329.0,-28742.0,28589.0,34.0,2.0,0.0
1742672305.3162782,0.46,-0.08,-0.19,29955.0,-27171.0,20574.0,-0.01,-0.01,-0.01,30043.0,-27124.0,12382.0,0.0,0.0,0.0
1742672305.3247793,0.46,-0.08,-0.19,30661.0,-25582.0,4360.0,-0.01,-0.01,-0.01,30749.0,-25535.0,-3831.0,14.0,85.0,74.0
1742672305.3373044,0.46,-0.07,-0.19,31357.0,-24017.0,-11857.0,-0.01,-0.01,-0.01,31445.0,-23971.0,-20048.0,6.0,0.0,0.0
1742672305.3488553,0.46,-0.07,-0.18,32045.0,-22471.0,-28078.0,-0.01,-0.01,-0.01,32134.0,-22425.0,29267.0,33.0,0.0,0.0
1742672305.3573442,0.46,-0.07,-0.18,32727.0,-20937.0,21233.0,-0.01,-0.01,-0.01,-32719.0,-20892.0,13041.0,2.0,21.0,18.0
1742672305.373845,0.46,-0.07,-0.18,-32134.0,-19408.0,5006.0,-0.01,-0.01,-0.01,-32042.0,-19365.0,-3185.0,0.0,0.0,0.0
1742672305.385766,0.46,-0.07,-0.18,-31458.0,-17874.0,-11219.0,-0.01,-0.01,-0.01,-31366.0,-17832.0,-19409.0,0.0,0.0,0.0
1742672305.3942666,0.46,-0.07,-0.18,-30782.0,-16333.0,-27441.0,-0.01,-0.01,-0.01,-30690.0,-16291.0,29904.0,131.0,98.0,97.0
1742672305.4067652,0.46,-0.07,-0.18,-30107.0,-14788.0,21871.0,-0.01,-0.01,-0.01,-30015.0,-14746.0,13680.0,13.0,0.0,0.0
1742672305.4147658,0.46,-0.07,-0.18,-29434.0,-13246.0,5647.0,-0.01,-0.01,-0.01,-29343.0,-13204.0,-2543.0,0.0,0.0,0.0
1742672305.4272664,0.46,-0.07,-0.18,-28764.0,-11712.0,-10576.0,-0.01,-0.01,-0.01,-28673.0,-11669.0,-18767.0,97.0,123.0,112.0
1742672305.4392676,0.46,-0.07,-0.18,-28099.0,-10192.0,-26804.0,-0.01,-0.01,-0.01,-28009.0,-10148.0,30541.0,13.0,6.0,8.0
1742672305.455457,0.46,-0.07,-0.18,-27446.0,-8714.0,22495.0,-0.01,-0.01,-0.01,-27356.0,-8669.0,14303.0,28.0,30.0,39.0
1742672305.463957,0.46,-0.07,-0.17,-26798.0,-7259.0,6253.0,-0.01,-0.01,-0.01,-26708.0,-7214.0,-1938.0,29.0,34.0,43.0
1742672305.476458,0.46,-0.07,-0.17,-26156.0,-5822.0,-9991.0,-0.01,-0.01,-0.01,-26066.0,-5777.0,-18182.0,0.0,0.0,0.0
1742672305.4844565,0.46,-0.07,-0.17,-25518.0,-4396.0,-26238.0,-0.01,-0.01,-0.01,-25427.0,-4351.0,31107.0,2.0,7.0,0.0
1742672305.496459,0.46,-0.07,-0.17,-24883.0,-2976.0,23049.0,-0.01,-0.01,-0.01,-24792.0,-2932.0,14857.0,145.0,94.0,131.0
1742672305.5049562,0.46,-0.07,-0.17,-24250.0,-1558.0,6799.0,-0.01,-0.01,-0.01,-24158.0,-1515.0,-1391.0,0.0,0.0,0.0
1742672305.5170677,0.46,-0.07,-0.17,-23617.0,-138.0,-9448.0,-0.01,-0.01,-0.01,-23525.0,-96.0,-17638.0,0.0,0.0,0.0
1742672305.5294561,0.46,-0.07,-0.17,-22985.0,1287.0,-25693.0,-0.01,-0.01,-0.0,-22893.0,1327.0,31653.0,68.0,97.0,140.0
1742672305.5374596,0.46,-0.07,-0.17,-22355.0,2713.0,23597.0,-0.01,-0.01,-0.0,-22263.0,2753.0,15406.0,10.0,0.0,29.0
1742672305.555464,0.46,-0.06,-0.17,-21730.0,4133.0,7348.0,-0.01,-0.01,-0.0,-21639.0,4173.0,-843.0,45.0,25.0,28.0
1742672305.5659642,0.46,-0.06,-0.17,-21111.0,5542.0,-8902.0,-0.01,-0.01,-0.0,-21020.0,5582.0,-17093.0,30.0,68.0,37.0
1742672305.5744643,0.46,-0.06,-0.17,-20497.0,6935.0,-25155.0,-0.01,-0.01,-0.01,-20406.0,6976.0,32190.0,0.0,0.0,0.0
1742672305.5864122,0.46,-0.06,-0.16,-19889.0,8311.0,24124.0,-0.01,-0.01,-0.01,-19798.0,8352.0,15932.0,0.0,11.0,0.0
1742672305.59491,0.46,-0.06,-0.16,-19288.0,9668.0,7862.0,-0.01,-0.01,-0.01,-19197.0,9710.0,-329.0,132.0,98.0,119.0
1742672305.6069105,0.46,-0.06,-0.16,-18691.0,11010.0,-8401.0,-0.01,-0.01,-0.01,-18599.0,11052.0,-16592.0,0.0,0.0,0.0
1742672305.6159103,0.46,-0.06,-0.16,-18097.0,12341.0,-24666.0,-0.01,-0.01,-0.01,-18005.0,12383.0,32679.0,0.0,0.0,0.0
1742672305.6279113,0.46,-0.06,-0.16,-17505.0,13666.0,24603.0,-0.01,-0.01,-0.01,-17413.0,13707.0,16411.0,101.0,117.0,137.0
1742672305.6439276,0.46,-0.06,-0.16,-16914.0,14989.0,8335.0,-0.01,-0.01,-0.0,-16822.0,15029.0,144.0,87.0,81.0,89.0
1742672305.6564744,0.46,-0.06,-0.16,-16323.0,16314.0,-7930.0,-0.01,-0.01,-0.0,-16231.0,16354.0,-16120.0,52.0,43.0,0.0
1742672305.664975,0.46,-0.06,-0.16,-15732.0,17642.0,-24194.0,-0.01,-0.01,-0.0,-15640.0,17681.0,-32384.0,5.0,0.0,0.0
1742672305.6764898,0.46,-0.06,-0.16,-15142.0,18967.0,25078.0,-0.01,-0.01,-0.0,-15050.0,19006.0,16887.0,50.0,21.0,42.0
1742672305.6854737,0.46,-0.06,-0.16,-14555.0,20287.0,8811.0,-0.01,-0.01,-0.0,-14463.0,20326.0,619.0,11.0,5.0,37.0
1742672305.6984737,0.46,-0.06,-0.16,-13972.0,21598.0,-7458.0,-0.01,-0.01,-0.0,-13880.0,21637.0,-15649.0,89.0,83.0,42.0
1742672305.7099738,0.46,-0.06,-0.15,-13394.0,22897.0,-23728.0,-0.01,-0.01,-0.0,-13302.0,22936.0,-31919.0,0.0,0.0,0.0
1742672305.7219737,0.46,-0.06,-0.15,-12826.0,24166.0,25532.0,-0.01,-0.01,-0.0,-12734.0,24206.0,17340.0,0.0,0.0,0.0
1742672305.7339737,0.46,-0.06,-0.15,-12264.0,25423.0,9252.0,-0.01,-0.01,-0.0,-12172.0,25463.0,1060.0,0.0,0.0,0.0
1742672305.7464774,0.46,-0.06,-0.15,-11706.0,26671.0,-7028.0,-0.01,-0.01,-0.0,-11614.0,26711.0,-15219.0,112.0,99.0,105.0
1742672305.7549813,0.46,-0.06,-0.15,-11151.0,27913.0,-23308.0,-0.01,-0.01,-0.0,-11058.0,27952.0,-31499.0,36.0,14.0,16.0
1742672305.7669814,0.46,-0.06,-0.15,-10596.0,29151.0,25947.0,-0.01,-0.01,-0.0,-10503.0,29190.0,17755.0,0.0,0.0,0.0
1742672305.7754822,0.46,-0.06,-0.15,-10041.0,30389.0,9664.0,-0.01,-0.01,-0.0,-9948.0,30428.0,1473.0,100.0,91.0,108.0
1742672305.787482,0.46,-0.06,-0.15,-9486.0,31630.0,-6617.0,-0.01,-0.01,-0.0,-9393.0,31669.0,-14807.0,0.0,0.0,5.0
1742672305.7994971,0.46,-0.06,-0.15,-8930.0,-32664.0,-22896.0,-0.01,-0.01,-0.0,-8837.0,-32624.0,-31086.0,55.0,28.0,25.0
1742672305.812481,0.46,-0.06,-0.15,-8374.0,-31428.0,26360.0,-0.01,-0.01,-0.0,-8282.0,-31388.0,18168.0,116.0,75.0,100.0
1742672305.824481,0.46,-0.06,-0.15,-7821.0,-30201.0,10075.0,-0.01,-0.01,-0.0,-7729.0,-30161.0,1883.0,0.0,0.0,0.0
1742672305.8364828,0.46,-0.06,-0.14,-7271.0,-28985.0,-6211.0,-0.01,-0.01,-0.0,-7179.0,-28945.0,-14402.0,0.0,0.0,0.0
1742672305.8449829,0.46,-0.06,-0.14,-6724.0,-27781.0,-22498.0,-0.01,-0.01,-0.0,-6632.0,-27741.0,-30689.0,119.0,113.0,117.0
1742672305.8569872,0.46,-0.05,-0.14,-6181.0,-26589.0,26749.0,-0.01,-0.01,-0.0,-6089.0,-26549.0,18557.0,0.0,0.0,18.0
1742672305.8654866,0.46,-0.05,-0.14,-5642.0,-25408.0,10456.0,-0.01,-0.01,-0.0,-5550.0,-25369.0,2264.0,0.0,0.0,0.0
1742672305.8774872,0.46,-0.05,-0.14,-5107.0,-24235.0,-5836.0,-0.01,-0.01,-0.0,-5014.0,-24196.0,-14027.0,117.0,105.0,103.0
1742672305.8894868,0.46,-0.05,-0.14,-4574.0,-23067.0,-22128.0,-0.01,-0.01,-0.0,-4481.0,-23028.0,-30319.0,0.0,3.0,15.0
1742672305.902488,0.46,-0.05,-0.14,-4045.0,-21900.0,27115.0,-0.01,-0.01,-0.0,-3951.0,-21862.0,18924.0,0.0,0.0,26.0
1742672305.914496,0.46,-0.05,-0.14,-3515.0,-20733.0,10822.0,-0.01,-0.01,-0.0,-3422.0,-20695.0,2630.0,81.0,56.0,45.0
1742672305.9229844,0.46,-0.05,-0.14,-2986.0,-19566.0,-5471.0,-0.01,-0.01,-0.0,-2893.0,-19528.0,-13662.0,0.0,0.0,0.0
1742672305.9349842,0.46,-0.05,-0.14,-2458.0,-18401.0,-21763.0,-0.01,-0.01,-0.0,-2365.0,-18363.0,-29953.0,0.0,0.0,0.0
1742672305.9470198,0.46,-0.05,-0.14,-1932.0,-17241.0,27480.0,-0.01,-0.01,-0.0,-1839.0,-17202.0,19289.0,114.0,79.0,106.0
1742672305.9554932,0.46,-0.05,-0.14,-1408.0,-16087.0,11185.0,-0.01,-0.01,-0.0,-1315.0,-16048.0,2993.0,0.0,0.0,0.0
1742672305.9675083,0.46,-0.05,-0.14,-887.0,-14943.0,-5112.0,-0.01,-0.01,-0.0,-794.0,-14904.0,-13303.0,0.0,0.0,0.0
1742672305.9759948,0.46,-0.05,-0.13,-369.0,-13810.0,-21410.0,-0.01,-0.01,-0.0,-276.0,-13771.0,-29601.0,100.0,100.0,118.0
1742672305.9924922,0.47,-0.05,-0.13,140.0,-12696.0,27826.0,-0.01,-0.01,-0.0,232.0,-12657.0,19634.0,77.0,46.0,62.0
1742672306.0044947,0.47,-0.05,-0.13,645.0,-11589.0,11522.0,-0.01,-0.01,-0.0,737.0,-11550.0,3330.0,0.0,31.0,5.0
1742672306.0127418,0.47,-0.05,-0.13,1147.0,-10486.0,-4781.0,-0.01,-0.01,-0.0,1239.0,-10448.0,-12972.0,98.0,29.0,56.0
1742672306.0252414,0.47,-0.05,-0.13,1647.0,-9384.0,-21083.0,-0.01,-0.01,-0.0,1740.0,-9346.0,-29274.0,0.0,0.0,0.0
1742672306.0332417,0.47,-0.05,-0.13,2148.0,-8283.0,28151.0,-0.01,-0.01,-0.0,2241.0,-8245.0,19960.0,0.0,0.0,0.0
1742672306.0457683,0.47,-0.05,-0.13,2647.0,-7181.0,11848.0,-0.01,-0.01,-0.0,2740.0,-7144.0,3657.0,95.0,108.0,101.0
1742672306.0578249,0.47,-0.05,-0.13,3144.0,-6080.0,-4454.0,-0.01,-0.01,-0.0,3237.0,-6043.0,-12644.0,34.0,13.0,13.0
1742672306.0658247,0.47,-0.05,-0.13,3641.0,-4980.0,-20756.0,-0.01,-0.01,-0.0,3734.0,-4942.0,-28946.0,0.0,0.0,0.0
1742672306.077951,0.47,-0.05,-0.13,4136.0,-3885.0,28477.0,-0.01,-0.01,-0.0,4229.0,-3847.0,20286.0,92.0,94.0,121.0
1742672306.0864363,0.47,-0.05,-0.13,4628.0,-2797.0,12171.0,-0.01,-0.01,-0.0,4721.0,-2759.0,3980.0,0.0,16.0,20.0
1742672306.1029363,0.47,-0.05,-0.13,5115.0,-1726.0,-4136.0,-0.01,-0.01,-0.0,5208.0,-1688.0,-12327.0,19.0,0.0,0.0
1742672306.1154535,0.47,-0.05,-0.13,5599.0,-664.0,-20445.0,-0.01,-0.01,-0.0,5692.0,-626.0,-28636.0,71.0,104.0,77.0
1742672306.1234527,0.47,-0.05,-0.12,6080.0,389.0,28782.0,-0.01,-0.01,-0.0,6173.0,426.0,20590.0,0.0,0.0,0.0
1742672306.1354709,0.47,-0.05,-0.12,6559.0,1435.0,12469.0,-0.01,-0.01,-0.0,6652.0,1472.0,4277.0,0.0,0.0,0.0
1742672306.1443489,0.47,-0.05,-0.12,7036.0,2479.0,-3843.0,-0.01,-0.01,-0.0,7130.0,2515.0,-12034.0,90.0,112.0,110.0
1742672306.1558707,0.47,-0.05,-0.12,7513.0,3522.0,-20154.0,-0.01,-0.01,-0.0,7607.0,3558.0,-28345.0,61.0,25.0,51.0
1742672306.1643708,0.47,-0.05,-0.12,7989.0,4564.0,29071.0,-0.01,-0.01,-0.0,8083.0,4600.0,20880.0,0.0,0.0,0.0
1742672306.1763704,0.47,-0.05,-0.12,8464.0,5606.0,12759.0,-0.01,-0.01,-0.0,8558.0,5641.0,4568.0,64.0,63.0,80.0
1742672306.1848707,0.47,-0.05,-0.12,8938.0,6647.0,-3552.0,-0.01,-0.01,-0.0,9032.0,6682.0,-11742.0,0.0,2.0,11.0
1742672306.1968865,0.47,-0.05,-0.12,9411.0,7686.0,-19862.0,-0.01,-0.01,-0.0,9505.0,7722.0,-28052.0,80.0,47.0,65.0
1742672306.213658,0.47,-0.05,-0.12,9880.0,8715.0,29362.0,-0.01,-0.01,-0.0,9973.0,8751.0,21170.0,108.0,131.0,93.0
1742672306.2221572,0.47,-0.05,-0.12,10345.0,9737.0,13046.0,-0.01,-0.01,-0.0,10438.0,9773.0,4854.0,10.0,0.0,0.0
1742672306.2341583,0.47,-0.05,-0.12,10807.0,10751.0,-3270.0,-0.01,-0.01,-0.0,10900.0,10787.0,-11461.0,0.0,0.0,0.0
1742672306.246182,0.47,-0.04,-0.12,11266.0,11758.0,-19586.0,-0.01,-0.01,-0.0,11359.0,11794.0,-27777.0,100.0,129.0,138.0
1742672306.2548192,0.47,-0.04,-0.12,11723.0,12758.0,29633.0,-0.01,-0.01,-0.0,11817.0,12794.0,21442.0,0.0,0.0,7.0
1742672306.2663376,0.47,-0.04,-0.12,12180.0,13754.0,13314.0,-0.01,-0.01,-0.0,12274.0,13790.0,5123.0,0.0,0.0,0.0
1742672306.2748332,0.47,-0.04,-0.12,12635.0,14747.0,-3004.0,-0.01,-0.01,-0.0,12729.0,14783.0,-11195.0,87.0,85.0,100.0
1742672306.2873187,0.47,-0.04,-0.12,13089.0,15740.0,-19322.0,-0.01,-0.01,-0.0,13183.0,15775.0,-27513.0,19.0,14.0,21.0
1742672306.3028846,0.47,-0.04,-0.12,13541.0,16732.0,29896.0,-0.01,-0.01,-0.0,13635.0,16767.0,21705.0,0.0,0.0,22.0
1742672306.3121972,0.47,-0.04,-0.12,13992.0,17723.0,13577.0,-0.01,-0.01,-0.0,14086.0,17758.0,5385.0,70.0,70.0,79.0
1742672306.3237925,0.47,-0.04,-0.12,14443.0,18710.0,-2742.0,-0.01,-0.01,-0.0,14537.0,18745.0,-10933.0,0.0,0.0,0.0
1742672306.3362775,0.47,-0.04,-0.12,14892.0,19694.0,-19062.0,-0.01,-0.01,-0.0,14986.0,19729.0,-27253.0,6.0,1.0,0.0
1742672306.3447804,0.47,-0.04,-0.12,15339.0,20672.0,30154.0,-0.01,-0.01,-0.0,15433.0,20707.0,21962.0,95.0,115.0,104.0
1742672306.3567846,0.47,-0.04,-0.11,15784.0,21644.0,13832.0,-0.01,-0.01,-0.0,15878.0,21679.0,5640.0,0.0,28.0,0.0
1742672306.3652859,0.47,-0.04,-0.11,16226.0,22609.0,-2491.0,-0.01,-0.01,-0.0,16320.0,22645.0,-10682.0,0.0,0.0,0.0
1742672306.3772857,0.47,-0.04,-0.11,16666.0,23569.0,-18813.0,-0.01,-0.01,-0.0,16760.0,23605.0,-27004.0,79.0,129.0,125.0
1742672306.393786,0.47,-0.04,-0.11,17103.0,24521.0,30399.0,-0.01,-0.01,-0.0,17197.0,24557.0,22208.0,62.0,32.0,79.0
1742672306.4022858,0.47,-0.04,-0.11,17540.0,25471.0,14074.0,-0.01,-0.01,-0.0,17635.0,25506.0,5883.0,23.0,18.0,10.0
1742672306.414286,0.47,-0.04,-0.11,17977.0,26419.0,-2250.0,-0.01,-0.01,-0.0,18072.0,26454.0,-10440.0,49.0,69.0,45.0
1742672306.4262912,0.47,-0.04,-0.11,18414.0,27367.0,-18573.0,-0.01,-0.01,-0.0,18509.0,27402.0,-26763.0,0.0,0.0,13.0
1742672306.4347649,0.47,-0.04,-0.11,18851.0,28314.0,30640.0,-0.01,-0.01,-0.0,18946.0,28349.0,22449.0,0.0,0.0,3.0
1742672306.446778,0.47,-0.04,-0.11,19286.0,29260.0,14315.0,-0.01,-0.01,-0.0,19381.0,29295.0,6124.0,135.0,104.0,77.0
1742672306.4553223,0.47,-0.04,-0.11,19721.0,30204.0,-2010.0,-0.01,-0.01,-0.0,19815.0,30239.0,-10201.0,0.0,0.0,0.0
1742672306.4718199,0.47,-0.04,-0.11,20152.0,31139.0,-18335.0,-0.01,-0.01,-0.0,20247.0,31174.0,-26525.0,0.0,20.0,0.0
1742672306.48382,0.47,-0.04,-0.11,20582.0,32068.0,30876.0,-0.01,-0.01,-0.0,20677.0,32103.0,22685.0,0.0,0.0,0.0
1742672306.4923193,0.47,-0.04,-0.11,21011.0,-32545.0,14548.0,-0.01,-0.01,-0.0,21106.0,-32509.0,6357.0,117.0,116.0,91.0
1742672306.5040984,0.47,-0.04,-0.11,21439.0,-31625.0,-1779.0,-0.01,-0.01,-0.0,21534.0,-31589.0,-9970.0,0.0,0.0,22.0
1742672306.5167577,0.47,-0.04,-0.11,21865.0,-30708.0,-18107.0,-0.01,-0.01,-0.0,21960.0,-30672.0,-26298.0,0.0,0.0,0.0
1742672306.5247543,0.47,-0.04,-0.11,22291.0,-29794.0,31101.0,-0.01,-0.01,-0.0,22386.0,-29759.0,22910.0,4.0,39.0,55.0
1742672306.537176,0.47,-0.04,-0.11,22715.0,-28883.0,14771.0,-0.01,-0.01,-0.0,22810.0,-28848.0,6580.0,0.0,16.0,36.0
1742672306.553586,0.47,-0.04,-0.11,23139.0,-27973.0,-1558.0,-0.01,-0.01,-0.0,23234.0,-27938.0,-9748.0,3.0,4.0,0.0
1742672306.5621004,0.47,-0.04,-0.11,23562.0,-27064.0,-17886.0,-0.01,-0.01,-0.0,23657.0,-27029.0,-26076.0,142.0,111.0,116.0
1742672306.5735862,0.47,-0.04,-0.11,23984.0,-26157.0,31322.0,-0.01,-0.01,-0.0,24079.0,-26122.0,23131.0,0.0,0.0,0.0
1742672306.5824368,0.47,-0.04,-0.11,24406.0,-25252.0,14992.0,-0.01,-0.01,-0.0,24501.0,-25217.0,6801.0,0.0,0.0,0.0
1742672306.5944395,0.47,-0.04,-0.11,24828.0,-24352.0,-1337.0,-0.01,-0.01,-0.0,24923.0,-24317.0,-9527.0,139.0,111.0,125.0
1742672306.6064365,0.47,-0.04,-0.11,25248.0,-23456.0,-17666.0,-0.01,-0.01,-0.0,25343.0,-23421.0,-25856.0,17.0,0.0,9.0
1742672306.6149344,0.47,-0.04,-0.1,25667.0,-22564.0,31540.0,-0.01,-0.01,-0.0,25762.0,-22529.0,23349.0,0.0,0.0,0.0
1742672306.6269345,0.47,-0.04,-0.1,26084.0,-21677.0,15208.0,-0.01,-0.01,-0.0,26179.0,-21642.0,7017.0,94.0,130.0,122.0
1742672306.6432922,0.47,-0.04,-0.1,26498.0,-20797.0,-1124.0,-0.01,-0.01,-0.0,26594.0,-20762.0,-9314.0,31.0,62.0,49.0
1742672306.6513054,0.47,-0.04,-0.1,26912.0,-19918.0,-17456.0,-0.01,-0.01,-0.0,27008.0,-19884.0,-25646.0,20.0,0.0,0.0
1742672306.6638167,0.47,-0.04,-0.1,27325.0,-19041.0,31748.0,-0.01,-0.01,-0.0,27421.0,-19007.0,23557.0,78.0,63.0,39.0
1742672306.6763177,0.47,-0.04,-0.1,27737.0,-18165.0,15414.0,-0.01,-0.01,-0.0,27833.0,-18131.0,7223.0,0.0,0.0,0.0
1742672306.6843166,0.47,-0.04,-0.1,28148.0,-17289.0,-919.0,-0.01,-0.01,-0.0,28244.0,-17255.0,-9109.0,6.0,10.0,0.0
1742672306.6968193,0.47,-0.04,-0.1,28558.0,-16414.0,-17251.0,-0.01,-0.01,-0.0,28654.0,-16380.0,-25441.0,112.0,116.0,111.0
1742672306.7049553,0.47,-0.04,-0.1,28967.0,-15541.0,31953.0,-0.01,-0.01,-0.0,29063.0,-15507.0,23762.0,0.0,0.0,0.0
1742672306.7215776,0.47,-0.04,-0.1,29374.0,-14674.0,15618.0,-0.01,-0.01,-0.0,29470.0,-14640.0,7427.0,24.0,0.0,16.0
1742672306.733578,0.47,-0.04,-0.1,29780.0,-13811.0,-716.0,-0.01,-0.01,-0.0,29876.0,-13777.0,-8906.0,0.0,0.0,0.0
1742672306.7421033,0.47,-0.04,-0.1,30184.0,-12953.0,-17049.0,-0.01,-0.01,-0.0,30280.0,-12919.0,-25239.0,78.0,83.0,50.0
1742672306.7541108,0.47,-0.04,-0.1,30587.0,-12098.0,32152.0,-0.01,-0.01,-0.0,30683.0,-12065.0,23961.0,0.0,28.0,49.0
1742672306.7661247,0.47,-0.04,-0.1,30989.0,-11248.0,15815.0,-0.01,-0.01,-0.0,31085.0,-11215.0,7624.0,73.0,17.0,32.0
1742672306.7743123,0.47,-0.04,-0.1,31389.0,-10400.0,-521.0,-0.01,-0.01,-0.0,31486.0,-10367.0,-8711.0,0.0,0.0,0.0
1742672306.786812,0.47,-0.04,-0.1,31789.0,-9553.0,-16856.0,-0.01,-0.01,-0.0,31886.0,-9520.0,-25046.0,0.0,16.0,25.0
1742672306.7954073,0.47,-0.04,-0.1,32189.0,-8707.0,32345.0,-0.01,-0.01,-0.0,32286.0,-8674.0,24154.0,94.0,97.0,74.0
1742672306.8112972,0.47,-0.04,-0.1,32587.0,-7862.0,16008.0,-0.01,-0.01,-0.0,32684.0,-7829.0,7817.0,97.0,111.0,155.0
1742672306.8234391,0.47,-0.04,-0.1,-32552.0,-7019.0,-328.0,-0.01,-0.01,-0.0,-32454.0,-6986.0,-8518.0,29.0,7.0,0.0
1742672306.8319387,0.47,-0.04,-0.1,-32155.0,-6177.0,-16664.0,-0.01,-0.01,-0.0,-32057.0,-6144.0,-24854.0,0.0,0.0,0.0
1742672306.8439429,0.47,-0.04,-0.1,-31758.0,-5339.0,32536.0,-0.01,-0.01,-0.0,-31660.0,-5306.0,24345.0,82.0,127.0,89.0
1742672306.8524644,0.47,-0.04,-0.1,-31362.0,-4503.0,16198.0,-0.01,-0.01,-0.0,-31264.0,-4470.0,8007.0,21.0,0.0,7.0
1742672306.8644679,0.47,-0.04,-0.1,-30967.0,-3670.0,-140.0,-0.01,-0.01,-0.0,-30869.0,-3637.0,-8330.0,50.0,24.0,0.0
1742672306.8769681,0.47,-0.04,-0.1,-30574.0,-2841.0,-16477.0,-0.01,-0.01,-0.0,-30476.0,-2808.0,-24667.0,0.0,0.0,0.0
1742672306.8854682,0.47,-0.04,-0.1,-30182.0,-2015.0,32722.0,-0.01,-0.01,-0.0,-30084.0,-1982.0,24531.0,0.0,0.0,10.0
1742672306.897468,0.47,-0.04,-0.1,-29791.0,-1191.0,16382.0,-0.01,-0.01,-0.0,-29693.0,-1158.0,8191.0,72.0,91.0,69.0
1742672306.9134698,0.47,-0.04,-0.1,-29402.0,-371.0,42.0,-0.01,-0.01,-0.0,-29304.0,-338.0,-8148.0,95.0,103.0,118.0
1742672306.9219682,0.47,-0.04,-0.1,-29014.0,448.0,-16296.0,-0.01,-0.01,-0.0,-28916.0,480.0,-24486.0,0.0,0.0,0.0
1742672306.9344697,0.47,-0.04,-0.1,-28626.0,1265.0,-32634.0,-0.01,-0.01,-0.0,-28528.0,1297.0,24712.0,0.0,0.0,0.0
1742672306.9429746,0.47,-0.04,-0.1,-28239.0,2081.0,16563.0,-0.01,-0.01,-0.0,-28141.0,2113.0,8372.0,86.0,106.0,107.0
1742672306.9549906,0.47,-0.04,-0.1,-27853.0,2895.0,222.0,-0.01,-0.01,-0.0,-27755.0,2927.0,-7968.0,64.0,7.0,29.0
1742672306.9629815,0.47,-0.03,-0.1,-27469.0,3708.0,-16117.0,-0.01,-0.01,-0.0,-27371.0,3740.0,-24307.0,40.0,32.0,29.0
1742672306.9749808,0.47,-0.03,-0.1,-27085.0,4519.0,-32456.0,-0.01,-0.01,-0.0,-26987.0,4551.0,24890.0,21.0,41.0,37.0
1742672306.9869812,0.47,-0.03,-0.09,-26702.0,5326.0,16739.0,-0.01,-0.01,-0.0,-26604.0,5358.0,8548.0,19.0,10.0,8.0
1742672306.9999807,0.47,-0.03,-0.09,-26321.0,6128.0,397.0,-0.01,-0.01,-0.0,-26223.0,6160.0,-7793.0,0.0,0.0,0.0
1742672307.0124817,0.47,-0.03,-0.09,-25942.0,6927.0,-15943.0,-0.01,-0.01,-0.0,-25843.0,6959.0,-24133.0,111.0,106.0,119.0
1742672307.0244834,0.47,-0.03,-0.09,-25562.0,7725.0,-32283.0,-0.01,-0.01,-0.0,-25463.0,7756.0,25063.0,21.0,0.0,0.0
1742672307.0324814,0.47,-0.03,-0.09,-25183.0,8520.0,16912.0,-0.01,-0.01,-0.0,-25084.0,8551.0,8721.0,0.0,0.0,0.0
1742672307.0449853,0.47,-0.03,-0.09,-24804.0,9314.0,570.0,-0.01,-0.01,-0.0,-24705.0,9345.0,-7620.0,82.0,105.0,114.0
1742672307.0530462,0.47,-0.03,-0.09,-24426.0,10108.0,-15770.0,-0.01,-0.01,-0.0,-24327.0,10139.0,-23960.0,0.0,7.0,22.0
1742672307.0650456,0.47,-0.03,-0.09,-24048.0,10901.0,-32111.0,-0.01,-0.01,-0.0,-23949.0,10932.0,25235.0,0.0,6.0,0.0
1742672307.0775454,0.47,-0.03,-0.09,-23671.0,11692.0,17083.0,-0.01,-0.01,-0.0,-23572.0,11723.0,8892.0,15.0,25.0,36.0
1742672307.086057,0.47,-0.03,-0.09,-23295.0,12482.0,739.0,-0.01,-0.01,-0.0,-23196.0,12513.0,-7451.0,5.0,0.0,4.0
1742672307.102546,0.47,-0.03,-0.09,-22920.0,13268.0,-15603.0,-0.01,-0.01,-0.0,-22821.0,13299.0,-23793.0,0.0,0.0,0.0
1742672307.1105456,0.47,-0.03,-0.09,-22546.0,14052.0,-31945.0,-0.01,-0.01,-0.0,-22447.0,14083.0,25401.0,135.0,119.0,94.0
1742672307.122546,0.47,-0.03,-0.09,-22174.0,14833.0,17248.0,-0.01,-0.01,-0.0,-22075.0,14864.0,9057.0,0.0,1.0,0.0
1742672307.135046,0.47,-0.03,-0.09,-21802.0,15612.0,904.0,-0.01,-0.01,-0.0,-21703.0,15643.0,-7286.0,0.0,0.0,0.0
1742672307.1430726,0.47,-0.03,-0.09,-21431.0,16390.0,-15439.0,-0.01,-0.01,-0.0,-21332.0,16421.0,-23629.0,120.0,100.0,119.0
1742672307.1553946,0.47,-0.03,-0.09,-21061.0,17166.0,-31782.0,-0.01,-0.01,-0.0,-20962.0,17197.0,25564.0,5.0,4.0,21.0
1742672307.163895,0.47,-0.03,-0.09,-20691.0,17940.0,17410.0,-0.01,-0.01,-0.0,-20592.0,17971.0,9219.0,0.0,0.0,0.0
1742672307.175894,0.47,-0.03,-0.09,-20321.0,18714.0,1065.0,-0.01,-0.01,-0.0,-20222.0,18745.0,-7125.0,49.0,74.0,98.0
1742672307.192394,0.47,-0.03,-0.09,-19953.0,19486.0,-15278.0,-0.01,-0.01,-0.0,-19854.0,19517.0,-23468.0,0.0,6.0,0.0
1742672307.200895,0.47,-0.03,-0.09,-19585.0,20257.0,-31621.0,-0.01,-0.01,-0.0,-19486.0,20288.0,25725.0,0.0,0.0,0.0
1742672307.2129483,0.47,-0.03,-0.09,-19218.0,21027.0,17571.0,-0.01,-0.01,-0.0,-19119.0,21058.0,9380.0,115.0,107.0,95.0
1742672307.224947,0.47,-0.03,-0.09,-18851.0,21795.0,1226.0,-0.01,-0.01,-0.0,-18752.0,21826.0,-6964.0,0.0,0.0,0.0
1742672307.2334468,0.47,-0.03,-0.09,-18484.0,22560.0,-15118.0,-0.01,-0.01,-0.0,-18385.0,22591.0,-23308.0,0.0,0.0,0.0
1742672307.245449,0.47,-0.03,-0.09,-18117.0,23324.0,-31462.0,-0.01,-0.01,-0.0,-18018.0,23355.0,25884.0,143.0,106.0,168.0
1742672307.2574546,0.47,-0.03,-0.09,-17749.0,24086.0,17729.0,-0.01,-0.01,-0.0,-17650.0,24117.0,9538.0,27.0,11.0,20.0
1742672307.2705014,0.47,-0.03,-0.09,-17381.0,24843.0,1383.0,-0.01,-0.01,-0.0,-17282.0,24874.0,-6807.0,50.0,8.0,0.0
1742672307.2825084,0.47,-0.03,-0.09,-17013.0,25600.0,-14962.0,-0.01,-0.01,-0.0,-16914.0,25631.0,-23152.0,0.0,0.0,0.0
1742672307.29101,0.47,-0.03,-0.09,-16645.0,26356.0,-31307.0,-0.01,-0.01,-0.0,-16546.0,26387.0,26039.0,66.0,42.0,65.0
1742672307.3031101,0.47,-0.03,-0.09,-16277.0,27111.0,17883.0,-0.01,-0.01,-0.0,-16178.0,27142.0,9692.0,6.0,0.0,0.0
1742672307.31511,0.47,-0.03,-0.09,-15909.0,27866.0,1536.0,-0.01,-0.01,-0.0,-15810.0,27897.0,-6654.0,74.0,65.0,60.0
1742672307.3237836,0.47,-0.03,-0.09,-15540.0,28620.0,-14809.0,-0.01,-0.01,-0.0,-15441.0,28651.0,-22999.0,0.0,0.0,0.0
1742672307.3357844,0.47,-0.03,-0.09,-15172.0,29371.0,-31154.0,-0.01,-0.01,-0.0,-15073.0,29402.0,26192.0,0.0,0.0,3.0
1742672307.3477879,0.47,-0.03,-0.09,-14803.0,30120.0,18036.0,-0.01,-0.01,-0.0,-14704.0,30151.0,9845.0,135.0,97.0,108.0
1742672307.3603208,0.47,-0.03,-0.09,-14435.0,30866.0,1689.0,-0.01,-0.01,-0.0,-14336.0,30897.0,-6501.0,163.0,159.0,115.0
1742672307.3723364,0.47,-0.03,-0.09,-14067.0,31610.0,-14657.0,-0.01,-0.01,-0.0,-13968.0,31641.0,-22847.0,14.0,25.0,0.0
1742672307.3808217,0.47,-0.03,-0.09,-13700.0,32353.0,-31003.0,-0.01,-0.01,-0.0,-13601.0,32384.0,26343.0,0.0,0.0,0.0
1742672307.3928242,0.47,-0.03,-0.09,-13334.0,-32441.0,18186.0,-0.01,-0.01,-0.0,-13235.0,-32410.0,9995.0,87.0,93.0,117.0
1742672307.4053218,0.47,-0.03,-0.09,-12968.0,-31699.0,1838.0,-0.01,-0.01,-0.0,-12869.0,-31668.0,-6352.0,28.0,0.0,34.0
1742672307.4136755,0.47,-0.03,-0.09,-12603.0,-30959.0,-14508.0,-0.01,-0.01,-0.0,-12504.0,-30928.0,-22698.0,6.0,0.0,0.0
1742672307.425692,0.47,-0.03,-0.09,-12239.0,-30219.0,-30854.0,-0.01,-0.01,-0.0,-12140.0,-30188.0,26492.0,34.0,41.0,63.0
1742672307.441719,0.47,-0.03,-0.09,-11876.0,-29480.0,18335.0,-0.01,-0.01,-0.0,-11777.0,-29449.0,10144.0,0.0,0.0,0.0
1742672307.4505408,0.47,-0.03,-0.09,-11514.0,-28742.0,1987.0,-0.01,-0.01,-0.0,-11415.0,-28711.0,-6203.0,0.0,0.0,0.0
1742672307.462546,0.47,-0.03,-0.09,-11152.0,-28005.0,-14359.0,-0.01,-0.01,-0.0,-11053.0,-27974.0,-22549.0,79.0,138.0,110.0
1742672307.4750464,0.47,-0.03,-0.09,-10791.0,-27270.0,-30705.0,-0.01,-0.01,-0.0,-10692.0,-27239.0,26641.0,0.0,0.0,0.0
1742672307.483047,0.47,-0.03,-0.09,-10431.0,-26536.0,18484.0,-0.01,-0.01,-0.0,-10332.0,-26505.0,10293.0,0.0,0.0,0.0
1742672307.495547,0.47,-0.03,-0.09,-10071.0,-25804.0,2135.0,-0.01,-0.01,-0.0,-9972.0,-25773.0,-6055.0,100.0,100.0,126.0
1742672307.5040472,0.47,-0.03,-0.09,-9712.0,-25073.0,-14212.0,-0.01,-0.01,-0.0,-9613.0,-25042.0,-22402.0,9.0,5.0,18.0
1742672307.5200138,0.47,-0.03,-0.09,-9355.0,-24345.0,-30560.0,-0.01,-0.01,-0.0,-9255.0,-24314.0,26786.0,39.0,30.0,17.0
1742672307.5320284,0.47,-0.03,-0.09,-8996.0,-23618.0,18627.0,-0.01,-0.01,-0.0,-8896.0,-23587.0,10436.0,43.0,10.0,0.0
1742672307.541017,0.47,-0.03,-0.09,-8638.0,-22891.0,2277.0,-0.01,-0.01,-0.0,-8538.0,-22860.0,-5913.0,0.0,1.0,49.0
1742672307.553521,0.47,-0.03,-0.08,-8280.0,-22165.0,-14071.0,-0.01,-0.01,-0.0,-8180.0,-22134.0,-22261.0,0.0,6.0,23.0
1742672307.5650253,0.47,-0.03,-0.08,-7923.0,-21440.0,-30419.0,-0.01,-0.01,-0.0,-7823.0,-21409.0,26927.0,130.0,89.0,85.0
1742672307.5735252,0.47,-0.03,-0.08,-7567.0,-20716.0,18768.0,-0.01,-0.01,-0.0,-7467.0,-20685.0,10577.0,0.0,0.0,0.0
1742672307.5855255,0.47,-0.03,-0.08,-7210.0,-19993.0,2418.0,-0.01,-0.01,-0.0,-7110.0,-19962.0,-5772.0,0.0,0.0,0.0
1742672307.5940387,0.47,-0.03,-0.08,-6854.0,-19271.0,-13930.0,-0.01,-0.01,-0.0,-6754.0,-19240.0,-22120.0,78.0,116.0,117.0
1742672307.6100376,0.47,-0.03,-0.08,-6500.0,-18552.0,-30278.0,-0.01,-0.01,-0.0,-6400.0,-18521.0,27068.0,93.0,121.0,101.0
1742672307.6223993,0.47,-0.03,-0.08,-6146.0,-17834.0,18909.0,-0.01,-0.01,-0.0,-6046.0,-17803.0,10718.0,29.0,13.0,28.0
1742672307.630595,0.47,-0.03,-0.08,-5793.0,-17117.0,2559.0,-0.01,-0.01,-0.0,-5693.0,-17086.0,-5631.0,0.0,0.0,0.0
1742672307.642621,0.47,-0.03,-0.08,-5440.0,-16400.0,-13790.0,-0.01,-0.01,-0.0,-5340.0,-16369.0,-21980.0,2.0,42.0,33.0
1742672307.6516237,0.47,-0.03,-0.08,-5088.0,-15684.0,-30139.0,-0.01,-0.01,-0.0,-4988.0,-15653.0,27207.0,11.0,0.0,0.0
1742672307.6631608,0.47,-0.03,-0.08,-4736.0,-14969.0,19047.0,-0.01,-0.01,-0.0,-4636.0,-14938.0,10856.0,106.0,80.0,71.0
